360.1506696	64.5844647
360.3220786	121.1462117
360.4934893	80.7602929
360.6649015	70.48967184
360.8363152	56.24491511
361.0077306	4.802831579
361.1791475	87.19911708
361.3505661	57.39067377
361.5219862	34.59177562
361.6934079	109.068542
361.8648311	101.8836369
362.036256	63.19990909
362.2076824	3.296235718
362.3791104	44.24122689
362.55054	86.31299964
362.7219712	37.21642237
362.893404	34.87297524
363.0648383	52.30354105
363.2362743	10.39375035
363.4077118	174.0156493
363.5791509	11.87880675
363.7505915	36.26084115
363.9220338	76.71271578
364.0934776	55.39708886
364.2649231	99.47352907
364.4363701	61.46181402
364.6078187	109.7201527
364.7792688	102.1177947
364.9507206	37.82121023
365.1221739	18.0291681
365.2936288	25.98911385
365.4650853	18.08577941
365.6365434	53.87571902
365.8080031	57.1108234
365.9794643	52.26296207
366.1509272	66.76768731
366.3223916	60.03689304
366.4938576	116.154059
366.6653252	71.83251388
366.8367943	77.57197055
367.0082651	47.50734851
367.1797374	58.13311637
367.3512113	35.19641024
367.5226868	60.61414308
367.6941638	65.78943328
367.8656425	63.65404099
368.0371227	17.34115512
368.2086046	68.7530859
368.380088	150.7293561
368.5515729	12.79467787
368.7230595	13.40973762
368.8945477	68.47982844
369.0660374	341.8342477
369.2375287	60.0301437
369.4090216	150.3604556
369.5805161	43.82061625
369.7520121	0
369.9235098	40.95573682
370.095009	126.693491
370.2665098	88.17126142
370.4380122	76.17519263
370.6095162	157.2741123
370.7810217	97.64589009
370.9525288	33.26006721
371.1240376	64.63494861
371.2955479	63.59795453
371.4670597	52.62972992
371.6385732	63.56715779
371.8100883	108.9367408
371.9816049	51.21648151
372.1531231	0
372.3246429	141.278558
372.4961643	35.25089205
372.6676872	41.45805474
372.8392118	44.27208842
373.0107379	113.5300517
373.1822656	62.26545746
373.3537949	18.12713502
373.5253257	0
373.6968582	39.17977973
373.8683922	85.90766758
374.0399279	106.4670665
374.2114651	1.181440217
374.3830038	132.4762286
374.5545442	114.7379992
374.7260861	82.47038434
374.8976297	67.15122834
375.0691748	44.05494804
375.2407215	28.04462276
375.4122698	64.63488969
375.5838196	60.08677196
375.7553711	77.56706904
375.9269241	132.5892725
376.0984787	133.885032
376.2700349	45.02570005
376.4415926	62.76627368
376.613152	65.97909729
376.7847129	95.21545827
376.9562754	80.40937324
377.1278395	118.6922501
377.2994052	86.95113456
377.4709725	108.339425
377.6425413	92.10598924
377.8141118	57.9651939
377.9856838	61.33102768
378.1572574	61.72203706
378.3288325	121.5560953
378.5004093	108.6279121
378.6719876	144.7582363
378.8435676	26.85305961
379.0151491	107.421553
379.1867322	0
379.3583168	119.1355316
379.5299031	124.8988412
379.7014909	42.06326241
379.8730803	172.2548175
380.0446713	79.01920588
380.2162639	123.630913
380.3878581	63.29109009
380.5594538	43.33876504
380.7310511	108.4895213
380.9026501	56.2087725
381.0742506	99.33476382
381.2458526	48.93511083
381.4174563	144.4256339
381.5890615	260.4721077
381.7606683	125.3442311
381.9322768	28.79586896
382.1038867	91.68299134
382.2754983	148.1219614
382.4471115	102.3067625
382.6187262	136.925001
382.7903425	72.56263268
382.9619604	0
383.1335799	97.88005404
383.305201	119.6024324
383.4768236	138.5201338
383.6484478	89.50075942
383.8200736	68.25497434
383.991701	31.54230941
384.16333	100.1939634
384.3349606	119.7673523
384.5065927	85.35959779
384.6782264	109.5189917
384.8498617	143.8709912
385.0214986	138.3423165
385.1931371	62.82869585
385.3647771	106.6633419
385.5364188	31.68642005
385.708062	166.2049485
385.8797068	75.56372011
386.0513532	76.24233545
386.2230011	29.24884997
386.3946507	129.8109607
386.5663018	79.35572672
386.7379545	88.42809234
386.9096088	32.59873395
387.0812647	136.0315111
387.2529221	68.9471793
387.4245812	224.0273013
387.5962418	111.5074957
387.767904	42.33230717
387.9395678	136.0335212
388.1112332	78.08079578
388.2829001	18.58003196
388.4545686	67.3480246
388.6262388	110.9306337
388.7979105	122.9239799
388.9695837	32.462168
389.1412586	3.390723748
389.312935	82.37257697
389.4846131	134.3459038
389.6562927	79.63860074
389.8279739	103.0119012
389.9996566	42.1624878
390.171341	84.7323268
390.3430269	48.66952809
390.5147145	78.79182391
390.6864036	111.648685
390.8580942	39.44428424
391.0297865	51.4014204
391.2014804	150.8762515
391.3731758	0
391.5448728	71.58382817
391.7165714	55.08792819
391.8882716	158.6713394
392.0599734	0
392.2316767	69.15759227
392.4033816	82.82115598
392.5750881	89.8708084
392.7467962	103.039488
392.9185059	127.2020534
393.0902172	94.75601197
393.26193	56.27291234
393.4336444	61.91912458
393.6053604	99.46731167
393.777078	141.1920243
393.9487972	104.4383672
394.1205179	102.4250458
394.2922403	49.79114907
394.4639642	59.33399049
394.6356897	124.5551096
394.8074167	51.04246015
394.9791454	35.41710118
395.1508757	40.05421742
395.3226075	174.4758964
395.4943409	0
395.6660759	48.14656078
395.8378125	67.43298641
396.0095506	80.32513072
396.1812903	68.81252491
396.3530317	98.38664481
396.5247746	60.64634516
396.6965191	144.9549035
396.8682651	99.57769527
397.0400128	88.27526622
397.211762	74.23784974
397.3835128	84.22707165
397.5552652	6.51082336
397.7270192	45.89787269
397.8987748	95.03609319
398.0705319	82.09071675
398.2422906	185.9385382
398.4140509	50.70597776
398.5858128	101.1382526
398.7575763	11.39342373
398.9293414	105.3092581
399.101108	57.45624753
399.2728762	74.25936875
399.444646	85.64529205
399.6164174	90.33457748
399.7881904	96.72579935
399.9599649	51.57047737
400.1317411	25.85190942
400.3035188	100.0487188
400.4752981	81.92866518
400.6470789	78.88661246
400.8188614	99.11987527
400.9906454	98.30363296
401.1624311	79.35428271
401.3342183	83.06129451
401.5060071	138.262064
401.6777974	61.43589833
401.8495894	82.44925044
402.0213829	3.933519174
402.1931781	92.42192952
402.3649748	53.76084995
402.536773	84.52296596
402.7085729	41.099618
402.8803744	109.8950509
403.0521774	33.68774561
403.223982	176.5630198
403.3957882	106.0021625
403.567596	56.52213549
403.7394053	82.42461037
403.9112163	66.82777
404.0830288	106.7450128
404.2548429	62.83007319
404.4266586	11.01373261
404.5984759	109.8630337
404.7702947	86.32336409
404.9421152	112.517108
405.1139372	86.12397598
405.2857608	109.5560752
405.457586	71.97887699
405.6294127	39.71591762
405.8012411	20.04522786
405.973071	39.45037139
406.1449025	102.1570303
406.3167356	128.477974
406.4885703	50.68837144
406.6604066	63.14032187
406.8322444	81.93675907
407.0040838	165.0355537
407.1759249	109.0760403
407.3477674	8.07516595
407.5196116	20.04963622
407.6914574	84.8485889
407.8633047	95.00882817
408.0351536	68.70820312
408.2070041	80.38357531
408.3788562	59.60193795
408.5507099	69.4059923
408.7225651	115.5366356
408.894422	96.26972589
409.0662804	79.64666318
409.2381404	83.18207068
409.4100019	137.5140377
409.5818651	26.78488158
409.7537298	93.98865986
409.9255962	141.1205123
410.0974641	85.73626141
410.2693336	86.59629331
410.4412046	85.35072609
410.6130773	79.86537572
410.7849515	112.2575093
410.9568274	70.59657561
411.1287048	147.1986828
411.3005837	67.90445885
411.4724643	85.36138921
411.6443464	61.03822707
411.8162302	112.6609101
411.9881155	98.00442149
412.1600024	32.73234768
412.3318909	22.32277744
412.5037809	120.8321269
412.6756726	93.58898434
412.8475658	103.5995499
413.0194606	14.77117476
413.191357	138.7596588
413.363255	104.5493528
413.5351545	115.1149473
413.7070557	132.502501
413.8789584	118.5817928
414.0508627	113.9025798
414.2227686	71.43505365
414.394676	109.5224552
414.5665851	78.13133871
414.7384957	91.62629138
414.9104079	49.90800956
415.0823217	68.95153553
415.2542371	81.96475894
415.426154	149.4488258
415.5980726	104.4931594
415.7699927	98.64310176
415.9419144	83.28846945
416.1138377	100.1026734
416.2857626	119.7420217
416.457689	131.1603523
416.6296171	131.2396576
416.8015467	123.7550539
416.9734779	92.75995196
417.1454107	76.16912588
417.317345	116.3185846
417.489281	143.5122809
417.6612185	122.8186857
417.8331576	155.6346637
418.0050983	82.20215142
418.1770406	107.2135147
418.3489845	140.9896353
418.5209299	157.3713926
418.6928769	98.04899588
418.8648255	127.1868798
419.0367757	129.8299929
419.2087275	150.0478436
419.3806808	164.1790395
419.5526358	133.7364907
419.7245923	155.6255242
419.8965504	114.1360566
420.0685101	110.6512854
420.2404713	135.8055943
420.4124342	160.5737796
420.5843986	126.6013249
420.7563646	138.6640286
420.9283322	183.4381185
421.1003014	188.8143614
421.2722722	139.1148748
421.4442445	155.0758738
421.6162184	140.3971734
421.7881939	98.92089599
421.960171	193.4165681
422.1321497	193.1349698
422.3041299	136.1180777
422.4761118	187.5554989
422.6480952	185.9450994
422.8200802	200.4565362
422.9920668	173.7756527
423.1640549	168.8343407
423.3360447	199.3161257
423.508036	214.7014341
423.6800289	219.3636641
423.8520234	212.0138221
424.0240195	165.0420236
424.1960172	201.9896675
424.3680164	248.8245154
424.5400172	255.016763
424.7120196	247.8325867
424.8840236	234.309878
425.0560292	231.8031628
425.2280363	203.8932705
425.4000451	295.5786896
425.5720554	233.1730283
425.7440673	230.6758725
425.9160808	210.0678486
426.0880958	254.3539065
426.2601125	297.1571371
426.4321307	267.3918467
426.6041505	218.3956117
426.7761719	293.7616403
426.9481949	265.5649386
427.1202194	245.5147119
427.2922456	265.7384631
427.4642733	239.7215755
427.6363026	267.8675323
427.8083335	328.2042728
427.980366	327.7458491
428.1524	299.7768888
428.3244357	329.4980653
428.4964729	286.7737765
428.6685117	362.6096733
428.8405521	330.2691976
429.012594	350.0434649
429.1846376	328.2230366
429.3566827	322.2176725
429.5287294	341.4569453
429.7007777	337.675984
429.8728276	356.0608291
430.044879	362.0652244
430.2169321	364.5074279
430.3889867	370.6931046
430.5610429	417.7851815
430.7331007	420.5392279
430.9051601	369.8379174
431.077221	382.8549822
431.2492835	397.6558178
431.4213477	419.0231101
431.5934134	442.6064197
431.7654806	457.3528643
431.9375495	402.1838507
432.10962	448.098697
432.281692	447.8711921
432.4537656	494.5531639
432.6258408	458.2184575
432.7979176	490.8233009
432.9699959	524.1742203
433.1420759	490.2299539
433.3141574	451.1899527
433.4862405	508.2008799
433.6583252	554.7026773
433.8304114	536.8399857
434.0024993	551.3449256
434.1745887	571.0198192
434.3466797	601.1815655
434.5187723	562.313803
434.6908665	592.104054
434.8629623	624.8023664
435.0350596	584.1782148
435.2071586	631.6377554
435.3792591	669.7270534
435.5513612	652.7771056
435.7234648	580.0703533
435.8955701	714.0715221
436.0676769	653.7761377
436.2397854	645.7353869
436.4118954	647.8815112
436.5840069	751.8073472
436.7561201	662.4628787
436.9282349	813.0891872
437.1003512	746.0571144
437.2724691	723.7979717
437.4445886	724.0523517
437.6167097	747.8316969
437.7888324	755.2283988
437.9609566	772.6972606
438.1330824	784.2885034
438.3052098	848.3355263
438.4773388	846.7536022
438.6494694	846.6124992
438.8216016	940.7142035
438.9937353	903.1989259
439.1658706	901.5151036
439.3380075	859.2300061
439.510146	921.7588122
439.6822861	948.5908886
439.8544277	917.3216236
440.026571	991.2258541
440.1987158	1017.68253
440.3708622	1042.596831
440.5430102	1037.956784
440.7151597	1019.482069
440.8873109	1034.181623
441.0594636	1030.877289
441.2316179	1067.421937
441.4037738	1087.844755
441.5759313	1140.361544
441.7480903	1168.96801
441.920251	1143.4374
442.0924132	1210.048375
442.264577	1192.643675
442.4367424	1156.992244
442.6089093	1209.994481
442.7810779	1271.556174
442.953248	1214.571208
443.1254197	1292.435744
443.297593	1372.712561
443.4697679	1424.051907
443.6419444	1333.673482
443.8141224	1457.896848
443.9863021	1448.44158
444.1584833	1515.377313
444.3306661	1561.849657
444.5028504	1550.258598
444.6750364	1589.340965
444.8472239	1633.815926
445.019413	1647.53683
445.1916038	1617.558459
445.363796	1616.304442
445.5359899	1714.247462
445.7081854	1772.761101
445.8803824	1817.376355
446.052581	1915.904581
446.2247812	1865.602002
446.396983	1915.656124
446.5691863	1987.533207
446.7413913	2104.312309
446.9135978	1977.146675
447.0858059	2168.79074
447.2580156	2066.315122
447.4302269	2111.696215
447.6024397	2202.518759
447.7746542	2328.549199
447.9468702	2369.521888
448.1190878	2285.505265
448.291307	2487.625044
448.4635278	2436.64229
448.6357501	2550.581766
448.807974	2676.096554
448.9801996	2608.178559
449.1524266	2744.760491
449.3246553	2712.226894
449.4968856	2852.700305
449.6691174	2846.611332
449.8413509	2928.283545
450.0135859	2870.575882
450.1858225	3084.876387
450.3580606	3003.624363
450.5303004	3000.842684
450.7025417	3183.46774
450.8747846	3291.713644
451.0470291	3230.522709
451.2192752	3263.455404
451.3915229	3326.081833
451.5637722	3350.16205
451.736023	3240.441111
451.9082754	3405.273298
452.0805294	3434.963255
452.252785	3552.984818
452.4250421	3651.632956
452.5973009	3750.442797
452.7695612	3600.487977
452.9418231	3586.374097
453.1140866	3682.055579
453.2863517	3830.535636
453.4586183	3695.749532
453.6308866	3867.822877
453.8031564	3896.258037
453.9754278	3877.456184
454.1477008	3855.299155
454.3199753	3975.134508
454.4922515	3880.143092
454.6645292	4119.548893
454.8368085	3976.843292
455.0090894	4078.937195
455.1813719	4035.471633
455.353656	3829.864661
455.5259416	3901.361858
455.6982288	4054.90568
455.8705176	4138.691312
456.042808	3979.349778
456.2151	4095.116801
456.3873936	3868.884485
456.5596887	3883.929916
456.7319854	3944.074532
456.9042837	3910.595209
457.0765836	3874.482617
457.2488851	3866.004949
457.4211881	3822.756056
457.5934928	3810.589028
457.765799	3609.339776
457.9381068	3705.406664
458.1104161	3691.979582
458.2827271	3601.700641
458.4550396	3522.433431
458.6273538	3680.509485
458.7996695	3568.5307
458.9719868	3453.860824
459.1443056	3449.715241
459.3166261	3418.912454
459.4889481	3557.571512
459.6612718	3322.999745
459.833597	3438.002726
460.0059237	3287.926451
460.1782521	3338.550066
460.3505821	3213.186349
460.5229136	3316.787451
460.6952467	3064.008635
460.8675814	3081.273155
461.0399177	3083.796453
461.2122555	3002.376134
461.384595	2901.538701
461.556936	2997.291139
461.7292786	2986.420811
461.9016228	2856.128894
462.0739686	2869.010259
462.2463159	2805.808208
462.4186649	2809.499138
462.5910154	2794.523201
462.7633675	2711.648339
462.9357212	2764.323023
463.1080764	2787.310717
463.2804333	2550.609139
463.4527917	2588.820785
463.6251517	2537.110311
463.7975133	2524.535362
463.9698765	2489.938119
464.1422413	2503.563688
464.3146076	2465.662345
464.4869755	2470.274029
464.659345	2492.859606
464.8317161	2433.618292
465.0040888	2376.130188
465.176463	2435.594856
465.3488389	2326.641299
465.5212163	2414.340337
465.6935953	2345.769436
465.8659759	2327.890494
466.038358	2326.317398
466.2107418	2298.461356
466.3831271	2279.863408
466.555514	2225.355183
466.7279025	2332.177274
466.9002926	2214.68644
467.0726843	2301.289247
467.2450775	2244.64787
467.4174723	2274.783893
467.5898687	2259.531096
467.7622667	2248.494129
467.9346663	2215.588592
468.1070675	2233.501352
468.2794702	2220.170712
468.4518745	2130.800906
468.6242804	2209.174075
468.7966879	2185.76755
468.969097	2205.985709
469.1415076	2147.216941
469.3139198	2151.085344
469.4863336	2132.124019
469.658749	2177.520242
469.831166	2206.363751
470.0035846	2132.232723
470.1760047	2028.502819
470.3484264	2177.270553
470.5208497	2088.570819
470.6932746	2034.203536
470.8657011	2069.012833
471.0381292	2131.86355
471.2105588	2026.220501
471.38299	2034.412966
471.5554228	2010.080887
471.7278572	1970.433664
471.9002932	2032.919558
472.0727307	2016.882769
472.2451698	1989.245325
472.4176106	1934.750446
472.5900528	1934.564615
472.7624967	1924.188156
472.9349422	1961.820476
473.1073892	1877.934679
473.2798378	1873.108541
473.4522881	1876.009952
473.6247398	1858.760195
473.7971932	1810.261821
473.9696482	1764.765192
474.1421047	1816.554365
474.3145628	1782.826711
474.4870225	1719.965531
474.6594838	1764.838242
474.8319467	1760.660589
475.0044111	1772.838007
475.1768771	1760.588743
475.3493448	1728.244135
475.5218139	1711.610632
475.6942847	1685.998945
475.8667571	1713.171816
476.039231	1653.700956
476.2117065	1620.117154
476.3841836	1574.342499
476.5566623	1613.210469
476.7291426	1620.429254
476.9016245	1575.729938
477.0741079	1573.527892
477.2465929	1536.508599
477.4190795	1540.987994
477.5915677	1517.889025
477.7640575	1553.988064
477.9365488	1556.156337
478.1090417	1491.368383
478.2815362	1487.42833
478.4540323	1484.542354
478.62653	1475.421962
478.7990293	1454.587634
478.9715301	1486.492506
479.1440325	1451.002662
479.3165365	1449.137111
479.4890421	1444.164292
479.6615493	1417.299993
479.834058	1388.432664
480.0065684	1411.01736
480.1790803	1434.052084
480.3515938	1401.103087
480.5241089	1376.3093
480.6966255	1381.565645
480.8691438	1382.668295
481.0416636	1353.537914
481.214185	1368.131168
481.386708	1393.274862
481.5592326	1352.270949
481.7317588	1372.654509
481.9042865	1363.168613
482.0768158	1371.402481
482.2493467	1344.511803
482.4218792	1349.762132
482.5944133	1353.295776
482.7669489	1344.205795
482.9394862	1301.836442
483.112025	1328.527092
483.2845654	1331.682352
483.4571074	1315.195592
483.6296509	1325.737289
483.8021961	1332.918843
483.9747428	1319.863346
484.1472911	1344.98306
484.319841	1341.379077
484.4923925	1348.383865
484.6649455	1350.003265
484.8375002	1364.305492
485.0100564	1320.842322
485.1826142	1351.081958
485.3551736	1311.882306
485.5277346	1320.08941
485.7002971	1316.749977
485.8728612	1346.933643
486.045427	1353.143841
486.2179943	1313.792573
486.3905631	1305.096199
486.5631336	1363.518943
486.7357057	1350.807808
486.9082793	1390.816906
487.0808545	1285.870262
487.2534313	1390.138385
487.4260097	1329.083963
487.5985896	1364.379505
487.7711712	1360.115863
487.9437543	1354.729002
488.116339	1344.862436
488.2889253	1379.277038
488.4615131	1331.13566
488.6341026	1327.493044
488.8066936	1366.373645
488.9792862	1325.128156
489.1518804	1366.535904
489.3244762	1332.194206
489.4970736	1325.858892
489.6696725	1352.893196
489.8422731	1385.412646
490.0148752	1326.094345
490.1874789	1340.039235
490.3600841	1348.648587
490.532691	1344.978652
490.7052994	1363.519703
490.8779094	1358.511743
491.050521	1337.933636
491.2231342	1364.552302
491.395749	1370.631958
491.5683654	1345.935726
491.7409833	1379.579848
491.9136028	1382.492389
492.0862239	1312.375044
492.2588466	1325.721562
492.4314708	1332.044392
492.6040967	1417.758336
492.7767241	1376.825074
492.9493531	1376.639028
493.1219837	1385.961401
493.2946159	1336.409497
493.4672496	1335.960755
493.639885	1362.394958
493.8125219	1337.990326
493.9851604	1338.703257
494.1578005	1349.353567
494.3304422	1401.826256
494.5030854	1371.019683
494.6757302	1342.844559
494.8483767	1373.517269
495.0210247	1378.479821
495.1936742	1372.491863
495.3663254	1344.6694
495.5389781	1359.274087
495.7116325	1356.225332
495.8842884	1405.017521
496.0569459	1357.78608
496.229605	1391.865163
496.4022656	1370.736783
496.5749278	1377.108482
496.7475917	1392.957148
496.9202571	1344.916836
497.0929241	1340.141528
497.2655926	1375.226939
497.4382628	1353.694208
497.6109345	1380.117367
497.7836078	1378.721509
497.9562827	1388.574992
498.1289592	1374.519894
498.3016373	1369.163777
498.4743169	1369.995137
498.6469981	1365.261923
498.8196809	1376.449169
498.9923653	1397.377245
499.1650513	1364.795239
499.3377389	1328.853849
499.510428	1376.990809
499.6831187	1397.795956
499.855811	1411.569525
500.0285049	1401.789058
500.2012004	1367.137513
500.3738974	1361.031344
500.5465961	1385.706882
500.7192963	1420.256149
500.8919981	1405.870469
501.0647014	1424.684709
501.2374064	1410.129014
501.410113	1410.416086
501.5828211	1408.121808
501.7555308	1427.831253
501.9282421	1390.399493
502.100955	1397.194478
502.2736694	1405.237603
502.4463854	1445.134375
502.6191031	1431.882396
502.7918223	1435.782543
502.9645431	1407.405464
503.1372654	1439.793439
503.3099894	1401.490692
503.4827149	1425.006585
503.655442	1405.13476
503.8281707	1417.722226
504.000901	1430.003274
504.1736329	1417.666686
504.3463663	1437.445565
504.5191013	1432.540259
504.6918379	1443.888308
504.8645761	1429.409153
505.0373159	1412.548262
505.2100572	1414.327355
505.3828002	1431.687646
505.5555447	1431.654096
505.7282908	1445.294921
505.9010385	1428.814772
506.0737878	1411.522246
506.2465386	1451.337082
506.419291	1423.01869
506.5920451	1409.995075
506.7648006	1413.583913
506.9375578	1447.123216
507.1103166	1440.171939
507.2830769	1421.046164
507.4558389	1417.203378
507.6286024	1426.320149
507.8013675	1443.604188
507.9741341	1424.88201
508.1469024	1436.769503
508.3196722	1434.006335
508.4924436	1443.388347
508.6652166	1456.648257
508.8379912	1415.208378
509.0107674	1415.910172
509.1835451	1479.931545
509.3563245	1411.122529
509.5291054	1426.94479
509.7018879	1469.118111
509.874672	1433.553221
510.0474576	1421.877929
510.2202449	1455.314587
510.3930337	1437.43927
510.5658241	1444.791936
510.7386161	1416.71713
510.9114097	1442.36855
511.0842048	1455.275115
511.2570015	1437.989329
511.4297999	1446.81448
511.6025998	1427.865248
511.7754013	1425.075739
511.9482043	1433.81354
512.121009	1430.061623
512.2938152	1440.324944
512.466623	1454.959487
512.6394324	1477.387663
512.8122434	1417.201182
512.9850559	1431.970737
513.1578701	1449.652259
513.3306858	1430.356632
513.5035031	1427.608721
513.676322	1409.155217
513.8491425	1466.070788
514.0219645	1445.031078
514.1947882	1418.171577
514.3676134	1438.683983
514.5404402	1429.933362
514.7132686	1420.480934
514.8860985	1444.601356
515.0589301	1444.588824
515.2317632	1453.790551
515.4045979	1449.175537
515.5774342	1452.175406
515.7502721	1423.537829
515.9231116	1416.57335
516.0959526	1446.665696
516.2687952	1423.390033
516.4416394	1402.388632
516.6144852	1415.025536
516.7873326	1436.169389
516.9601816	1438.83571
517.1330321	1421.382119
517.3058842	1436.821087
517.4787379	1438.102907
517.6515932	1445.957221
517.8244501	1428.650339
517.9973085	1451.343459
518.1701685	1409.888824
518.3430302	1417.718874
518.5158933	1446.000926
518.6887581	1463.574043
518.8616245	1426.511484
519.0344924	1436.834045
519.2073619	1432.561556
519.3802331	1459.438235
519.5531057	1429.898241
519.72598	1421.543112
519.8988559	1428.157726
520.0717333	1444.689653
520.2446123	1419.563781
520.4174929	1438.475749
520.5903751	1457.637564
520.7632589	1458.792703
520.9361442	1433.491103
521.1090311	1420.847552
521.2819197	1412.338895
521.4548098	1433.748782
521.6277014	1429.03765
521.8005947	1421.134587
521.9734895	1424.243389
522.146386	1447.167781
522.319284	1434.075364
522.4921836	1431.44752
522.6650847	1447.824518
522.8379875	1403.136854
523.0108918	1422.349738
523.1837977	1426.194619
523.3567052	1380.242612
523.5296143	1435.15871
523.702525	1443.735709
523.8754372	1407.240663
524.0483511	1415.793415
524.2212665	1409.011914
524.3941835	1408.194837
524.567102	1415.063697
524.7400222	1387.005074
524.9129439	1432.454549
525.0858673	1433.859897
525.2587922	1400.852157
525.4317187	1420.595839
525.6046467	1433.862935
525.7775764	1422.054074
525.9505076	1411.303927
526.1234404	1428.272814
526.2963748	1425.203146
526.4693108	1401.998819
526.6422484	1409.881473
526.8151875	1409.980527
526.9881283	1426.811509
527.1610706	1407.349478
527.3340145	1423.360653
527.5069599	1418.603598
527.679907	1420.070392
527.8528556	1422.327441
528.0258059	1416.146438
528.1987577	1416.891152
528.371711	1433.943387
528.544666	1403.983426
528.7176226	1421.883184
528.8905807	1409.865073
529.0635404	1419.94462
529.2365017	1441.38886
529.4094646	1411.586171
529.5824291	1410.004723
529.7553951	1434.015892
529.9283627	1416.332329
530.101332	1413.413384
530.2743027	1419.856003
530.4472751	1416.785226
530.6202491	1430.626255
530.7932246	1430.348043
530.9662017	1404.673522
531.1391805	1414.131927
531.3121607	1416.051299
531.4851426	1432.711917
531.6581261	1423.724468
531.8311111	1423.716628
532.0040977	1418.441748
532.1770859	1416.228136
532.3500757	1410.067852
532.5230671	1426.149119
532.69606	1432.498968
532.8690545	1411.503807
533.0420506	1424.632252
533.2150483	1435.09315
533.3880476	1423.081361
533.5610485	1449.163247
533.7340509	1419.001732
533.9070549	1419.561144
534.0800605	1433.427982
534.2530677	1404.984846
534.4260765	1429.775534
534.5990868	1419.352446
534.7720988	1429.574819
534.9451123	1435.050783
535.1181274	1443.68904
535.2911441	1418.924689
535.4641623	1414.243863
535.6371822	1447.63209
535.8102036	1450.194737
535.9832266	1408.765189
536.1562512	1437.710586
536.3292774	1431.641563
536.5023052	1434.817163
536.6753345	1459.360601
536.8483654	1441.683783
537.0213979	1439.865138
537.194432	1420.230928
537.3674677	1421.925863
537.5405049	1444.922559
537.7135438	1431.87201
537.8865842	1429.111855
538.0596262	1427.23545
538.2326698	1421.623252
538.4057149	1439.803099
538.5787617	1434.955285
538.75181	1446.736734
538.9248599	1448.924797
539.0979114	1437.713382
539.2709645	1435.172532
539.4440191	1419.718147
539.6170754	1440.302213
539.7901332	1437.021264
539.9631926	1417.585775
540.1362536	1437.149698
540.3093161	1418.058967
540.4823803	1438.755414
540.655446	1432.043043
540.8285133	1452.894415
541.0015822	1452.679353
541.1746527	1411.007627
541.3477248	1442.956182
541.5207984	1446.362831
541.6938737	1458.433402
541.8669505	1436.570961
542.0400289	1421.576112
542.2131088	1469.657647
542.3861904	1461.199947
542.5592735	1421.615108
542.7323583	1444.600526
542.9054446	1426.14793
543.0785324	1460.768359
543.2516219	1461.285046
543.424713	1438.342844
543.5978056	1434.106597
543.7708998	1435.381272
543.9439956	1448.311198
544.117093	1450.183263
544.290192	1435.270736
544.4632925	1459.902405
544.6363946	1426.457149
544.8094983	1432.010962
544.9826036	1433.572913
545.1557105	1440.391132
545.328819	1430.362593
545.501929	1447.183255
545.6750406	1419.597803
545.8481538	1458.106227
546.0212686	1450.816807
546.194385	1440.544839
546.3675029	1454.109978
546.5406225	1468.801747
546.7137436	1453.517123
546.8868663	1440.515583
547.0599906	1450.532903
547.2331164	1457.807296
547.4062439	1457.255074
547.5793729	1454.107983
547.7525035	1446.633569
547.9256357	1446.282812
548.0987695	1448.895898
548.2719048	1430.856766
548.4450418	1463.289346
548.6181803	1435.715704
548.7913204	1445.885224
548.9644621	1444.568292
549.1376053	1445.020474
549.3107502	1449.489371
549.4838966	1442.03236
549.6570446	1455.651869
549.8301942	1455.482874
550.0033454	1439.573499
550.1764982	1437.167473
550.3496525	1433.756392
550.5228084	1450.975008
550.6959659	1450.469495
550.869125	1424.775707
551.0422857	1438.277376
551.215448	1448.769648
551.3886118	1445.426884
551.5617772	1455.919202
551.7349442	1438.136895
551.9081128	1438.10124
552.081283	1441.53728
552.2544547	1441.713964
552.4276281	1443.42216
552.600803	1461.916884
552.7739795	1440.034126
552.9471576	1445.961001
553.1203372	1455.514457
553.2935185	1430.935667
553.4667013	1428.768494
553.6398857	1426.728974
553.8130717	1443.656343
553.9862593	1428.627559
554.1594484	1438.117164
554.3326392	1416.030938
554.5058315	1433.651801
554.6790254	1424.811522
554.8522209	1431.767078
555.0254179	1443.050205
555.1986166	1440.781595
555.3718168	1440.539615
555.5450186	1435.935418
555.718222	1455.240177
555.891427	1426.022353
556.0646336	1410.594681
556.2378417	1429.693923
556.4110514	1427.09921
556.5842627	1420.755623
556.7574756	1414.21001
556.9306901	1402.776666
557.1039062	1412.233078
557.2771238	1431.868087
557.450343	1439.66908
557.6235638	1424.412251
557.7967862	1421.878624
557.9700102	1416.934335
558.1432357	1431.378002
558.3164628	1430.294708
558.4896916	1418.27947
558.6629219	1414.494383
558.8361537	1418.027782
559.0093872	1411.598759
559.1826222	1420.039521
559.3558589	1436.019348
559.5290971	1428.370741
559.7023369	1430.234412
559.8755782	1426.721552
560.0488212	1445.797601
560.2220657	1425.820878
560.3953118	1436.22857
560.5685595	1426.291603
560.7418088	1427.604927
560.9150597	1437.403781
561.0883121	1441.628079
561.2615662	1440.028827
561.4348218	1441.192597
561.608079	1445.815161
561.7813378	1404.451765
561.9545981	1443.316598
562.1278601	1446.228086
562.3011236	1438.742272
562.4743887	1436.317368
562.6476554	1434.316737
562.8209237	1431.560725
562.9941935	1455.012541
563.167465	1443.444188
563.340738	1447.520822
563.5140126	1445.404029
563.6872888	1446.18737
563.8605665	1450.945104
564.0338459	1444.354342
564.2071268	1440.835321
564.3804093	1441.246965
564.5536934	1448.101662
564.7269791	1437.127579
564.9002664	1454.738009
565.0735552	1443.586317
565.2468456	1448.178331
565.4201376	1449.688973
565.5934312	1452.435964
565.7667264	1450.867884
565.9400231	1443.687943
566.1133215	1442.121954
566.2866214	1443.96285
566.4599229	1440.549317
566.633226	1439.014477
566.8065306	1448.948586
566.9798369	1419.015456
567.1531447	1432.493009
567.3264541	1432.904643
567.4997651	1433.077621
567.6730777	1430.047797
567.8463919	1434.801269
568.0197076	1438.617327
568.1930249	1428.072011
568.3663438	1451.704461
568.5396643	1425.710159
568.7129864	1424.723424
568.8863101	1434.105696
569.0596353	1432.567847
569.2329621	1445.55464
569.4062905	1439.439656
569.5796205	1436.146073
569.7529521	1425.404169
569.9262852	1454.500799
570.0996199	1447.462188
570.2729563	1431.32166
570.4462941	1429.773088
570.6196336	1437.314876
570.7929747	1423.202263
570.9663173	1411.760294
571.1396616	1433.843771
571.3130074	1421.958907
571.4863547	1402.994018
571.6597037	1427.251709
571.8330543	1446.039962
572.0064064	1427.598665
572.1797601	1434.184112
572.3531154	1434.044325
572.5264723	1447.547545
572.6998308	1445.566279
572.8731908	1432.609079
573.0465525	1461.797513
573.2199157	1433.102949
573.3932805	1441.107258
573.5666468	1447.328301
573.7400148	1446.229098
573.9133843	1416.022303
574.0867555	1437.938138
574.2601282	1425.086414
574.4335025	1442.844614
574.6068783	1408.928945
574.7802558	1416.900853
574.9536348	1417.369132
575.1270154	1423.979851
575.3003976	1432.852331
575.4737814	1429.089778
575.6471668	1420.111444
575.8205537	1412.677332
575.9939423	1405.725946
576.1673324	1419.930022
576.3407241	1429.530411
576.5141173	1424.972079
576.6875122	1412.565191
576.8609086	1448.442631
577.0343067	1419.839104
577.2077063	1410.051838
577.3811075	1418.672648
577.5545102	1437.552902
577.7279146	1415.490581
577.9013205	1423.075558
578.074728	1419.187137
578.2481371	1403.057663
578.4215478	1420.485079
578.5949601	1415.962751
578.7683739	1415.162491
578.9417894	1415.529222
579.1152064	1431.246325
579.288625	1437.058227
579.4620451	1415.776636
579.6354669	1430.754895
579.8088902	1406.442762
579.9823152	1416.448407
580.1557417	1421.955621
580.3291698	1426.91888
580.5025994	1389.171742
580.6760307	1426.01256
580.8494635	1429.794236
581.0228979	1410.425317
581.1963339	1416.414994
581.3697715	1424.373369
581.5432107	1403.235613
581.7166514	1423.081267
581.8900937	1415.235878
582.0635377	1427.483086
582.2369832	1403.415294
582.4104302	1447.650076
582.5838789	1411.581687
582.7573291	1427.781345
582.9307809	1419.163794
583.1042344	1439.205654
583.2776893	1415.603434
583.4511459	1437.831154
583.6246041	1414.415729
583.7980638	1422.701336
583.9715251	1409.156259
584.144988	1415.331186
584.3184525	1407.95067
584.4919186	1397.496031
584.6653862	1407.710876
584.8388554	1422.631038
585.0123262	1399.147677
585.1857986	1413.253592
585.3592726	1417.815286
585.5327482	1414.075974
585.7062253	1408.534503
585.879704	1404.697369
586.0531843	1421.59029
586.2266662	1403.013814
586.4001497	1393.442285
586.5736347	1412.88508
586.7471214	1399.977107
586.9206096	1423.918162
587.0940994	1418.295858
587.2675908	1420.156539
587.4410837	1423.691565
587.6145783	1417.447221
587.7880744	1405.121613
587.9615721	1410.799905
588.1350714	1395.819444
588.3085723	1380.521948
588.4820748	1402.604437
588.6555788	1412.597482
588.8290844	1381.646597
589.0025916	1399.296157
589.1761004	1398.288606
589.3496108	1409.537942
589.5231227	1393.711183
589.6966363	1407.259394
589.8701514	1391.862783
590.0436681	1392.453913
590.2171864	1403.167906
590.3907062	1388.264856
590.5642277	1401.515951
590.7377507	1374.49115
590.9112753	1399.032233
591.0848015	1395.301163
591.2583293	1386.119135
591.4318586	1385.273504
591.6053896	1378.979272
591.7789221	1382.796981
591.9524562	1385.208823
592.1259919	1380.835324
592.2995291	1356.997598
592.473068	1382.569662
592.6466084	1388.262011
592.8201504	1389.70923
592.993694	1360.021957
593.1672392	1361.623377
593.340786	1362.700671
593.5143343	1378.799326
593.6878843	1380.212297
593.8614358	1378.075911
594.0349889	1360.666218
594.2085435	1362.63161
594.3820998	1372.533741
594.5556576	1380.262676
594.7292171	1368.869879
594.9027781	1367.209091
595.0763406	1362.648739
595.2499048	1372.441195
595.4234706	1369.411831
595.5970379	1369.58134
595.7706068	1348.029141
595.9441773	1380.701993
596.1177494	1365.558539
596.2913231	1383.88861
596.4648983	1361.679097
596.6384751	1361.50708
596.8120535	1355.072732
596.9856335	1369.515468
597.1592151	1345.028655
597.3327983	1350.003482
597.506383	1345.340736
597.6799693	1344.961089
597.8535572	1343.973071
598.0271467	1345.871161
598.2007378	1349.627568
598.3743304	1319.306589
598.5479247	1349.488437
598.7215205	1325.748225
598.8951179	1344.297455
599.0687168	1326.500178
599.2423174	1350.013022
599.4159196	1330.747869
599.5895233	1341.816446
599.7631286	1343.554559
599.9367355	1343.398243
600.110344	1315.639379
600.283954	1321.520516
600.4575657	1330.40507
600.6311789	1327.14978
600.8047937	1335.098641
600.9784101	1336.490789
601.152028	1351.078175
601.3256476	1338.514505
601.4992687	1305.607536
601.6728914	1308.920641
601.8465157	1310.326142
602.0201416	1315.823591
602.1937691	1323.066591
602.3673981	1323.559084
602.5410287	1328.093433
602.7146609	1303.166505
602.8882947	1320.478914
603.0619301	1303.580638
603.2355671	1304.260188
603.4092056	1311.140411
603.5828457	1307.68034
603.7564874	1291.985054
603.9301307	1296.400053
604.1037756	1277.974887
604.277422	1303.186185
604.4510701	1275.515444
604.6247197	1300.229004
604.7983709	1295.91061
604.9720237	1293.318914
605.145678	1281.277741
605.319334	1281.649068
605.4929915	1281.038753
605.6666506	1279.564881
605.8403113	1282.251836
606.0139736	1288.511422
606.1876374	1282.739017
606.3613028	1294.961877
606.5349699	1270.802156
606.7086385	1268.295477
606.8823087	1277.006148
607.0559804	1277.493834
607.2296538	1277.732037
607.4033287	1284.676033
607.5770052	1269.766607
607.7506833	1261.875335
607.924363	1272.277553
608.0980443	1258.046095
608.2717271	1272.80334
608.4454115	1261.449099
608.6190975	1259.162022
608.7927851	1250.646937
608.9664743	1248.179006
609.1401651	1253.528366
609.3138574	1261.541456
609.4875513	1242.856374
609.6612468	1260.57261
609.8349439	1243.41317
610.0086426	1227.289545
610.1823428	1243.186919
610.3560446	1246.43923
610.5297481	1229.90519
610.7034531	1211.641642
610.8771596	1224.802132
611.0508678	1235.529944
611.2245775	1220.957704
611.3982889	1236.197345
611.5720018	1220.769412
611.7457163	1210.354128
611.9194323	1211.364608
612.09315	1219.217259
612.2668692	1212.965009
612.44059	1225.40106
612.6143124	1216.729149
612.7880364	1215.249765
612.961762	1207.667526
613.1354891	1224.845447
613.3092179	1227.408275
613.4829482	1212.930072
613.6566801	1210.278183
613.8304136	1203.366096
614.0041486	1216.118546
614.1778853	1207.464489
614.3516235	1191.369824
614.5253633	1204.092737
614.6991047	1191.211998
614.8728477	1201.472033
615.0465922	1187.361691
615.2203383	1176.308123
615.3940861	1182.04836
615.5678354	1182.790166
615.7415863	1172.292651
615.9153387	1186.460608
616.0890928	1176.963418
616.2628484	1186.27527
616.4366056	1164.059375
616.6103644	1172.920068
616.7841248	1164.04594
616.9578867	1157.657459
617.1316503	1158.691385
617.3054154	1139.930847
617.4791821	1152.701199
617.6529504	1139.394902
617.8267203	1155.316115
618.0004917	1131.874119
618.1742648	1142.907801
618.3480394	1136.672795
618.5218156	1133.48305
618.6955934	1133.411668
618.8693727	1141.072829
619.0431537	1136.672148
619.2169362	1133.842393
619.3907203	1112.579986
619.564506	1139.063584
619.7382933	1107.199827
619.9120822	1130.404323
620.0858726	1108.52674
620.2596646	1119.308742
620.4334582	1110.859841
620.6072534	1140.270672
620.7810502	1125.67643
620.9548486	1109.609738
621.1286485	1112.506909
621.30245	1106.425955
621.4762531	1101.439631
621.6500578	1110.650504
621.8238641	1108.949928
621.9976719	1108.196533
622.1714813	1099.430211
622.3452923	1085.559704
622.5191049	1083.731035
622.6929191	1070.777126
622.8667349	1075.595649
623.0405522	1086.203464
623.2143711	1079.84689
623.3881917	1053.676481
623.5620137	1061.156855
623.7358374	1058.771889
623.9096627	1063.403277
624.0834895	1070.266267
624.2573179	1037.880667
624.4311479	1070.838044
624.6049795	1037.774546
624.7788127	1048.501288
624.9526474	1043.593895
625.1264837	1044.204603
625.3003217	1045.870099
625.4741612	1037.923758
625.6480022	1050.983106
625.8218449	1051.445169
625.9956891	1043.234153
626.169535	1049.156563
626.3433824	1028.202808
626.5172313	1037.493584
626.6910819	1031.484072
626.8649341	1028.699055
627.0387878	1013.539372
627.2126431	1014.543691
627.3865	1026.607238
627.5603585	1015.066216
627.7342186	1007.185971
627.9080802	993.9905164
628.0819434	1005.149537
628.2558083	989.3381861
628.4296747	982.4668221
628.6035426	994.9029789
628.7774122	1004.727301
628.9512833	996.9069797
629.1251561	961.0869932
629.2990304	970.6089165
629.4729062	968.4550205
629.6467837	995.5075762
629.8206628	955.360715
629.9945434	977.389416
630.1684256	971.086638
630.3423094	969.254294
630.5161948	950.8527259
630.6900818	961.5886097
630.8639703	961.5235956
631.0378604	937.5084262
631.2117522	948.2526536
631.3856455	949.3916016
631.5595403	925.7499784
631.7334368	949.9926727
631.9073348	940.2121886
632.0812344	931.3662224
632.2551357	932.8724994
632.4290384	929.1205218
632.6029428	938.1587669
632.7768488	928.1998287
632.9507563	931.0765933
633.1246654	944.1660865
633.2985761	927.6087572
633.4724884	920.2569516
633.6464023	905.1107949
633.8203177	906.5212259
633.9942347	912.4415111
634.1681533	918.3758873
634.3420735	896.7676078
634.5159953	899.8166447
634.6899187	896.2497335
634.8638436	901.9998156
635.0377701	870.5607015
635.2116982	895.7878992
635.3856279	887.7682
635.5595592	890.9671342
635.7334921	872.6725286
635.9074265	868.4905781
636.0813625	892.1714476
636.2553001	868.475265
636.4292393	863.45011
636.60318	865.6377719
636.7771224	865.6970936
636.9510663	867.0278755
637.1250118	840.8017911
637.2989589	861.0015092
637.4729076	840.6892471
637.6468579	844.2823462
637.8208097	835.7208727
637.9947631	836.5015462
638.1687181	835.6788084
638.3426747	843.2570116
638.5166329	821.8491271
638.6905926	821.1207273
638.864554	805.5685021
639.0385169	821.0937965
639.2124814	825.6033998
639.3864475	828.1654716
639.5604151	812.6574953
639.7343844	814.6221787
639.9083552	801.4043269
640.0823276	813.483354
640.2563016	798.4788682
640.4302772	795.5684273
640.6042543	797.6540181
640.7782331	789.0320957
640.9522134	773.7402983
641.1261953	783.3957351
641.3001788	772.5610361
641.4741639	770.4133523
641.6481505	769.1147992
641.8221387	763.7710283
641.9961286	765.3358507
642.17012	770.844271
642.3441129	751.9813741
642.5181075	760.3918662
642.6921037	764.2262753
642.8661014	743.6490307
643.0401007	742.6980362
643.2141016	756.5447864
643.3881041	751.3208035
643.5621081	731.9217401
643.7361138	745.533865
643.910121	730.3618995
644.0841298	733.8229383
644.2581402	732.5669502
644.4321521	714.4788226
644.6061657	711.1459287
644.7801808	709.0649625
644.9541975	728.4839344
645.1282158	722.4332305
645.3022357	728.2996235
645.4762572	706.8107515
645.6502802	719.9439126
645.8243048	707.6076584
645.9983311	705.6398112
646.1723589	702.0850645
646.3463882	704.8514192
646.5204192	679.2695426
646.6944517	682.1385084
646.8684858	687.3521012
647.0425215	694.6336567
647.2165588	672.0948217
647.3905977	670.8787069
647.5646382	660.1773035
647.7386802	664.5976736
647.9127238	662.6922435
648.086769	658.2549284
648.2608158	656.0124579
648.4348641	651.578565
648.6089141	659.4419932
648.7829656	653.5692929
648.9570187	649.1750974
649.1310734	632.6305167
649.3051297	633.0077449
649.4791875	628.8491483
649.653247	646.96232
649.827308	622.7229306
650.0013706	638.1389193
650.1754348	633.7798412
650.3495006	636.9144222
650.5235679	600.191619
650.6976368	608.5505967
650.8717074	615.8694282
651.0457795	613.3127313
651.2198531	620.934804
651.3939284	620.0928098
651.5680052	603.8384013
651.7420837	593.0871701
651.9161637	600.3366414
652.0902453	578.3708791
652.2643284	597.3674939
652.4384132	582.4548879
652.6124995	586.1554743
652.7865875	585.9278805
652.960677	574.9820861
653.134768	576.6298922
653.3088607	569.355227
653.482955	579.9098276
653.6570508	576.3557559
653.8311482	568.4066398
654.0052472	560.4475737
654.1793478	573.7506697
654.35345	569.7623977
654.5275537	558.8090176
654.701659	551.7614957
654.8757659	544.3759654
655.0498744	550.7292626
655.2239845	529.5884873
655.3980962	556.0608102
655.5722094	540.3414397
655.7463242	540.9414569
655.9204406	538.2096523
656.0945586	541.0326336
656.2686782	531.9736025
656.4427993	528.4560267
656.616922	522.1944622
656.7910464	521.2941561
656.9651723	505.7603193
657.1392997	513.5970081
657.3134288	516.4427938
657.4875594	503.80148
657.6616917	515.2923742
657.8358255	504.0717767
658.0099609	499.7780669
658.1840978	511.185498
658.3582364	491.8633956
658.5323765	496.8848033
658.7065183	505.3977947
658.8806616	499.1052423
659.0548064	491.0439084
659.2289529	492.487829
659.403101	492.5407053
659.5772506	489.7189257
659.7514018	481.9798645
659.9255546	493.6314295
660.099709	461.1195222
660.2738649	479.0066826
660.4480225	473.4442149
660.6221816	477.5353095
660.7963423	479.597064
660.9705046	467.1926367
661.1446685	452.5420049
661.3188339	472.1398053
661.493001	454.0098024
661.6671696	459.2516875
661.8413398	452.0975396
662.0155116	458.2401304
662.1896849	446.3256621
662.3638599	457.9962288
662.5380364	458.1427546
662.7122145	444.392611
662.8863942	438.7836893
663.0605755	428.4421176
663.2347584	433.8099735
663.4089428	447.9587074
663.5831288	428.1830342
663.7573165	441.0106083
663.9315056	423.0019102
664.1056964	434.2316912
664.2798888	423.4907904
664.4540827	433.0794572
664.6282782	424.3996879
664.8024753	417.0935634
664.976674	424.9244441
665.1508743	417.5945855
665.3250761	416.1809539
665.4992796	408.8777909
665.6734846	406.003539
665.8476912	408.850119
666.0218993	395.3172887
666.1961091	410.4942052
666.3703204	381.7044569
666.5445334	384.9996431
666.7187479	399.4976053
666.892964	394.5675151
667.0671816	396.2955865
667.2414009	399.142315
667.4156217	388.7340738
667.5898442	390.6314096
667.7640682	385.9801688
667.9382937	385.6449
668.1125209	383.3463854
668.2867497	382.2677533
668.46098	374.6683096
668.6352119	383.3800522
668.8094454	359.5308263
668.9836805	372.1481605
669.1579171	372.4519836
669.3321554	375.9952284
669.5063952	369.2576053
669.6806366	363.6127002
669.8548796	354.5953619
670.0291242	362.5611258
670.2033703	370.9131713
670.3776181	354.3536964
670.5518674	361.2480806
670.7261183	355.8064353
670.9003708	357.8337901
671.0746248	348.870384
671.2488805	343.1072155
671.4231377	351.6893241
671.5973965	332.9229275
671.7716569	344.3414735
671.9459189	333.6096875
672.1201824	350.119446
672.2944476	336.1360368
672.4687143	341.5242859
672.6429826	331.3411561
672.8172525	315.6351507
672.991524	331.2218881
673.165797	326.223433
673.3400717	333.1292135
673.5143479	328.5092777
673.6886257	323.0167079
673.8629051	329.6366344
674.037186	324.642552
674.2114686	314.3105802
674.3857527	315.2865349
674.5600384	315.7987365
674.7343257	307.6636133
674.9086146	325.3410989
675.0829051	312.0760671
675.2571971	304.2429089
675.4314907	303.4209928
675.6057859	320.5504315
675.7800827	308.4326858
675.9543811	303.6931389
676.128681	302.7778444
676.3029826	303.0039982
676.4772857	300.6868377
676.6515904	292.792526
676.8258967	296.8488499
677.0002045	299.1375728
677.174514	287.2200219
677.348825	289.7076719
677.5231376	290.577743
677.6974518	288.9393864
677.8717676	290.9067189
678.046085	282.023328
678.2204039	272.9720383
678.3947244	284.1206711
678.5690465	273.8914737
678.7433702	280.885428
678.9176955	274.4514001
679.0920224	269.4769171
679.2663508	271.7527286
679.4406808	263.7967683
679.6150124	265.5949448
679.7893456	264.7516701
679.9636804	271.831448
680.1380167	261.7677663
680.3123546	258.7437644
680.4866941	262.5762663
680.6610352	247.9903165
680.8353779	264.7788363
681.0097222	254.7719018
681.184068	266.6732198
681.3584154	252.4677758
681.5327644	257.6601265
681.707115	247.6393043
681.8814672	251.1324518
682.055821	246.9864842
682.2301763	251.4840769
682.4045332	248.5878298
682.5788917	239.0620975
682.7532518	241.5157491
682.9276135	239.4430654
683.1019767	243.5770562
683.2763415	239.9067801
683.4507079	226.3015695
683.6250759	244.4427459
683.7994455	241.8803376
683.9738167	236.1664155
684.1481894	234.0043495
684.3225637	235.1478646
684.4969396	234.7183905
684.6713171	226.2753476
684.8456962	232.3309933
685.0200768	219.7870647
685.1944591	202.5587189
685.3688429	218.4983429
685.5432283	216.6529582
685.7176153	211.6163996
685.8920038	221.3545113
686.066394	210.6463757
686.2407857	218.1652557
686.415179	217.9075612
686.5895739	222.719064
686.7639704	218.4394842
686.9383685	218.1870356
687.1127681	217.8366892
687.2871693	210.7033828
687.4615721	207.561902
687.6359765	224.6344933
687.8103825	201.0157346
687.98479	205.0609708
688.1591992	215.8249152
688.3336099	207.9054861
688.5080222	201.4770882
688.6824361	212.6689856
688.8568515	200.7065732
689.0312686	200.1298568
689.2056872	194.2372817
689.3801074	196.1447576
689.5545292	185.6681704
689.7289526	197.1740051
689.9033775	188.1373883
690.0778041	189.3460697
690.2522322	187.2428892
690.4266619	203.5032989
690.6010932	191.7795165
690.7755261	183.3754844
690.9499605	192.1229071
691.1243965	191.7656938
691.2988342	192.406676
691.4732734	177.6754978
691.6477141	186.5973507
691.8221565	180.6125294
691.9966005	186.5488036
692.171046	171.9220036
692.3454931	178.2468067
692.5199418	173.4960705
692.6943921	182.7319855
692.8688439	186.9657782
693.0432974	176.6104065
693.2177524	168.7047171
693.392209	144.6705195
693.5666672	143.2180613
693.7411269	119.6275811
693.9155883	103.7247152
694.0900512	96.38958424
694.2645157	90.8669484
694.4389818	113.7418087
694.6134495	108.6080244
694.7879188	114.9531292
694.9623896	134.8385683
695.1368621	122.4568683
695.3113361	127.9388141
695.4858117	151.8335654
695.6602888	157.9550427
695.8347676	191.1923095
696.0092479	189.7089646
696.1837299	209.5531144
696.3582134	210.6594245
696.5326984	231.1856605
696.7071851	228.5214581
696.8816734	216.983157
697.0561632	211.1995157
697.2306546	215.4558245
697.4051476	202.0893107
697.5796422	207.2168875
697.7541384	185.3625443
697.9286361	169.9742758
698.1031354	169.0014166
698.2776363	168.0938352
698.4521388	160.7327388
698.6266429	148.390741
698.8011486	153.2062438
698.9756558	149.7038596
699.1501646	143.9113016
699.324675	140.4734144
699.499187	141.9879144
699.6737006	144.6450022
699.8482157	132.7085239
700.0227325	134.220768
700.1972508	148.8968165
700.3717707	149.7969848
700.5462922	146.1070951
700.7208152	141.2561658
700.8953399	145.8480386
701.0698661	135.1635083
701.2443939	132.9637942
701.4189233	132.5043931
701.5934543	140.4784308
701.7679868	132.8986459
701.942521	140.9088806
702.1170567	140.6143893
702.291594	138.6111513
702.4661329	137.7129169
702.6406733	124.5121467
702.8152154	132.7127305
702.989759	128.9383254
703.1643042	130.450787
703.338851	131.220866
703.5133994	131.3015407
703.6879494	138.0469624
703.8625009	127.7268434
704.037054	126.9080092
704.2116088	135.3326043
704.386165	127.5597862
704.5607229	123.4028055
704.7352824	124.9512088
704.9098434	133.2929011
705.084406	121.5114818
705.2589702	117.615072
705.433536	134.6776707
705.6081034	117.5155952
705.7826723	116.9963917
705.9572429	126.2108505
706.131815	128.1374413
706.3063887	118.1084937
706.480964	121.2649171
706.6555408	116.7034454
706.8301193	105.5478318
707.0046993	120.7647794
707.1792809	125.9301816
707.3538641	122.6321038
707.5284489	116.8291936
707.7030352	123.5497514
707.8776232	109.0744025
708.0522127	122.8513118
708.2268038	110.8621137
708.4013965	111.0128865
708.5759907	118.3978876
708.7505866	115.3068394
708.925184	107.4581567
709.099783	120.5897405
709.2743836	111.7535192
709.4489858	103.4195602
709.6235896	106.21791
709.7981949	104.1024244
709.9728018	108.6464172
710.1474104	108.9554627
710.3220204	104.7966531
710.4966321	119.8243739
710.6712454	100.5686514
710.8458602	109.2444151
711.0204766	89.26556205
711.1950946	99.72565967
711.3697142	104.5497341
711.5443354	103.5519446
711.7189581	95.83663762
711.8935825	104.0213622
712.0682084	98.4190508
712.2428359	98.89555101
712.417465	93.9984447
712.5920956	100.6358201
712.7667279	93.4004762
712.9413617	109.1142863
713.1159971	95.3864754
713.2906341	117.0416975
713.4652727	89.87296507
713.6399128	97.49297436
713.8145545	98.02628604
713.9891979	101.244209
714.1638428	103.6590018
714.3384893	102.340079
714.5131373	102.7532184
714.687787	108.3971761
714.8624382	100.260725
715.037091	107.124068
715.2117454	99.66055791
715.3864014	94.23709017
715.5610589	103.5516892
715.7357181	95.55545701
715.9103788	91.13355703
716.0850411	95.70166842
716.259705	97.3965343
716.4343705	91.23552114
716.6090375	97.14980206
716.7837062	93.3671393
716.9583764	102.8988709
717.1330482	110.2073722
717.3077216	98.20189464
717.4823966	104.2014625
717.6570731	87.10656624
717.8317512	85.71430056
718.0064309	90.29317639
718.1811122	100.2670329
718.3557951	76.5202542
718.5304796	87.15366904
718.7051656	84.93882691
718.8798532	92.839506
719.0545425	82.08691303
719.2292332	80.9272279
719.4039256	74.28434455
719.5786196	84.56590888
719.7533151	82.73187742
719.9280122	90.57578092
720.1027109	77.8821444
720.2774112	72.04939871
720.4521131	69.78929652
720.6268165	71.41595265
720.8015216	67.45924513
720.9762282	83.96283963
721.1509364	85.47595587
721.3256461	71.44103038
721.5003575	77.57206169
721.6750704	90.96228219
721.849785	78.53289029
722.0245011	84.78220526
722.1992188	74.63900133
722.373938	81.20646792
722.5486589	71.64047923
722.7233813	69.43748111
722.8981053	73.90671304
723.0728309	75.03472501
723.2475581	72.52866908
723.4222869	82.24063945
723.5970172	77.50049686
723.7717492	67.16185285
723.9464827	71.60694906
724.1212178	65.86304315
724.2959545	62.69712382
724.4706927	61.17707033
724.6454326	66.24352286
724.820174	66.27793169
724.994917	68.98066644
725.1696616	76.93590114
725.3444078	56.43335723
725.5191555	83.54298635
725.6939048	67.91453597
725.8686558	54.29588413
726.0434083	71.64827762
726.2181623	62.4474837
726.392918	57.69297926
726.5676753	65.48930233
726.7424341	76.53575774
726.9171945	61.72098688
727.0919565	72.03463649
727.2667201	62.217469
727.4414852	65.34668858
727.616252	63.36123149
727.7910203	58.82823604
727.9657902	47.59666444
728.1405617	66.59807538
728.3153348	65.20217667
728.4901094	69.15360468
728.6648857	66.53493993
728.8396635	56.92804053
729.0144429	67.05770618
729.1892239	68.50770496
729.3640064	66.8894594
729.5387906	74.3622576
729.7135763	56.26262047
729.8883636	51.82344022
730.0631525	70.86417007
730.237943	50.31467579
730.412735	64.89690428
730.5875287	50.05521397
730.7623239	60.71877133
730.9371207	65.46275894
731.1119191	64.04166069
731.2867191	55.12791576
731.4615206	62.55519072
731.6363238	66.94627779
731.8111285	65.45330648
731.9859348	55.69214604
732.1607427	67.23556939
732.3355521	68.66958461
732.5103632	45.9098492
732.6851758	51.23578327
732.85999	57.61266858
733.0348058	53.63981117
733.2096232	53.70734236
733.3844421	45.69058904
733.5592627	58.03789426
733.7340848	52.20530874
733.9089085	65.40637756
734.0837338	62.29791108
734.2585607	49.68999809
734.4333891	51.3350894
734.6082192	46.21867387
734.7830508	52.89690675
734.957884	47.48098105
735.1327188	40.23305097
735.3075551	46.07947336
735.4823931	46.83710881
735.6572326	70.57378213
735.8320737	37.62354246
736.0069164	58.37659304
736.1817607	67.95797642
736.3566065	60.53605505
736.531454	52.0096626
736.706303	54.70543449
736.8811536	41.86626552
737.0560058	49.70060148
737.2308596	47.48307793
737.4057149	52.08427447
737.5805718	47.51778351
737.7554304	39.52768172
737.9302905	50.04830197
738.1051521	59.79178855
738.2800154	58.75429545
738.4548803	45.34555901
738.6297467	45.96133663
738.8046147	52.44498565
738.9794843	43.51303255
739.1543555	45.11439137
739.3292282	43.73100326
739.5041026	46.53369279
739.6789785	44.89943004
739.853856	48.77899159
740.0287351	58.9032313
740.2036158	42.53092158
740.378498	47.06877333
740.5533818	48.13213485
740.7282673	40.87569967
740.9031543	37.00628894
741.0780428	31.15856914
741.252933	43.28868005
741.4278247	63.9623138
741.6027181	54.56076883
741.777613	39.70590383
741.9525095	48.18356252
742.1274076	47.93465132
742.3023072	49.77154827
742.4772084	40.41840682
742.6521113	45.27352804
742.8270157	42.80760744
743.0019217	30.94424479
743.1768292	48.37100478
743.3517384	45.99838313
743.5266491	53.26539014
743.7015614	58.38636213
743.8764753	55.30151467
744.0513908	39.30884752
744.2263079	32.4607268
744.4012265	51.39079554
744.5761468	47.4777023
744.7510686	52.74331117
744.925992	42.04358714
745.1009169	51.65368797
745.2758435	42.20125661
745.4507716	45.66715334
745.6257013	44.61396444
745.8006327	41.1459181
745.9755655	37.38660916
746.1505	46.25946801
746.3254361	48.22849851
746.5003737	40.90225104
746.6753129	49.437445
746.8502537	38.91279019
747.0251961	51.2688217
747.2001401	29.54834867
747.3750856	44.47827036
747.5500327	44.96071469
747.7249814	39.73684979
747.8999317	44.77759183
748.0748836	41.63103771
748.2498371	31.83513555
748.4247921	30.73029789
748.5997487	38.64061789
748.7747069	38.12630102
748.9496667	42.00668059
749.1246281	43.94492476
749.299591	51.36326909
749.4745556	41.57174037
749.6495217	32.63379709
749.8244894	43.67712964
749.9994587	32.44655548
750.1744295	31.48109276
750.349402	49.88855883
750.524376	44.24871109
750.6993516	45.81655528
750.8743288	26.42630451
751.0493076	38.37449289
751.2242879	31.71984231
751.3992699	34.07967133
751.5742534	38.42798258
751.7492385	40.84766362
751.9242252	29.41509911
752.0992134	43.66924083
752.2742033	35.75821599
752.4491947	48.60576068
752.6241877	30.1619672
752.7991823	47.40949203
752.9741785	36.32100396
753.1491763	42.92252932
753.3241756	35.94130041
753.4991766	33.55223565
753.6741791	51.10631632
753.8491832	44.05082646
754.0241888	35.53226693
754.1991961	43.53857356
754.3742049	47.39442298
754.5492153	42.37959905
754.7242274	45.97109922
754.8992409	22.38342175
755.0742561	33.33522761
755.2492729	25.20853152
755.4242912	46.65390752
755.5993111	39.88354069
755.7743326	35.23608638
755.9493557	36.16974562
756.1243803	26.49153449
756.2994066	36.37567348
756.4744344	53.68351051
756.6494638	33.37091249
756.8244948	39.03269431
756.9995274	23.84124866
757.1745615	47.26353727
757.3495973	42.70634071
757.5246346	36.38497044
757.6996735	38.43650513
757.874714	45.27427395
758.0497561	29.23852285
758.2247997	30.70335089
758.3998449	32.63094997
758.5748918	27.92165914
758.7499402	23.07799346
758.9249901	31.10740931
759.1000417	42.31446357
759.2750948	37.61248501
759.4501496	32.00521141
759.6252059	28.32728075
759.8002638	55.21383542
759.9753232	31.03236896
760.1503843	22.13173753
760.3254469	41.00302835
760.5005112	39.47037363
760.675577	36.20516509
760.8506443	34.35312911
761.0257133	39.95981303
761.2007839	54.87924828
761.375856	35.77237457
761.5509297	31.25426689
761.726005	36.16358224
761.9010819	27.58100161
762.0761603	19.45005844
762.2512404	40.00611522
762.426322	26.00783846
762.6014052	30.19533485
762.77649	33.34676994
762.9515764	31.53916941
763.1266643	11.6052956
763.3017539	22.77910101
763.476845	44.85468723
763.6519377	22.60980628
763.827032	44.28971039
764.0021278	45.32634502
764.1772253	38.31629564
764.3523243	33.23145729
764.5274249	40.77843942
764.7025271	27.4579432
764.8776309	35.90132601
765.0527363	40.56364993
765.2278432	42.71572788
765.4029517	35.78180564
765.5780619	27.19075886
765.7531735	44.95493971
765.9282868	46.10212615
766.1034017	31.65201727
766.2785181	29.70611181
766.4536361	47.4802914
766.6287557	44.77296188
766.8038769	31.58750085
766.9789997	27.55447598
767.154124	33.05587133
767.32925	40.90668528
767.5043775	21.75746391
767.6795066	37.72124419
767.8546373	35.12178309
768.0297695	27.27334112
768.2049034	22.67884919
768.3800388	37.54573162
768.5551758	32.51629067
768.7303144	30.18842361
768.9054546	28.55760767
769.0805963	27.82188806
769.2557396	40.40488554
769.4308846	34.78083546
769.6060311	39.52828146
769.7811791	19.33889653
769.9563288	33.36111791
770.1314801	35.5154093
770.3066329	36.4901594
770.4817873	47.94584532
770.6569433	27.97004621
770.8321009	30.40577716
771.00726	28.48449897
771.1824208	32.64844627
771.3575831	36.2511369
771.532747	33.88263327
771.7079125	31.90268143
771.8830796	38.25834112
772.0582482	32.02471596
772.2334185	29.64529837
772.4085903	38.66032005
772.5837637	37.37080939
772.7589387	39.70745665
772.9341152	34.68944576
773.1092934	33.24787898
773.2844731	23.65665813
773.4596544	45.58072259
773.6348373	15.80172711
773.8100218	27.58429788
773.9852079	18.19392888
774.1603955	32.90991384
774.3355847	39.22581781
774.5107755	36.18084839
774.6859679	42.90611404
774.8611619	48.25528557
775.0363575	27.62544816
775.2115546	31.05174375
775.3867533	37.48725046
775.5619536	40.02196257
775.7371555	24.4911164
775.912359	34.7992939
776.087564	27.10888181
776.2627706	29.17643731
776.4379789	15.32454415
776.6131886	29.12901903
776.7884	8.337471752
776.963613	33.77119457
777.1388275	34.45985221
777.3140436	35.52821725
777.4892614	27.27789755
777.6644806	33.81977925
777.8397015	23.09058755
778.014924	31.81317981
778.190148	48.92798516
778.3653736	27.30493939
778.5406008	13.24707976
778.7158296	31.31372625
778.89106	33.71909063
779.0662919	42.61496977
779.2415255	26.31849254
779.4167606	7.296443878
779.5919973	42.14597088
779.7672355	30.84310186
779.9424754	50.55322276
780.1177168	24.92147457
780.2929599	26.01506337
780.4682045	36.0064973
780.6434507	26.49837187
780.8186984	26.24085476
780.9939478	21.38171924
781.1691987	37.29845953
781.3444512	33.11042455
781.5197053	32.36838006
781.694961	37.69759221
781.8702183	29.88378409
782.0454771	33.39780083
782.2207376	34.42500189
782.3959996	26.07382798
782.5712632	33.90674482
782.7465283	40.24702151
782.9217951	30.31932532
783.0970634	49.51917392
783.2723334	36.79576254
783.4476049	41.12458247
783.622878	47.92088976
783.7981526	10.82622232
783.9734289	49.39146349
784.1487067	32.70583213
784.3239861	55.64892121
784.4992671	33.43084462
784.6745497	35.92900933
784.8498339	18.23198561
785.0251196	47.94011836
785.200407	39.32433995
785.3756959	63.44019632
785.5509864	37.11500923
785.7262784	38.44757083
785.9015721	34.44336151
786.0768673	40.86015263
786.2521642	38.34204665
786.4274626	38.58678386
786.6027626	30.56429687
786.7780641	29.54353244
786.9533673	46.30625372
787.128672	47.11109727
787.3039783	23.45616963
787.4792862	46.14483173
787.6545957	29.76149385
787.8299068	38.38711649
788.0052194	31.25583833
788.1805337	53.32617944
788.3558495	14.23799513
788.5311669	48.43488295
788.7064858	37.31579982
788.8818064	37.39207875
789.0571285	37.41719321
789.2324523	31.07428679
789.4077776	22.41675874
789.5831045	20.46558324
789.7584329	28.18233801
789.933763	38.5999588
790.1090946	49.9516905
790.2844278	55.20945584
790.4597626	48.05423286
790.635099	44.24897507
790.810437	15.32686456
790.9857765	31.41200977
791.1611176	47.30662155
791.3364604	25.11430954
791.5118047	40.3024053
791.6871505	29.15736638
791.862498	49.1276827
792.037847	31.91098452
792.2131976	48.71111613
792.3885499	36.0089461
792.5639036	15.25967105
792.739259	28.7612475
792.914616	28.09057403
793.0899745	36.84921262
793.2653346	25.0289435
793.4406963	34.95058556
793.6160596	30.73354382
793.7914245	25.27257941
793.9667909	48.64985068
794.1421589	41.40426326
794.3175285	8.06963474
794.4928997	52.29764481
794.6682725	37.05289865
794.8436469	53.42313455
795.0190228	23.84233563
795.1944003	32.41882555
795.3697794	3.561331292
795.5451601	24.89420934
795.7205424	42.87593202
795.8959262	33.21575667
796.0713117	16.07915317
796.2466987	17.73898372
796.4220873	20.37513113
796.5974775	10.3983881
796.7728692	41.37346383
796.9482626	40.95340673
797.1236575	40.70832229
797.299054	39.63089575
797.4744521	39.82850704
797.6498518	52.6013638
797.825253	45.47987047
798.0006559	43.39277218
798.1760603	22.19205074
798.3514663	28.31815771
798.5268739	31.54371211
798.7022831	66.34112947
798.8776938	36.44720653
799.0531062	26.27050602
799.2285201	26.60427154
799.4039356	55.71343341
799.5793526	47.31797242
799.7547713	35.94024038
799.9301916	33.38539062
800.1056134	34.54374385
800.2810368	43.33752621
800.4564618	37.82178134
800.6318884	33.8890787
800.8073165	37.84072509
800.9827463	27.85158889
801.1581776	23.08669605
801.3336105	38.30607216
801.509045	51.80023899
801.684481	54.02119915
801.8599187	54.31107854
802.0353579	51.98936269
802.2107987	45.5822632
802.3862411	64.56224139
802.5616851	53.96688165
802.7371307	20.94633828
802.9125778	36.23178065
803.0880266	25.43637351
803.2634769	51.21049771
803.4389288	28.55486535
803.6143822	43.44544466
803.7898373	34.32165582
803.9652939	19.9283384
804.1407521	24.90185215
804.3162119	46.18796266
804.4916733	51.43913354
804.6671363	20.82213845
804.8426009	55.90642902
805.018067	57.29939479
805.1935347	23.74866185
805.369004	16.31739626
805.5444749	27.00570398
805.7199473	38.23740921
805.8954214	47.32296857
806.070897	33.27163875
806.2463742	21.53163573
806.421853	52.10467867
806.5973334	41.83525731
806.7728153	41.16471824
806.9482989	6.851115508
807.123784	47.50580658
807.2992707	50.20901301
807.474759	26.42385777
807.6502489	29.52706389
807.8257403	65.13734931
808.0012333	33.80847675
808.176728	67.36339629
808.3522242	25.91279601
808.5277219	42.28027069
808.7032213	35.3890709
808.8787222	64.14519647
809.0542248	58.288338
809.2297289	68.10540725
809.4052346	31.8863586
809.5807418	67.18637075
809.7562507	11.11121244
809.9317611	52.69175061
810.1072732	47.82622504
810.2827868	39.6645298
810.4583019	38.42589992
810.6338187	16.90459119
810.8093371	27.6888568
810.984857	26.7563814
811.1603785	61.38022892
811.3359016	28.30689938
811.5114263	28.79607666
811.6869525	43.87387125
811.8624804	50.26692373
812.0380098	65.050624
812.2135408	29.49576803
812.3890734	37.75208938
812.5646076	51.28386974
812.7401433	23.77153853
812.9156807	26.14557993
813.0912196	62.35577339
813.2667601	8.084239495
813.4423022	59.00288549
813.6178459	35.00046886
813.7933911	28.04730928
813.9689379	26.88405778
814.1444864	53.9898476
814.3200364	34.58052681
814.4955879	57.84062557
814.6711411	48.43783454
814.8466958	8.178978134
815.0222522	39.58646797
815.1978101	50.19517194
815.3733696	34.55212342
815.5489306	59.64702178
815.7244933	56.74284703
815.9000575	48.71913956
816.0756233	36.07870744
816.2511907	22.50523945
816.4267597	54.67078656
816.6023303	60.74241781
816.7779025	54.18850899
816.9534762	51.37760544
817.1290515	28.73572588
817.3046284	63.56257259
817.4802069	36.60554585
817.6557869	68.10236995
817.8313686	26.66107865
818.0069518	40.49074097
818.1825366	52.08680136
818.358123	80.50014053
818.533711	0
818.7093005	52.00894895
818.8848917	46.06965135
819.0604844	70.35079523
819.2360787	33.95511052
819.4116746	30.36258407
819.587272	36.58555278
819.7628711	49.88794704
819.9384717	34.87370054
820.1140739	13.53590826
820.2896777	41.68272236
820.4652831	47.7595705
820.6408901	61.73342944
820.8164986	52.09839555
820.9921087	62.86921125
821.1677204	43.7536779
821.3433337	67.35243475
821.5189486	40.08876399
821.6945651	53.61327959
821.8701831	50.10730883
822.0458027	52.62382772
822.2214239	49.84074978
822.3970467	44.66186337
822.5726711	16.85113621
822.748297	18.13313444
822.9239245	46.22089077
823.0995537	49.36917059
823.2751844	57.52373
823.4508166	61.87461065
823.6264505	70.22545809
823.8020859	45.68546746
823.977723	47.60824625
824.1533616	42.08746287
824.3290018	39.15763366
824.5046435	0
824.6802869	55.03489892
824.8559318	47.46060179
825.0315783	44.41008999
825.2072264	50.34011348
825.3828761	64.22340928
825.5585274	39.91476778
825.7341802	42.71017129
825.9098347	55.03501603
826.0854907	53.80883511
826.2611483	36.18781796
826.4368075	48.54416377
826.6124682	56.09547765
826.7881306	65.75334871
826.9637945	67.47506035
827.13946	46.02963169
827.3151271	65.90320438
827.4907958	51.71815523
827.666466	56.31354736
827.8421378	36.9913694
828.0178113	78.31288357
828.1934863	55.80884139
828.3691628	51.73324384
828.544841	54.87544343
828.7205208	67.88563
828.8962021	64.90051871
829.071885	40.37370182
829.2475695	36.9696759
829.4232556	28.78010914
829.5989432	39.83628828
829.7746325	63.7876403
829.9503233	34.2459689
830.1260157	12.31012889
830.3017097	49.51651934
830.4774053	51.6716415
830.6531024	56.59340054
830.8288012	51.25763698
831.0045015	57.94659443
831.1802034	39.60940702
831.3559069	59.74359869
831.5316119	54.19997341
831.7073186	80.37194908
831.8830268	43.866619
832.0587366	72.72799802
832.234448	48.48639103
832.410161	72.41630142
832.5858755	69.79783011
832.7615917	12.40297918
832.9373094	43.54044412
833.1130287	60.82750034
833.2887496	79.13040518
833.4644721	72.52647765
833.6401961	51.6829846
833.8159218	72.94509935
833.991649	38.06971695
834.1673778	106.2188733
834.3431082	71.17491001
834.5188401	61.35248801
834.6945737	65.52895679
834.8703088	111.6464319
835.0460455	52.4833294
835.2217838	32.1822777
835.3975237	88.52425607
835.5732652	48.32213945
835.7490082	34.43058677
835.9247528	98.70481389
836.100499	106.3705929
836.2762468	32.04833129
836.4519962	72.90911859
836.6277471	30.75003428
836.8034997	49.21472872
836.9792538	82.19578425
837.1550095	39.77349353
837.3307668	62.02914381
837.5065256	56.23512492
837.6822861	85.62476946
837.8580481	104.8226704
838.0338117	91.41275378
838.2095769	72.2810654
838.3853437	127.3399291
838.5611121	55.14855064
838.736882	68.53783824
838.9126535	87.54849996
839.0884266	89.01703412
839.2642013	52.70459473
839.4399776	33.30017214
839.6157554	51.18920847
839.7915349	87.23043267
839.9673159	84.48517925
840.1430985	91.55920332
840.3188827	70.74745503
840.4946684	73.02697284
840.6704558	96.88509195
840.8462447	42.47537599
841.0220352	78.35848393
841.1978273	69.30786659
841.373621	99.37696559
841.5494162	40.90772174
841.7252131	128.2837361
841.9010115	80.27147284
842.0768115	67.95369612
842.2526131	56.47547536
842.4284163	74.09453263
842.604221	53.06537904
842.7800274	50.24821935
842.9558353	82.37726372
843.1316448	82.56455111
843.3074559	52.27901807
843.4832685	96.51434942
843.6590828	85.01971184
843.8348986	68.76020191
844.010716	130.644771
844.186535	79.06040136
844.3623556	79.26212332
844.5381777	64.92979291
844.7140015	69.72764491
844.8898268	46.0428802
845.0656537	95.35529189
845.2414822	68.27921066
845.4173123	116.4614689
845.5931439	54.06871599
845.7689771	72.50603879
845.944812	112.7876411
846.1206484	116.4671761
846.2964863	107.3981514
846.4723259	105.6467647
846.6481671	87.36077226
846.8240098	113.65724
846.9998541	100.7337472
847.1757	128.336903
847.3515475	71.91318917
847.5273965	109.386182
847.7032472	89.59160655
847.8790994	109.132025
848.0549532	93.27769844
848.2308086	71.75916258
848.4066655	94.68715987
848.5825241	117.7090371
848.7583842	97.09063334
848.9342459	63.40637187
849.1101092	91.13397248
849.2859741	94.06411724
849.4618406	120.5877196
849.6377086	120.3264584
849.8135783	70.69016847
849.9894495	64.39706196
850.1653223	95.07196213
850.3411966	123.743157
850.5170726	105.0827563
850.6929501	119.8529305
850.8688293	79.98996815
851.04471	99.8377569
851.2205922	133.5664677
851.3964761	139.0583266
851.5723616	72.75925341
851.7482486	92.91474298
851.9241372	125.4937244
852.1000274	116.3947023
852.2759192	113.762486
852.4518126	110.6911066
852.6277075	107.5853076
852.803604	95.84754997
852.9795021	127.8246446
853.1554018	88.71813094
853.3313031	123.3140452
853.507206	126.7247224
853.6831104	141.1638226
853.8590164	91.15476607
854.034924	112.9690074
854.2108332	73.8041995
854.386744	117.296015
854.5626563	124.1226384
854.7385703	130.5498676
854.9144858	132.422708
855.0904029	79.51723994
855.2663216	139.9719124
855.4422418	128.4621547
855.6181637	132.6894483
855.7940871	127.4897205
855.9700121	98.55506013
856.1459387	99.39253072
856.3218669	125.8846507
856.4977966	148.168219
856.673728	104.8658875
856.8496609	116.2053443
857.0255954	104.5932175
857.2015315	115.4904177
857.3774691	93.36925251
857.5534084	138.0660032
857.7293492	107.0999556
857.9052916	117.9325141
858.0812356	140.5360396
858.2571812	145.8180086
858.4331284	78.65514696
858.6090771	115.0179279
858.7850275	78.23931145
858.9609794	168.5971407
859.1369329	71.1212094
859.3128879	133.7643761
859.4888446	115.4665183
859.6648028	154.9248818
859.8407626	147.8556441
860.0167241	153.0305428
860.192687	129.3042171
860.3686516	102.8883309
860.5446178	161.7720893
860.7205855	140.5491756
860.8965548	168.7388824
861.0725257	150.795663
861.2484982	98.82609516
861.4244722	160.0472354
861.6004479	128.6901804
861.7764251	111.8615328
861.9524039	138.6294055
862.1283843	139.4740089
862.3043663	143.2334352
862.4803498	89.15820262
862.656335	174.9944468
862.8323217	170.4591568
863.00831	176.2485428
863.1842999	141.0738086
863.3602914	100.847275
863.5362844	172.8922372
863.712279	127.3106651
863.8882753	75.39596019
864.0642731	138.0481074
864.2402724	132.0865356
864.4162734	113.0464223
864.5922759	124.1548716
864.7682801	184.698052
864.9442858	162.7088474
865.1202931	230.0140996
865.2963019	163.2041694
865.4723124	165.7161787
865.6483244	98.59234491
865.824338	142.0350623
866.0003533	151.0483547
866.17637	174.7946194
866.3523884	212.0676703
866.5284084	143.5953437
866.7044299	189.8659593
866.880453	192.1715204
867.0564777	137.667677
867.232504	225.6512225
867.4085318	187.1421941
867.5845613	218.2663922
867.7605923	181.7949614
867.9366249	205.7938137
868.1126591	179.5206082
868.2886949	195.1180798
868.4647322	202.2620616
868.6407712	202.260832
868.8168117	185.7717154
868.9928538	201.7608972
869.1688975	192.0799231
869.3449427	156.6550165
869.5209896	161.1705314
869.697038	199.1143899
869.873088	194.2361678
870.0491396	169.2529099
870.2251928	193.818326
870.4012476	235.3969867
870.5773039	176.3147661
870.7533618	198.9132326
870.9294214	225.6566353
871.1054824	232.6557085
871.2815451	221.3452361
871.4576094	211.3704657
871.6336752	243.7893044
871.8097426	270.5639763
871.9858116	220.5607755
872.1618822	263.569655
872.3379544	257.5234899
872.5140281	241.5547657
872.6901035	288.1132029
872.8661804	257.7821265
873.0422589	265.6911938
873.2183389	280.657102
873.3944206	257.0096988
873.5705039	299.7693186
873.7465887	292.2606455
873.9226751	267.3271896
874.0987631	274.9728823
874.2748526	241.7115654
874.4509438	281.2440999
874.6270365	311.668845
874.8031309	246.7758152
874.9792268	260.1678817
875.1553242	196.4492608
875.3314233	250.6896229
875.507524	297.0356921
875.6836262	313.0732435
875.85973	259.0814269
876.0358354	306.7565257
876.2119424	317.9033215
876.3880509	286.2777037
876.5641611	294.0743508
876.7402728	296.8727285
876.9163861	307.5659718
877.092501	305.719565
877.2686175	324.7530185
877.4447355	269.802438
877.6208552	257.8395347
877.7969764	362.0832897
877.9730992	394.0108659
878.1492236	337.8862412
878.3253495	319.2450575
878.5014771	300.4869201
878.6776062	331.0833519
878.8537369	345.15057
879.0298692	353.7005253
879.2060031	332.652232
879.3821386	311.3889564
879.5582756	424.8510584
879.7344142	306.1880778
879.9105544	393.5454902
880.0866962	358.0570917
880.2628396	374.2904443
880.4389845	370.7770958
880.6151311	352.4244305
880.7912792	360.6087754
880.9674289	360.3698517
881.1435802	396.5974807
881.3197331	434.1779083
881.4958875	411.0882431
881.6720435	339.3185601
881.8482011	376.7175589
882.0243603	430.582552
882.2005211	393.3144441
882.3766835	446.5167215
882.5528474	390.083851
882.7290129	449.1170096
882.90518	390.1101386
883.0813487	497.0540199
883.257519	368.7116711
883.4336909	425.0917557
883.6098643	424.7899423
883.7860393	448.631356
883.9622159	412.7779642
884.1383941	482.1791038
884.3145739	567.4423704
884.4907552	402.4808877
884.6669381	525.5707183
884.8431227	443.7992507
885.0193087	417.1203106
885.1954964	483.2653196
885.3716857	412.7945063
885.5478765	497.938895
885.724069	381.5424568
885.900263	476.3837597
886.0764585	459.5230093
886.2526557	371.8954217
886.4288545	455.5713193
886.6050548	419.9051882
886.7812567	429.6857534
886.9574602	479.9711244
887.1336653	464.6741387
887.309872	540.8896232
887.4860802	458.0459672
887.66229	529.5007274
887.8385015	530.6253385
888.0147145	545.1591374
888.190929	646.7680481
888.3671452	562.6217909
888.5433629	568.3850032
888.7195823	569.2465041
888.8958032	518.4387913
889.0720256	563.7671781
889.2482497	471.0910684
889.4244754	494.9577249
889.6007026	541.5383417
889.7769314	518.3223569
889.9531618	570.0410265
890.1293938	607.0469282
890.3056274	523.1230596
890.4818625	539.6937677
890.6580992	584.238349
890.8343376	456.0614002
891.0105775	518.9742395
891.1868189	516.9190132
891.363062	562.2846909
891.5393066	490.8435841
891.7155529	610.057875
891.8918007	542.3077206
892.06805	575.3794616
892.244301	559.3737554
892.4205536	570.6459959
892.5968077	632.39507
892.7730634	626.4778866
892.9493207	604.3450302
893.1255796	533.4613057
893.3018401	627.9761846
893.4781021	577.3564393
893.6543657	582.5126043
893.830631	634.3459117
894.0068977	643.9839522
894.1831661	600.2999571
894.3594361	441.3180413
894.5357076	617.2238686
894.7119807	643.3002427
894.8882555	586.1023203
895.0645317	630.3335811
895.2408096	570.4521268
895.4170891	618.3570081
895.5933701	586.4707785
895.7696527	557.6340018
895.9459369	639.6128745
896.1222227	612.0929884
896.2985101	539.7611783
896.474799	666.0153139
896.6510895	575.7289676
896.8273816	569.6267979
897.0036753	681.3724007
897.1799706	594.2019088
897.3562675	533.7194372
897.5325659	650.3090752
897.7088659	676.2950175
897.8851675	679.6996361
898.0614707	518.3039587
898.2377755	582.1858642
898.4140818	614.0425327
898.5903898	620.4306539
898.7666993	578.0137505
898.9430104	608.2567644
899.1193231	576.2897197
899.2956373	569.6960076
899.4719532	579.9231547
899.6482706	633.9313452
899.8245896	537.669311
