360.1506696	143.113324
360.3220786	317.4318819
360.4934893	333.4010281
360.6649015	64.62358414
360.8363152	160.7150193
361.0077306	98.48633631
361.1791475	111.4227366
361.3505661	261.8239136
361.5219862	211.0137274
361.6934079	167.5197576
361.8648311	59.73160537
362.036256	107.7236941
362.2076824	60.67080635
362.3791104	63.38887348
362.55054	147.8540234
362.7219712	170.3599995
362.893404	130.9203531
363.0648383	119.1030577
363.2362743	125.9691379
363.4077118	238.9702642
363.5791509	104.8973852
363.7505915	134.8797586
363.9220338	237.379616
364.0934776	91.46974385
364.2649231	164.5032793
364.4363701	103.3143206
364.6078187	205.5903171
364.7792688	158.2275697
364.9507206	85.72219401
365.1221739	84.90151133
365.2936288	127.8011499
365.4650853	148.9965634
365.6365434	70.56473913
365.8080031	221.424509
365.9794643	155.0923535
366.1509272	128.6854777
366.3223916	48.61536443
366.4938576	122.1819408
366.6653252	48.98145487
366.8367943	139.5470024
367.0082651	69.88962862
367.1797374	101.7166449
367.3512113	103.608577
367.5226868	23.37243187
367.6941638	100.0859571
367.8656425	91.02195098
368.0371227	108.9079112
368.2086046	62.51424282
368.380088	100.5937785
368.5515729	32.20206479
368.7230595	118.9476541
368.8945477	151.6828246
369.0660374	413.3981787
369.2375287	196.6293987
369.4090216	165.083191
369.5805161	290.9442215
369.7520121	208.4050079
369.9235098	169.8402307
370.095009	139.7073325
370.2665098	205.683758
370.4380122	156.5758985
370.6095162	307.9932079
370.7810217	167.9697075
370.9525288	86.55639374
371.1240376	207.6097558
371.2955479	130.3392591
371.4670597	137.5983816
371.6385732	116.7783889
371.8100883	112.010452
371.9816049	129.1323253
372.1531231	338.0964151
372.3246429	213.2841575
372.4961643	150.9803442
372.6676872	159.0007808
372.8392118	208.7360569
373.0107379	160.1433065
373.1822656	57.43530022
373.3537949	108.7240216
373.5253257	143.1844859
373.6968582	137.8839386
373.8683922	176.321528
374.0399279	145.7378643
374.2114651	168.4800001
374.3830038	234.8292326
374.5545442	161.466509
374.7260861	90.54029861
374.8976297	77.76731374
375.0691748	148.1047569
375.2407215	142.6434452
375.4122698	121.1814562
375.5838196	122.4896145
375.7553711	168.6604115
375.9269241	191.705516
376.0984787	278.5075102
376.2700349	108.0032767
376.4415926	139.0553959
376.613152	80.64999453
376.7847129	133.2294538
376.9562754	155.8860435
377.1278395	55.37939316
377.2994052	182.2308407
377.4709725	144.7214449
377.6425413	50.75946125
377.8141118	116.359818
377.9856838	250.9795314
378.1572574	116.8232419
378.3288325	233.0136939
378.5004093	168.7285446
378.6719876	277.8703963
378.8435676	123.857703
379.0151491	148.0324109
379.1867322	304.8111211
379.3583168	184.1920626
379.5299031	214.4344932
379.7014909	80.26420428
379.8730803	185.9128495
380.0446713	182.3112156
380.2162639	339.7909957
380.3878581	141.1136672
380.5594538	153.3890659
380.7310511	219.9403981
380.9026501	76.6258454
381.0742506	161.4754541
381.2458526	104.0466553
381.4174563	320.2493428
381.5890615	250.0432402
381.7606683	206.6191804
381.9322768	186.0486076
382.1038867	148.0974742
382.2754983	219.1212352
382.4471115	125.9267608
382.6187262	107.416518
382.7903425	224.5286517
382.9619604	12.67599894
383.1335799	180.5291782
383.305201	106.5802359
383.4768236	145.9043561
383.6484478	73.78132841
383.8200736	110.2873213
383.991701	146.8047146
384.16333	59.99870276
384.3349606	261.2022921
384.5065927	179.8655878
384.6782264	206.6760916
384.8498617	159.2670987
385.0214986	147.0100458
385.1931371	134.0033764
385.3647771	147.7659593
385.5364188	201.8420333
385.708062	297.5820114
385.8797068	280.2806072
386.0513532	194.3086246
386.2230011	130.6112805
386.3946507	166.3445842
386.5663018	167.9009766
386.7379545	240.6640943
386.9096088	83.41591396
387.0812647	307.7942953
387.2529221	213.1075877
387.4245812	244.1050147
387.5962418	199.3950338
387.767904	165.3580435
387.9395678	250.6458098
388.1112332	279.2525765
388.2829001	186.5193917
388.4545686	494.8894944
388.6262388	125.3867709
388.7979105	255.8746285
388.9695837	49.73352279
389.1412586	166.1883514
389.312935	192.9726916
389.4846131	133.5066216
389.6562927	126.0478206
389.8279739	153.5857476
389.9996566	195.8218713
390.171341	195.571175
390.3430269	126.4374845
390.5147145	143.687362
390.6864036	132.4626864
390.8580942	170.1809615
391.0297865	101.2294367
391.2014804	147.161487
391.3731758	141.6987863
391.5448728	124.2500511
391.7165714	223.6094225
391.8882716	266.5510732
392.0599734	99.29221162
392.2316767	109.8611802
392.4033816	154.7317303
392.5750881	197.6256039
392.7467962	172.9596763
392.9185059	191.2262367
393.0902172	216.7936508
393.26193	254.8501562
393.4336444	122.669124
393.6053604	178.1791146
393.777078	89.17687863
393.9487972	135.1362012
394.1205179	240.1167303
394.2922403	140.6354119
394.4639642	156.0619227
394.6356897	137.4418038
394.8074167	186.7505921
394.9791454	90.16509216
395.1508757	99.8590654
395.3226075	224.5017292
395.4943409	219.7762185
395.6660759	84.74329512
395.8378125	158.812701
396.0095506	107.5960589
396.1812903	99.79835269
396.3530317	116.4313297
396.5247746	159.4434851
396.6965191	180.575625
396.8682651	149.6787499
397.0400128	300.9235004
397.211762	62.35589066
397.3835128	127.6151785
397.5552652	112.8265597
397.7270192	199.2869866
397.8987748	147.1026407
398.0705319	190.7381753
398.2422906	195.9276342
398.4140509	212.2486363
398.5858128	101.8565254
398.7575763	130.4226161
398.9293414	136.5191304
399.101108	135.5391432
399.2728762	157.6240357
399.444646	93.24669854
399.6164174	116.5162099
399.7881904	156.9799951
399.9599649	158.8455782
400.1317411	191.3241716
400.3035188	106.9380489
400.4752981	182.9829659
400.6470789	111.9126542
400.8188614	174.1330551
400.9906454	118.3202984
401.1624311	202.7716119
401.3342183	181.8724377
401.5060071	129.1595645
401.6777974	108.9255719
401.8495894	106.2338371
402.0213829	168.6276379
402.1931781	128.2328608
402.3649748	184.2625224
402.536773	192.4406566
402.7085729	139.9052369
402.8803744	152.8838835
403.0521774	97.58367075
403.223982	131.0265606
403.3957882	119.3220861
403.567596	157.8163035
403.7394053	86.02322639
403.9112163	114.9472838
404.0830288	96.13950822
404.2548429	103.8851742
404.4266586	91.60887335
404.5984759	196.7990192
404.7702947	144.6813305
404.9421152	167.6199247
405.1139372	9.56815674
405.2857608	98.33563133
405.457586	157.86844
405.6294127	85.50912782
405.8012411	200.1223874
405.973071	129.2331093
406.1449025	192.1593147
406.3167356	192.1309642
406.4885703	156.9500179
406.6604066	150.6712705
406.8322444	93.18701605
407.0040838	179.690766
407.1759249	214.7274398
407.3477674	178.2686216
407.5196116	167.4136666
407.6914574	218.427386
407.8633047	134.1473325
408.0351536	148.4827199
408.2070041	192.1093148
408.3788562	196.404095
408.5507099	150.8925684
408.7225651	195.6871714
408.894422	226.4516186
409.0662804	154.3289289
409.2381404	138.7324445
409.4100019	117.1156405
409.5818651	101.6460464
409.7537298	77.74484753
409.9255962	163.967559
410.0974641	87.44561325
410.2693336	207.4645749
410.4412046	169.0398223
410.6130773	141.1290684
410.7849515	141.9897202
410.9568274	132.3375466
411.1287048	149.8425941
411.3005837	240.5074131
411.4724643	118.5853909
411.6443464	144.2346546
411.8162302	108.7321765
411.9881155	171.133464
412.1600024	213.1380986
412.3318909	84.08844809
412.5037809	164.0449286
412.6756726	160.0354327
412.8475658	225.7463283
413.0194606	97.61324618
413.191357	198.6871664
413.363255	76.50264857
413.5351545	168.9663436
413.7070557	129.2733361
413.8789584	180.86752
414.0508627	154.7336386
414.2227686	139.2943451
414.394676	150.1190035
414.5665851	146.7390285
414.7384957	118.1330389
414.9104079	101.1551509
415.0823217	95.11110619
415.2542371	134.989341
415.426154	156.420214
415.5980726	175.3468405
415.7699927	176.5714988
415.9419144	144.6077638
416.1138377	158.2366306
416.2857626	200.1706675
416.457689	159.5981082
416.6296171	151.6478085
416.8015467	126.0171766
416.9734779	148.8512857
417.1454107	132.0796551
417.317345	195.5000186
417.489281	184.2399116
417.6612185	203.0475745
417.8331576	163.6596495
418.0050983	130.1776926
418.1770406	181.3080551
418.3489845	196.2316998
418.5209299	214.960457
418.6928769	126.8466245
418.8648255	161.4786234
419.0367757	163.3491241
419.2087275	190.7135609
419.3806808	196.3045488
419.5526358	185.0720454
419.7245923	178.771001
419.8965504	223.4540773
420.0685101	219.9473323
420.2404713	213.6072976
420.4124342	178.0425307
420.5843986	182.5829169
420.7563646	222.8305568
420.9283322	233.0634479
421.1003014	245.6970463
421.2722722	204.5357295
421.4442445	305.1041219
421.6162184	196.0003755
421.7881939	235.1605423
421.960171	314.2058853
422.1321497	321.7018489
422.3041299	214.5872734
422.4761118	222.6708802
422.6480952	289.6531605
422.8200802	285.628768
422.9920668	241.3901939
423.1640549	282.6404102
423.3360447	288.7487508
423.508036	311.0706401
423.6800289	240.2994088
423.8520234	313.8958336
424.0240195	269.8643283
424.1960172	262.3869046
424.3680164	325.9040947
424.5400172	292.6203304
424.7120196	318.8124252
424.8840236	325.3342769
425.0560292	326.5386006
425.2280363	321.97111
425.4000451	380.8934049
425.5720554	298.0234998
425.7440673	308.7125942
425.9160808	425.5828966
426.0880958	379.1930076
426.2601125	378.8178739
426.4321307	327.3140397
426.6041505	402.2638584
426.7761719	398.6459185
426.9481949	445.1246048
427.1202194	431.2803857
427.2922456	441.1689577
427.4642733	397.3286808
427.6363026	389.9432063
427.8083335	463.3790235
427.980366	472.9517071
428.1524	466.2722186
428.3244357	491.1047058
428.4964729	483.1316057
428.6685117	508.2847253
428.8405521	566.0344529
429.012594	471.4923985
429.1846376	583.5797466
429.3566827	485.4374588
429.5287294	500.8408051
429.7007777	501.4849634
429.8728276	539.3960347
430.044879	519.9442742
430.2169321	581.5879589
430.3889867	594.0985405
430.5610429	601.5072118
430.7331007	584.6468996
430.9051601	646.5295813
431.077221	666.3773165
431.2492835	652.9443683
431.4213477	670.2933006
431.5934134	659.6206633
431.7654806	728.7484315
431.9375495	685.2372918
432.10962	808.7820756
432.281692	661.9551025
432.4537656	771.3853328
432.6258408	774.7721277
432.7979176	763.2639279
432.9699959	806.2424538
433.1420759	867.5633469
433.3141574	842.9845407
433.4862405	851.9277873
433.6583252	825.4561187
433.8304114	896.7652146
434.0024993	892.2658247
434.1745887	908.1439167
434.3466797	944.5514084
434.5187723	919.6450529
434.6908665	953.5849298
434.8629623	936.7965203
435.0350596	1064.576489
435.2071586	997.9827895
435.3792591	1091.052084
435.5513612	1098.01101
435.7234648	1103.555982
435.8955701	1155.904102
436.0676769	1104.454526
436.2397854	1164.102805
436.4118954	1140.478144
436.5840069	1232.319844
436.7561201	1192.14861
436.9282349	1380.515799
437.1003512	1311.841218
437.2724691	1312.464806
437.4445886	1340.770782
437.6167097	1327.870477
437.7888324	1441.280921
437.9609566	1322.951988
438.1330824	1381.085736
438.3052098	1467.096235
438.4773388	1494.479656
438.6494694	1513.875354
438.8216016	1698.983843
438.9937353	1508.610398
439.1658706	1602.77907
439.3380075	1662.683232
439.510146	1689.911653
439.6822861	1813.981893
439.8544277	1779.659479
440.026571	1804.197201
440.1987158	1888.740444
440.3708622	1911.043958
440.5430102	2051.669532
440.7151597	2075.527531
440.8873109	2066.050401
441.0594636	1928.620378
441.2316179	2017.335627
441.4037738	2081.313992
441.5759313	2180.525934
441.7480903	2213.080807
441.920251	2189.524189
442.0924132	2278.882901
442.264577	2314.271234
442.4367424	2271.178258
442.6089093	2401.080177
442.7810779	2448.519369
442.953248	2459.406916
443.1254197	2501.252237
443.297593	2712.198063
443.4697679	2674.431221
443.6419444	2555.181895
443.8141224	2776.423163
443.9863021	2751.002947
444.1584833	2947.686916
444.3306661	3041.015447
444.5028504	3059.968608
444.6750364	3086.183862
444.8472239	3206.165578
445.019413	3135.978382
445.1916038	3042.146522
445.363796	3191.29742
445.5359899	3305.129168
445.7081854	3321.976981
445.8803824	3602.119888
446.052581	3758.397384
446.2247812	3687.512781
446.396983	3730.472687
446.5691863	3882.525724
446.7413913	4069.531687
446.9135978	3868.784401
447.0858059	4215.026481
447.2580156	4082.782955
447.4302269	4011.399624
447.6024397	4311.081263
447.7746542	4551.939524
447.9468702	4645.094501
448.1190878	4550.836225
448.291307	4917.455923
448.4635278	4899.965927
448.6357501	5187.774654
448.807974	5508.746947
448.9801996	5348.875908
449.1524266	5523.674625
449.3246553	5600.518364
449.4968856	5875.664433
449.6691174	5901.484624
449.8413509	6061.302992
450.0135859	6029.189976
450.1858225	6344.17852
450.3580606	6279.908167
450.5303004	6493.533872
450.7025417	6710.754882
450.8747846	7059.299525
451.0470291	6919.453507
451.2192752	7033.035877
451.3915229	7248.409648
451.5637722	7574.228748
451.736023	7188.78222
451.9082754	7590.505272
452.0805294	7777.723924
452.252785	8045.392485
452.4250421	8327.585319
452.5973009	8369.417825
452.7695612	8427.590948
452.9418231	8369.891173
453.1140866	8660.117081
453.2863517	9022.080693
453.4586183	8848.830588
453.6308866	9381.7277
453.8031564	9495.001413
453.9754278	9633.959807
454.1477008	9704.157572
454.3199753	9746.862836
454.4922515	9734.257121
454.6645292	10247.82429
454.8368085	9988.701517
455.0090894	10261.36581
455.1813719	10414.88015
455.353656	10144.6082
455.5259416	10484.01853
455.6982288	10581.17272
455.8705176	11194.38218
456.042808	10692.26064
456.2151	11093.24656
456.3873936	10706.39753
456.5596887	10606.72181
456.7319854	10890.45859
456.9042837	10895.03016
457.0765836	11036.30602
457.2488851	11024.19098
457.4211881	10719.27634
457.5934928	10744.9892
457.765799	10573.69091
457.9381068	10585.09494
458.1104161	10782.25693
458.2827271	10357.56681
458.4550396	10355.66981
458.6273538	10789.7877
458.7996695	10606.78544
458.9719868	10369.59542
459.1443056	10007.55205
459.3166261	10152.11384
459.4889481	10339.31218
459.6612718	9864.631127
459.833597	10214.87056
460.0059237	9807.873899
460.1782521	9776.771952
460.3505821	9484.391085
460.5229136	9873.53326
460.6952467	8907.630296
460.8675814	9179.600051
461.0399177	9037.210877
461.2122555	9066.174801
461.384595	8841.94891
461.556936	8808.743931
461.7292786	8715.305059
461.9016228	8568.900696
462.0739686	8493.851142
462.2463159	8251.065344
462.4186649	8064.293226
462.5910154	8074.223894
462.7633675	7739.228921
462.9357212	7907.679857
463.1080764	7867.699609
463.2804333	7359.730292
463.4527917	7435.546894
463.6251517	7245.738713
463.7975133	7126.966642
463.9698765	7143.990986
464.1422413	6957.408877
464.3146076	6971.268253
464.4869755	6854.426003
464.659345	7073.022112
464.8317161	6752.595806
465.0040888	6503.015453
465.176463	6721.277145
465.3488389	6392.412054
465.5212163	6640.214946
465.6935953	6495.887409
465.8659759	6367.148303
466.038358	6297.937506
466.2107418	6233.762121
466.3831271	6167.701543
466.555514	5960.430327
466.7279025	6296.0086
466.9002926	5951.283745
467.0726843	6226.803745
467.2450775	5908.898808
467.4174723	5973.694408
467.5898687	6036.947803
467.7622667	5983.365362
467.9346663	5868.580926
468.1070675	5883.886457
468.2794702	5834.794413
468.4518745	5851.571554
468.6242804	5981.987677
468.7966879	5959.408699
468.969097	5880.011316
469.1415076	5693.278583
469.3139198	5806.541506
469.4863336	5860.442882
469.658749	5831.459667
469.831166	5886.045252
470.0035846	5758.389656
470.1760047	5555.274709
470.3484264	5851.656775
470.5208497	5794.756986
470.6932746	5754.218377
470.8657011	5628.998438
471.0381292	5833.736241
471.2105588	5562.769755
471.38299	5617.135054
471.5554228	5701.89276
471.7278572	5513.08797
471.9002932	5655.272395
472.0727307	5578.592142
472.2451698	5550.631734
472.4176106	5493.997505
472.5900528	5523.192712
472.7624967	5501.834735
472.9349422	5543.031365
473.1073892	5338.791243
473.2798378	5258.251362
473.4522881	5265.995082
473.6247398	5244.44562
473.7971932	5223.070763
473.9696482	5068.70428
474.1421047	5156.854619
474.3145628	5202.827822
474.4870225	5022.593037
474.6594838	5171.595964
474.8319467	4894.070969
475.0044111	5011.5305
475.1768771	4990.909449
475.3493448	4913.497861
475.5218139	4897.837624
475.6942847	4712.345671
475.8667571	4787.477101
476.039231	4798.615652
476.2117065	4696.551254
476.3841836	4614.930368
476.5566623	4581.779132
476.7291426	4582.726449
476.9016245	4487.69836
477.0741079	4459.797868
477.2465929	4411.171419
477.4190795	4481.516645
477.5915677	4381.436875
477.7640575	4464.260669
477.9365488	4372.470344
478.1090417	4278.156725
478.2815362	4162.941303
478.4540323	4145.803189
478.62653	4238.338285
478.7990293	4109.129691
478.9715301	4167.682984
479.1440325	4142.46503
479.3165365	4056.218479
479.4890421	4057.276623
479.6615493	3961.370679
479.834058	3936.379165
480.0065684	3964.550614
480.1790803	3936.171941
480.3515938	3926.486104
480.5241089	3874.235223
480.6966255	3839.236417
480.8691438	3931.769634
481.0416636	3816.585753
481.214185	3751.319973
481.386708	3846.018403
481.5592326	3723.626406
481.7317588	3746.247717
481.9042865	3806.658747
482.0768158	3813.488735
482.2493467	3763.904573
482.4218792	3723.847379
482.5944133	3757.895835
482.7669489	3771.346137
482.9394862	3666.539429
483.112025	3708.357867
483.2845654	3695.333281
483.4571074	3740.263082
483.6296509	3741.870541
483.8021961	3706.404735
483.9747428	3733.695937
484.1472911	3753.427829
484.319841	3654.539178
484.4923925	3656.826531
484.6649455	3759.948004
484.8375002	3734.594339
485.0100564	3700.067245
485.1826142	3798.37986
485.3551736	3671.175063
485.5277346	3759.960616
485.7002971	3692.649059
485.8728612	3797.509251
486.045427	3687.143196
486.2179943	3743.401266
486.3905631	3700.135015
486.5631336	3752.0725
486.7357057	3774.998201
486.9082793	3827.670605
487.0808545	3659.716573
487.2534313	3789.601252
487.4260097	3786.122508
487.5985896	3778.724507
487.7711712	3805.367857
487.9437543	3736.227492
488.116339	3808.417505
488.2889253	3771.905396
488.4615131	3799.329536
488.6341026	3796.871344
488.8066936	3784.898706
488.9792862	3720.727751
489.1518804	3769.53457
489.3244762	3731.302884
489.4970736	3850.487901
489.6696725	3828.137255
489.8422731	3837.373116
490.0148752	3802.049657
490.1874789	3787.316697
490.3600841	3831.941792
490.532691	3781.743466
490.7052994	3907.689102
490.8779094	3824.517502
491.050521	3870.061238
491.2231342	3862.313005
491.395749	3855.18725
491.5683654	3824.605797
491.7409833	3834.022651
491.9136028	3837.508745
492.0862239	3802.33949
492.2588466	3777.54627
492.4314708	3813.889224
492.6040967	3936.754974
492.7767241	3874.763058
492.9493531	3828.179433
493.1219837	3893.995607
493.2946159	3790.637734
493.4672496	3845.334657
493.639885	3790.061643
493.8125219	3818.90032
493.9851604	3830.460234
494.1578005	3835.703215
494.3304422	3874.734398
494.5030854	3900.432498
494.6757302	3872.325593
494.8483767	3826.838129
495.0210247	3896.664515
495.1936742	3895.335121
495.3663254	3801.460342
495.5389781	3854.317569
495.7116325	3884.565336
495.8842884	3870.262874
496.0569459	3904.645406
496.229605	3799.930675
496.4022656	3817.358749
496.5749278	3877.279835
496.7475917	3802.876927
496.9202571	3847.927624
497.0929241	3872.78775
497.2655926	3862.010261
497.4382628	3878.305158
497.6109345	3825.839584
497.7836078	3864.359684
497.9562827	3822.117135
498.1289592	3913.28599
498.3016373	3864.747113
498.4743169	3823.503625
498.6469981	3859.020156
498.8196809	3819.778598
498.9923653	3937.748051
499.1650513	3868.785736
499.3377389	3846.395838
499.510428	3879.45876
499.6831187	3884.089396
499.855811	3858.925356
500.0285049	3906.938444
500.2012004	3895.39225
500.3738974	3877.877447
500.5465961	3861.920121
500.7192963	3915.510894
500.8919981	3853.337101
501.0647014	3883.617231
501.2374064	3910.392963
501.410113	3960.4494
501.5828211	3950.063259
501.7555308	3902.87677
501.9282421	3903.69816
502.100955	3883.747081
502.2736694	3879.077809
502.4463854	3953.94144
502.6191031	3949.955208
502.7918223	3934.574097
502.9645431	3889.976663
503.1372654	3938.603755
503.3099894	3882.118222
503.4827149	3986.317538
503.655442	3919.036483
503.8281707	3960.453973
504.000901	3976.507218
504.1736329	3958.511179
504.3463663	3967.726307
504.5191013	3962.280791
504.6918379	3947.339765
504.8645761	3994.239546
505.0373159	3950.26885
505.2100572	4003.75819
505.3828002	3970.128024
505.5555447	3962.854866
505.7282908	3937.824715
505.9010385	3962.476142
506.0737878	3938.505538
506.2465386	3936.693682
506.419291	3961.436413
506.5920451	3917.976344
506.7648006	3961.089693
506.9375578	3969.765873
507.1103166	3928.810588
507.2830769	3946.872899
507.4558389	3966.045521
507.6286024	3942.965689
507.8013675	3920.102273
507.9741341	3915.793416
508.1469024	3958.471369
508.3196722	3936.135743
508.4924436	3923.2589
508.6652166	3986.209359
508.8379912	3923.63396
509.0107674	3972.769173
509.1835451	3952.992512
509.3563245	3923.222113
509.5291054	3896.058965
509.7018879	3977.324915
509.874672	3921.857661
510.0474576	3926.762894
510.2202449	3924.657492
510.3930337	3944.612978
510.5658241	3946.948234
510.7386161	3901.704168
510.9114097	3943.31979
511.0842048	3979.17665
511.2570015	3946.531131
511.4297999	3935.906563
511.6025998	3916.995784
511.7754013	3896.436051
511.9482043	3954.949878
512.121009	3948.014482
512.2938152	3852.196717
512.466623	3887.221576
512.6394324	3917.451583
512.8122434	3869.003298
512.9850559	3912.599126
513.1578701	3931.208763
513.3306858	3866.603756
513.5035031	3916.178308
513.676322	3842.386337
513.8491425	3907.155169
514.0219645	3886.075093
514.1947882	3847.190418
514.3676134	3852.61392
514.5404402	3890.817523
514.7132686	3851.243759
514.8860985	3891.952767
515.0589301	3894.823003
515.2317632	3888.880914
515.4045979	3846.026565
515.5774342	3900.614918
515.7502721	3817.937247
515.9231116	3847.693613
516.0959526	3842.513132
516.2687952	3816.098966
516.4416394	3837.552692
516.6144852	3778.252826
516.7873326	3857.53988
516.9601816	3860.61096
517.1330321	3866.662715
517.3058842	3853.849965
517.4787379	3843.972684
517.6515932	3804.920088
517.8244501	3840.522987
517.9973085	3797.927334
518.1701685	3795.518307
518.3430302	3798.130614
518.5158933	3833.144178
518.6887581	3862.048587
518.8616245	3826.24165
519.0344924	3820.606213
519.2073619	3787.442325
519.3802331	3835.827839
519.5531057	3759.657999
519.72598	3809.552698
519.8988559	3777.747982
520.0717333	3834.299241
520.2446123	3779.657123
520.4174929	3805.991849
520.5903751	3823.309712
520.7632589	3801.701288
520.9361442	3744.733274
521.1090311	3761.400259
521.2819197	3731.455209
521.4548098	3790.340302
521.6277014	3777.851065
521.8005947	3806.528558
521.9734895	3761.99108
522.146386	3771.792396
522.319284	3760.706847
522.4921836	3814.740614
522.6650847	3765.070117
522.8379875	3762.025226
523.0108918	3772.933248
523.1837977	3803.717776
523.3567052	3792.684196
523.5296143	3778.201336
523.702525	3766.058571
523.8754372	3801.736788
524.0483511	3759.937917
524.2212665	3795.692576
524.3941835	3727.220064
524.567102	3765.245593
524.7400222	3748.542109
524.9129439	3740.574238
525.0858673	3782.219186
525.2587922	3788.523775
525.4317187	3744.352217
525.6046467	3798.605199
525.7775764	3741.806446
525.9505076	3756.47684
526.1234404	3754.17613
526.2963748	3771.006445
526.4693108	3734.751927
526.6422484	3786.451006
526.8151875	3702.200678
526.9881283	3762.035826
527.1610706	3782.682367
527.3340145	3761.804067
527.5069599	3728.330355
527.679907	3786.36928
527.8528556	3743.18452
528.0258059	3739.47367
528.1987577	3732.589928
528.371711	3772.889995
528.544666	3773.830804
528.7176226	3760.707329
528.8905807	3773.640659
529.0635404	3733.039871
529.2365017	3738.171764
529.4094646	3751.056766
529.5824291	3712.168229
529.7553951	3712.266385
529.9283627	3748.147938
530.101332	3716.748121
530.2743027	3714.30428
530.4472751	3730.865338
530.6202491	3758.86908
530.7932246	3762.506392
530.9662017	3650.746398
531.1391805	3744.972102
531.3121607	3701.448462
531.4851426	3725.079408
531.6581261	3704.748279
531.8311111	3741.71985
532.0040977	3703.0106
532.1770859	3691.699534
532.3500757	3724.818098
532.5230671	3781.352177
532.69606	3749.628953
532.8690545	3728.905925
533.0420506	3753.534098
533.2150483	3715.460494
533.3880476	3702.342637
533.5610485	3692.94854
533.7340509	3716.896781
533.9070549	3700.169261
534.0800605	3709.215898
534.2530677	3738.120792
534.4260765	3723.534819
534.5990868	3672.392454
534.7720988	3717.614774
534.9451123	3664.008268
535.1181274	3736.1493
535.2911441	3684.469037
535.4641623	3704.870405
535.6371822	3704.366969
535.8102036	3733.911635
535.9832266	3738.402661
536.1562512	3723.894776
536.3292774	3706.024715
536.5023052	3710.362937
536.6753345	3734.631818
536.8483654	3754.15109
537.0213979	3756.030957
537.194432	3684.707447
537.3674677	3703.917426
537.5405049	3679.486452
537.7135438	3699.202474
537.8865842	3729.306166
538.0596262	3732.611581
538.2326698	3718.396697
538.4057149	3699.4698
538.5787617	3728.119322
538.75181	3749.951847
538.9248599	3742.158894
539.0979114	3744.33803
539.2709645	3735.390078
539.4440191	3713.323063
539.6170754	3739.49836
539.7901332	3723.504633
539.9631926	3702.04431
540.1362536	3724.201279
540.3093161	3728.649531
540.4823803	3733.220169
540.655446	3740.29888
540.8285133	3706.53011
541.0015822	3717.545322
541.1746527	3691.002667
541.3477248	3739.523623
541.5207984	3749.932578
541.6938737	3739.791862
541.8669505	3740.252124
542.0400289	3682.879101
542.2131088	3717.065929
542.3861904	3771.684908
542.5592735	3696.676355
542.7323583	3681.477862
542.9054446	3720.506943
543.0785324	3755.59632
543.2516219	3719.788547
543.424713	3720.571725
543.5978056	3737.338457
543.7708998	3700.748271
543.9439956	3735.443548
544.117093	3728.113397
544.290192	3735.657616
544.4632925	3646.716492
544.6363946	3700.381449
544.8094983	3732.401386
544.9826036	3704.950691
545.1557105	3681.257603
545.328819	3733.252734
545.501929	3713.775132
545.6750406	3698.824688
545.8481538	3737.458608
546.0212686	3713.943613
546.194385	3704.75453
546.3675029	3739.876733
546.5406225	3707.679237
546.7137436	3747.583754
546.8868663	3699.675367
547.0599906	3713.038903
547.2331164	3680.453659
547.4062439	3675.667548
547.5793729	3675.343584
547.7525035	3662.171052
547.9256357	3712.439191
548.0987695	3717.339341
548.2719048	3700.502753
548.4450418	3716.695333
548.6181803	3667.176452
548.7913204	3683.53542
548.9644621	3667.910738
549.1376053	3661.418883
549.3107502	3675.835734
549.4838966	3672.01755
549.6570446	3708.408409
549.8301942	3683.010172
550.0033454	3660.451017
550.1764982	3661.240989
550.3496525	3636.267513
550.5228084	3657.885919
550.6959659	3631.643942
550.869125	3639.459682
551.0422857	3663.405389
551.215448	3679.464151
551.3886118	3648.885217
551.5617772	3658.4846
551.7349442	3609.17701
551.9081128	3611.574861
552.081283	3583.566534
552.2544547	3637.195033
552.4276281	3598.849514
552.600803	3626.060691
552.7739795	3602.003623
552.9471576	3612.260021
553.1203372	3618.550769
553.2935185	3644.294623
553.4667013	3606.752858
553.6398857	3617.23381
553.8130717	3564.919975
553.9862593	3618.124164
554.1594484	3629.238987
554.3326392	3568.251616
554.5058315	3593.556928
554.6790254	3581.411798
554.8522209	3572.102476
555.0254179	3571.914538
555.1986166	3569.533765
555.3718168	3581.807287
555.5450186	3566.538396
555.718222	3578.258897
555.891427	3537.952872
556.0646336	3520.86053
556.2378417	3565.766238
556.4110514	3561.982799
556.5842627	3563.70518
556.7574756	3551.404312
556.9306901	3496.865244
557.1039062	3534.934858
557.2771238	3530.742867
557.450343	3554.573247
557.6235638	3564.352872
557.7967862	3506.68667
557.9700102	3536.201848
558.1432357	3543.651475
558.3164628	3506.014572
558.4896916	3529.066407
558.6629219	3503.85702
558.8361537	3526.82961
559.0093872	3527.632338
559.1826222	3505.719109
559.3558589	3513.979418
559.5290971	3492.935423
559.7023369	3502.474123
559.8755782	3497.88586
560.0488212	3494.837529
560.2220657	3503.010201
560.3953118	3489.955355
560.5685595	3500.026025
560.7418088	3452.607451
560.9150597	3454.681047
561.0883121	3473.391744
561.2615662	3455.044505
561.4348218	3474.913255
561.608079	3481.911002
561.7813378	3435.526654
561.9545981	3465.993064
562.1278601	3462.724589
562.3011236	3445.525374
562.4743887	3435.783876
562.6476554	3412.961177
562.8209237	3452.713121
562.9941935	3419.179416
563.167465	3437.667226
563.340738	3411.283704
563.5140126	3463.307046
563.6872888	3410.467906
563.8605665	3409.997442
564.0338459	3403.570308
564.2071268	3408.519084
564.3804093	3396.524879
564.5536934	3370.825398
564.7269791	3413.039539
564.9002664	3383.462659
565.0735552	3362.726854
565.2468456	3386.666482
565.4201376	3379.690095
565.5934312	3346.993349
565.7667264	3341.399896
565.9400231	3352.934549
566.1133215	3376.060293
566.2866214	3350.994276
566.4599229	3329.484067
566.633226	3335.146362
566.8065306	3358.718799
566.9798369	3281.487763
567.1531447	3297.642955
567.3264541	3315.965653
567.4997651	3303.023172
567.6730777	3282.990813
567.8463919	3289.791752
568.0197076	3276.226169
568.1930249	3296.123695
568.3663438	3298.415457
568.5396643	3285.346883
568.7129864	3274.877571
568.8863101	3275.497506
569.0596353	3306.022012
569.2329621	3254.395908
569.4062905	3258.001321
569.5796205	3252.362601
569.7529521	3251.174297
569.9262852	3259.599402
570.0996199	3230.259552
570.2729563	3282.059359
570.4462941	3197.996861
570.6196336	3244.113493
570.7929747	3210.160483
570.9663173	3191.941573
571.1396616	3189.597631
571.3130074	3204.83744
571.4863547	3215.658948
571.6597037	3180.829097
571.8330543	3189.322432
572.0064064	3195.020511
572.1797601	3167.004743
572.3531154	3161.317449
572.5264723	3172.439894
572.6998308	3142.376098
572.8731908	3151.906506
573.0465525	3176.894868
573.2199157	3175.360356
573.3932805	3172.181246
573.5666468	3155.631309
573.7400148	3152.884949
573.9133843	3115.873861
574.0867555	3121.994028
574.2601282	3094.14244
574.4335025	3122.950475
574.6068783	3085.421899
574.7802558	3120.292727
574.9536348	3089.787815
575.1270154	3094.822294
575.3003976	3065.740798
575.4737814	3104.056261
575.6471668	3055.559115
575.8205537	3062.476181
575.9939423	3056.401152
576.1673324	3070.36109
576.3407241	3057.958566
576.5141173	3052.767439
576.6875122	3030.019656
576.8609086	3052.086727
577.0343067	3062.546265
577.2077063	3043.166048
577.3811075	3027.833208
577.5545102	3032.987105
577.7279146	3018.436769
577.9013205	3013.894154
578.074728	3026.589908
578.2481371	3033.436639
578.4215478	2998.481286
578.5949601	3041.185549
578.7683739	3002.607404
578.9417894	3001.971997
579.1152064	3015.440865
579.288625	2977.786314
579.4620451	2976.219456
579.6354669	3009.218684
579.8088902	2978.404845
579.9823152	2977.893508
580.1557417	2984.564972
580.3291698	2957.133378
580.5025994	2952.819563
580.6760307	2981.588455
580.8494635	2963.070908
581.0228979	2973.055307
581.1963339	2942.234868
581.3697715	2964.400506
581.5432107	2962.848674
581.7166514	2960.708507
581.8900937	2942.310237
582.0635377	2979.842797
582.2369832	2942.046411
582.4104302	2915.22081
582.5838789	2919.189185
582.7573291	2950.758926
582.9307809	2906.916363
583.1042344	2920.098251
583.2776893	2910.728726
583.4511459	2929.859359
583.6246041	2950.773338
583.7980638	2943.92537
583.9715251	2915.875809
584.144988	2935.486255
584.3184525	2914.170895
584.4919186	2895.880283
584.6653862	2870.123203
584.8388554	2921.272619
585.0123262	2878.920405
585.1857986	2893.521693
585.3592726	2898.207521
585.5327482	2874.428865
585.7062253	2895.232313
585.879704	2874.29853
586.0531843	2890.873354
586.2266662	2874.799396
586.4001497	2873.688076
586.5736347	2879.7761
586.7471214	2887.301721
586.9206096	2881.369364
587.0940994	2892.238384
587.2675908	2904.688431
587.4410837	2896.479037
587.6145783	2885.512813
587.7880744	2872.647825
587.9615721	2855.036741
588.1350714	2842.905002
588.3085723	2861.698155
588.4820748	2825.962707
588.6555788	2849.339579
588.8290844	2826.104404
589.0025916	2845.164723
589.1761004	2825.5997
589.3496108	2845.536273
589.5231227	2847.197337
589.6966363	2859.961886
589.8701514	2838.406849
590.0436681	2829.922601
590.2171864	2836.22107
590.3907062	2842.36269
590.5642277	2817.191237
590.7377507	2831.973306
590.9112753	2839.402231
591.0848015	2856.605986
591.2583293	2822.899861
591.4318586	2835.588754
591.6053896	2830.019471
591.7789221	2817.005708
591.9524562	2824.450691
592.1259919	2837.890693
592.2995291	2813.732944
592.473068	2791.223666
592.6466084	2830.959265
592.8201504	2831.738261
592.993694	2786.574574
593.1672392	2813.494569
593.340786	2820.436022
593.5143343	2818.545796
593.6878843	2841.840008
593.8614358	2811.317448
594.0349889	2831.104119
594.2085435	2799.828852
594.3820998	2869.345671
594.5556576	2846.831645
594.7292171	2808.991465
594.9027781	2842.832644
595.0763406	2814.410693
595.2499048	2801.632114
595.4234706	2832.014098
595.5970379	2824.476165
595.7706068	2840.050341
595.9441773	2848.142191
596.1177494	2803.144519
596.2913231	2842.485383
596.4648983	2824.951477
596.6384751	2829.602045
596.8120535	2820.70001
596.9856335	2812.579201
597.1592151	2830.063693
597.3327983	2832.28758
597.506383	2842.400706
597.6799693	2847.235777
597.8535572	2831.31387
598.0271467	2847.361427
598.2007378	2825.896464
598.3743304	2834.377474
598.5479247	2836.610195
598.7215205	2833.91791
598.8951179	2845.118934
599.0687168	2839.396966
599.2423174	2864.440771
599.4159196	2853.966831
599.5895233	2866.259035
599.7631286	2889.7247
599.9367355	2886.601627
600.110344	2874.681435
600.283954	2864.458858
600.4575657	2875.82027
600.6311789	2877.869267
600.8047937	2894.507887
600.9784101	2858.356794
601.152028	2876.550831
601.3256476	2873.212403
601.4992687	2861.813714
601.6728914	2881.119059
601.8465157	2877.314528
602.0201416	2920.400317
602.1937691	2922.755559
602.3673981	2913.914023
602.5410287	2894.85688
602.7146609	2922.833845
602.8882947	2899.904371
603.0619301	2916.02351
603.2355671	2918.06769
603.4092056	2899.900942
603.5828457	2932.360611
603.7564874	2919.102331
603.9301307	2914.015254
604.1037756	2919.596859
604.277422	2938.070346
604.4510701	2909.723251
604.6247197	2933.940236
604.7983709	2934.797987
604.9720237	2946.355967
605.145678	2945.396591
605.319334	2974.706713
605.4929915	2938.147184
605.6666506	2952.268079
605.8403113	2989.966902
606.0139736	2958.270829
606.1876374	2965.825009
606.3613028	2997.785678
606.5349699	2993.018851
606.7086385	3004.100084
606.8823087	2988.637375
607.0559804	2962.161366
607.2296538	3013.845926
607.4033287	3011.239472
607.5770052	3013.939126
607.7506833	3028.310704
607.924363	3007.367423
608.0980443	3002.732154
608.2717271	3032.811216
608.4454115	3025.895341
608.6190975	3022.76608
608.7927851	3043.707064
608.9664743	3025.26261
609.1401651	3042.259453
609.3138574	3043.475604
609.4875513	3047.610074
609.6612468	3064.652278
609.8349439	3053.030016
610.0086426	3078.102396
610.1823428	3066.082937
610.3560446	3100.260133
610.5297481	3084.612154
610.7034531	3043.903876
610.8771596	3100.525214
611.0508678	3094.725192
611.2245775	3098.29009
611.3982889	3124.547512
611.5720018	3099.254834
611.7457163	3112.155394
611.9194323	3102.246843
612.09315	3108.327351
612.2668692	3120.85699
612.44059	3133.036012
612.6143124	3129.746597
612.7880364	3150.233396
612.961762	3140.325389
613.1354891	3175.519348
613.3092179	3178.86313
613.4829482	3175.117514
613.6566801	3192.878816
613.8304136	3179.677851
614.0041486	3195.776505
614.1778853	3178.138027
614.3516235	3214.932099
614.5253633	3207.213639
614.6991047	3223.915678
614.8728477	3212.934259
615.0465922	3242.345124
615.2203383	3221.273065
615.3940861	3231.842183
615.5678354	3224.123439
615.7415863	3247.061105
615.9153387	3248.806104
616.0890928	3247.921336
616.2628484	3291.968481
616.4366056	3259.117854
616.6103644	3267.508694
616.7841248	3267.884482
616.9578867	3272.29448
617.1316503	3270.641628
617.3054154	3292.67433
617.4791821	3299.70827
617.6529504	3328.124374
617.8267203	3308.997495
618.0004917	3316.225958
618.1742648	3333.615976
618.3480394	3344.330703
618.5218156	3327.245069
618.6955934	3323.171514
618.8693727	3368.366753
619.0431537	3356.056362
619.2169362	3330.728638
619.3907203	3348.698106
619.564506	3348.208528
619.7382933	3357.064056
619.9120822	3389.389257
620.0858726	3385.410716
620.2596646	3380.938702
620.4334582	3408.714978
620.6072534	3431.347154
620.7810502	3441.312447
620.9548486	3416.274576
621.1286485	3396.204869
621.30245	3469.170404
621.4762531	3433.387041
621.6500578	3450.425209
621.8238641	3467.774769
621.9976719	3437.568567
622.1714813	3465.202434
622.3452923	3466.468501
622.5191049	3478.438178
622.6929191	3482.93684
622.8667349	3474.767521
623.0405522	3503.729122
623.2143711	3491.455369
623.3881917	3475.116674
623.5620137	3513.752784
623.7358374	3498.394648
623.9096627	3542.998955
624.0834895	3517.383986
624.2573179	3533.453651
624.4311479	3539.541196
624.6049795	3530.048565
624.7788127	3573.719411
624.9526474	3587.722729
625.1264837	3569.788571
625.3003217	3577.161325
625.4741612	3577.042396
625.6480022	3589.446173
625.8218449	3609.437844
625.9956891	3603.343051
626.169535	3616.85732
626.3433824	3605.885305
626.5172313	3620.070922
626.6910819	3620.18839
626.8649341	3650.802901
627.0387878	3628.382816
627.2126431	3653.982484
627.3865	3657.907
627.5603585	3655.493627
627.7342186	3667.968867
627.9080802	3679.16557
628.0819434	3670.519381
628.2558083	3672.675825
628.4296747	3671.484112
628.6035426	3692.07412
628.7774122	3690.723686
628.9512833	3741.421243
629.1251561	3715.917126
629.2990304	3729.001191
629.4729062	3738.795567
629.6467837	3710.133104
629.8206628	3713.519646
629.9945434	3736.276201
630.1684256	3749.047774
630.3423094	3722.299897
630.5161948	3751.280619
630.6900818	3762.635214
630.8639703	3759.176071
631.0378604	3749.444876
631.2117522	3790.581642
631.3856455	3767.342161
631.5595403	3772.511833
631.7334368	3791.086223
631.9073348	3810.835383
632.0812344	3837.895573
632.2551357	3791.750441
632.4290384	3791.024447
632.6029428	3811.60557
632.7768488	3829.293672
632.9507563	3824.411853
633.1246654	3879.576433
633.2985761	3845.681223
633.4724884	3850.996836
633.6464023	3864.589073
633.8203177	3842.529113
633.9942347	3869.765054
634.1681533	3877.48192
634.3420735	3854.958937
634.5159953	3894.70131
634.6899187	3880.787678
634.8638436	3879.79563
635.0377701	3850.572756
635.2116982	3866.333891
635.3856279	3896.264222
635.5595592	3885.402533
635.7334921	3861.684368
635.9074265	3887.819853
636.0813625	3887.898863
636.2553001	3904.29374
636.4292393	3884.513964
636.60318	3926.897382
636.7771224	3909.623199
636.9510663	3915.78776
637.1250118	3898.524034
637.2989589	3980.471673
637.4729076	3927.588724
637.6468579	3917.981271
637.8208097	3909.077642
637.9947631	3939.987886
638.1687181	3920.703603
638.3426747	3932.750784
638.5166329	3954.045254
638.6905926	3949.245063
638.864554	3933.401235
639.0385169	3955.392013
639.2124814	3946.752521
639.3864475	3967.916908
639.5604151	3946.714814
639.7343844	3947.03396
639.9083552	3938.933613
640.0823276	3951.272057
640.2563016	3937.84118
640.4302772	3935.31184
640.6042543	3942.437594
640.7782331	3943.563897
640.9522134	3919.245966
641.1261953	3980.512894
641.3001788	3955.658071
641.4741639	3938.324902
641.6481505	3933.438686
641.8221387	3932.821773
641.9961286	3965.159181
642.17012	3997.120565
642.3441129	3938.545476
642.5181075	3969.815246
642.6921037	3976.754789
642.8661014	3953.202953
643.0401007	3950.657168
643.2141016	3942.763446
643.3881041	3971.750689
643.5621081	3952.225577
643.7361138	3947.370832
643.910121	3956.149133
644.0841298	3985.903149
644.2581402	3945.607951
644.4321521	3963.027635
644.6061657	3979.897912
644.7801808	3963.148588
644.9541975	3989.323797
645.1282158	3930.84751
645.3022357	3976.563357
645.4762572	3966.277371
645.6502802	3971.648479
645.8243048	3968.778159
645.9983311	3959.885895
646.1723589	3957.283394
646.3463882	3992.307489
646.5204192	3950.83815
646.6944517	3991.156506
646.8684858	3941.73407
647.0425215	3969.081145
647.2165588	3972.376216
647.3905977	3957.681163
647.5646382	3938.167973
647.7386802	3966.98844
647.9127238	3940.136241
648.086769	3897.063223
648.2608158	3941.016531
648.4348641	3963.69085
648.6089141	3937.929444
648.7829656	3973.549154
648.9570187	3946.364545
649.1310734	3969.256125
649.3051297	3964.52856
649.4791875	3959.077955
649.653247	3887.694542
649.827308	3918.127394
650.0013706	3922.601021
650.1754348	3940.882526
650.3495006	3955.744991
650.5235679	3922.766593
650.6976368	3919.297192
650.8717074	3903.000436
651.0457795	3875.936211
651.2198531	3896.875715
651.3939284	3893.411499
651.5680052	3941.401519
651.7420837	3902.005389
651.9161637	3921.330545
652.0902453	3919.166367
652.2643284	3881.986061
652.4384132	3885.621186
652.6124995	3930.707438
652.7865875	3867.125271
652.960677	3891.124439
653.134768	3863.862576
653.3088607	3854.406328
653.482955	3863.128682
653.6570508	3888.38324
653.8311482	3852.384957
654.0052472	3830.857092
654.1793478	3868.66665
654.35345	3867.092028
654.5275537	3839.270565
654.701659	3865.173997
654.8757659	3854.58888
655.0498744	3834.365079
655.2239845	3814.58778
655.3980962	3811.344041
655.5722094	3846.999542
655.7463242	3806.631634
655.9204406	3803.98209
656.0945586	3800.485948
656.2686782	3834.501605
656.4427993	3804.576691
656.616922	3801.025192
656.7910464	3783.506761
656.9651723	3802.881948
657.1392997	3823.016341
657.3134288	3773.791949
657.4875594	3799.546352
657.6616917	3773.45402
657.8358255	3802.200237
658.0099609	3774.106224
658.1840978	3804.123906
658.3582364	3759.21891
658.5323765	3771.016043
658.7065183	3731.295495
658.8806616	3776.75257
659.0548064	3727.092665
659.2289529	3724.658532
659.403101	3727.030884
659.5772506	3721.225554
659.7514018	3736.865235
659.9255546	3733.715993
660.099709	3721.98282
660.2738649	3692.251246
660.4480225	3683.646389
660.6221816	3690.438579
660.7963423	3716.009773
660.9705046	3701.914075
661.1446685	3660.729524
661.3188339	3685.906567
661.493001	3674.756196
661.6671696	3671.253268
661.8413398	3677.83096
662.0155116	3623.165732
662.1896849	3640.545518
662.3638599	3624.679699
662.5380364	3618.277003
662.7122145	3649.368289
662.8863942	3598.404027
663.0605755	3635.075974
663.2347584	3576.898995
663.4089428	3626.925299
663.5831288	3585.793298
663.7573165	3602.895782
663.9315056	3591.957289
664.1056964	3585.498519
664.2798888	3590.915406
664.4540827	3561.411372
664.6282782	3593.235509
664.8024753	3583.257906
664.976674	3585.502394
665.1508743	3562.925673
665.3250761	3573.435708
665.4992796	3557.642344
665.6734846	3569.781797
665.8476912	3498.477603
666.0218993	3521.986336
666.1961091	3513.072878
666.3703204	3494.074467
666.5445334	3514.298354
666.7187479	3538.857777
666.892964	3488.479781
667.0671816	3493.539939
667.2414009	3514.526982
667.4156217	3466.378215
667.5898442	3444.944973
667.7640682	3440.833184
667.9382937	3429.405183
668.1125209	3445.44785
668.2867497	3441.162578
668.46098	3415.661547
668.6352119	3423.582236
668.8094454	3421.700637
668.9836805	3416.768217
669.1579171	3384.088317
669.3321554	3359.73324
669.5063952	3393.384457
669.6806366	3389.324154
669.8548796	3366.66527
670.0291242	3346.069249
670.2033703	3348.194725
670.3776181	3323.169162
670.5518674	3338.978976
670.7261183	3327.658457
670.9003708	3300.264657
671.0746248	3309.209861
671.2488805	3290.771047
671.4231377	3260.420636
671.5973965	3287.673674
671.7716569	3298.647443
671.9459189	3249.955776
672.1201824	3254.752018
672.2944476	3215.556618
672.4687143	3250.228556
672.6429826	3248.310865
672.8172525	3235.016111
672.991524	3197.353778
673.165797	3229.594368
673.3400717	3235.601852
673.5143479	3198.314595
673.6886257	3186.562032
673.8629051	3185.430559
674.037186	3164.276926
674.2114686	3171.49451
674.3857527	3132.719338
674.5600384	3145.651846
674.7343257	3118.438869
674.9086146	3143.826146
675.0829051	3118.302944
675.2571971	3099.857959
675.4314907	3127.771712
675.6057859	3107.337773
675.7800827	3115.686366
675.9543811	3070.269208
676.128681	3095.536016
676.3029826	3073.156083
676.4772857	3062.000706
676.6515904	3075.356969
676.8258967	3036.207062
677.0002045	3029.520559
677.174514	3019.625344
677.348825	3037.298527
677.5231376	3014.875621
677.6974518	3023.591738
677.8717676	3004.422812
678.046085	2955.40627
678.2204039	2963.72378
678.3947244	2955.219461
678.5690465	2968.464812
678.7433702	2951.049458
678.9176955	2946.968839
679.0920224	2926.601678
679.2663508	2898.031439
679.4406808	2866.775871
679.6150124	2903.625785
679.7893456	2874.845366
679.9636804	2850.294842
680.1380167	2845.028798
680.3123546	2828.224279
680.4866941	2838.556145
680.6610352	2833.049328
680.8353779	2850.2732
681.0097222	2826.054808
681.184068	2818.833149
681.3584154	2810.349784
681.5327644	2796.784181
681.707115	2775.501164
681.8814672	2759.70316
682.055821	2739.394458
682.2301763	2769.237181
682.4045332	2756.016059
682.5788917	2732.322251
682.7532518	2735.576821
682.9276135	2718.864369
683.1019767	2718.73182
683.2763415	2688.069881
683.4507079	2698.330768
683.6250759	2682.544842
683.7994455	2672.948776
683.9738167	2665.555118
684.1481894	2667.978712
684.3225637	2640.641907
684.4969396	2662.318922
684.6713171	2637.08233
684.8456962	2644.075288
685.0200768	2639.446178
685.1944591	2607.003599
685.3688429	2595.93695
685.5432283	2592.326433
685.7176153	2582.643417
685.8920038	2549.26518
686.066394	2522.717929
686.2407857	2493.295534
686.415179	2492.542551
686.5895739	2469.577958
686.7639704	2437.994174
686.9383685	2458.249916
687.1127681	2462.578697
687.2871693	2478.619925
687.4615721	2495.055417
687.6359765	2513.594472
687.8103825	2480.549587
687.98479	2486.271416
688.1591992	2492.930833
688.3336099	2496.428951
688.5080222	2484.081532
688.6824361	2455.631346
688.8568515	2441.888708
689.0312686	2430.998286
689.2056872	2441.845842
689.3801074	2435.68756
689.5545292	2404.942936
689.7289526	2381.434042
689.9033775	2375.278158
690.0778041	2353.927828
690.2522322	2364.047332
690.4266619	2361.983627
690.6010932	2369.334896
690.7755261	2351.617727
690.9499605	2331.619738
691.1243965	2334.457463
691.2988342	2331.656616
691.4732734	2295.557398
691.6477141	2306.007499
691.8221565	2310.473807
691.9966005	2301.793151
692.171046	2280.26993
692.3454931	2296.336331
692.5199418	2331.888596
692.6943921	2356.788872
692.8688439	2407.615849
693.0432974	2402.17608
693.2177524	2424.238188
693.392209	2439.497423
693.5666672	2485.528193
693.7411269	2538.051651
693.9155883	2565.675986
694.0900512	2582.340418
694.2645157	2574.450005
694.4389818	2482.996771
694.6134495	2398.902678
694.7879188	2126.585093
694.9623896	1884.105994
695.1368621	1606.269715
695.3113361	1376.531443
695.4858117	1205.694651
695.6602888	1114.853849
695.8347676	1071.317493
696.0092479	1105.679634
696.1837299	1180.683719
696.3582134	1330.545567
696.5326984	1517.439748
696.7071851	1674.686484
696.8816734	1967.810471
697.0561632	2136.283907
697.2306546	2335.738932
697.4051476	2470.364595
697.5796422	2553.790055
697.7541384	2523.722324
697.9286361	2496.658084
698.1031354	2413.13981
698.2776363	2316.825548
698.4521388	2196.339352
698.6266429	2115.366029
698.8011486	2029.1521
698.9756558	1967.641763
699.1501646	1914.317425
699.324675	1899.053671
699.499187	1920.758458
699.6737006	1909.095414
699.8482157	1919.909824
700.0227325	1940.313251
700.1972508	1934.231338
700.3717707	1903.749146
700.5462922	1901.048208
700.7208152	1887.528522
700.8953399	1871.247582
701.0698661	1868.844026
701.2443939	1847.355093
701.4189233	1871.172308
701.5934543	1906.33951
701.7679868	1881.967025
701.942521	1833.894562
702.1170567	1842.453804
702.291594	1813.295574
702.4661329	1802.455761
702.6406733	1780.977978
702.8152154	1781.495565
702.989759	1755.288959
703.1643042	1775.375201
703.338851	1778.861452
703.5133994	1780.658299
703.6879494	1750.070153
703.8625009	1796.349265
704.037054	1757.744088
704.2116088	1770.361535
704.386165	1745.211688
704.5607229	1728.62754
704.7352824	1724.282854
704.9098434	1706.232606
705.084406	1717.962098
705.2589702	1727.216012
705.433536	1726.64512
705.6081034	1709.428615
705.7826723	1712.486893
705.9572429	1698.01555
706.131815	1693.117886
706.3063887	1672.87497
706.480964	1636.987362
706.6555408	1615.447857
706.8301193	1605.379859
707.0046993	1619.512523
707.1792809	1633.668855
707.3538641	1642.648763
707.5284489	1618.220193
707.7030352	1651.895382
707.8776232	1593.629544
708.0522127	1629.369709
708.2268038	1588.644787
708.4013965	1598.632131
708.5759907	1595.975741
708.7505866	1586.195354
708.925184	1579.970947
709.099783	1594.247897
709.2743836	1592.987382
709.4489858	1575.001996
709.6235896	1554.673788
709.7981949	1574.880696
709.9728018	1522.496366
710.1474104	1530.659342
710.3220204	1522.689227
710.4966321	1485.276162
710.6712454	1491.040602
710.8458602	1483.033891
711.0204766	1468.901579
711.1950946	1461.042934
711.3697142	1435.940235
711.5443354	1409.759395
711.7189581	1389.803294
711.8935825	1373.840719
712.0682084	1357.792655
712.2428359	1363.491215
712.417465	1355.011454
712.5920956	1384.912931
712.7667279	1383.230124
712.9413617	1402.8159
713.1159971	1421.397563
713.2906341	1435.698606
713.4652727	1451.547923
713.6399128	1455.07087
713.8145545	1471.419801
713.9891979	1474.067351
714.1638428	1457.839326
714.3384893	1450.045268
714.5131373	1463.584907
714.687787	1426.615612
714.8624382	1422.807939
715.037091	1409.65247
715.2117454	1368.145211
715.3864014	1365.088912
715.5610589	1354.148074
715.7357181	1377.164203
715.9103788	1379.885737
716.0850411	1391.812497
716.259705	1400.568555
716.4343705	1395.898947
716.6090375	1379.644575
716.7837062	1381.033394
716.9583764	1394.835849
717.1330482	1403.375684
717.3077216	1369.133075
717.4823966	1364.426973
717.6570731	1341.310445
717.8317512	1315.195336
718.0064309	1296.803774
718.1811122	1310.212047
718.3557951	1279.085523
718.5304796	1273.199639
718.7051656	1234.729569
718.8798532	1234.091482
719.0545425	1209.139496
719.2292332	1217.173323
719.4039256	1188.432914
719.5786196	1181.449434
719.7533151	1203.115439
719.9280122	1189.248372
720.1027109	1186.864538
720.2774112	1175.192259
720.4521131	1174.284617
720.6268165	1168.85702
720.8015216	1155.165372
720.9762282	1144.189496
721.1509364	1138.513245
721.3256461	1153.213397
721.5003575	1129.215604
721.6750704	1148.509743
721.849785	1134.575073
722.0245011	1129.728854
722.1992188	1123.865142
722.373938	1107.339452
722.5486589	1091.869676
722.7233813	1077.796238
722.8981053	1077.70531
723.0728309	1081.917209
723.2475581	1062.754894
723.4222869	1062.651319
723.5970172	1051.460822
723.7717492	1040.194846
723.9464827	1043.168548
724.1212178	1027.030947
724.2959545	1017.603835
724.4706927	1033.923906
724.6454326	1028.740486
724.820174	1045.192105
724.994917	1029.612095
725.1696616	1033.408146
725.3444078	1027.450368
725.5191555	1032.624598
725.6939048	1010.659938
725.8686558	1017.650817
726.0434083	1019.647639
726.2181623	1009.542002
726.392918	996.5611498
726.5676753	1002.161384
726.7424341	976.4053341
726.9171945	966.3980486
727.0919565	972.8119287
727.2667201	969.1476032
727.4414852	948.3056427
727.616252	956.2783563
727.7910203	973.5230617
727.9657902	964.4824975
728.1405617	947.6827845
728.3153348	945.7004623
728.4901094	959.6361262
728.6648857	930.372344
728.8396635	924.6118324
729.0144429	926.2759819
729.1892239	920.7219458
729.3640064	896.6649533
729.5387906	927.2222325
729.7135763	916.7692411
729.8883636	898.3215182
730.0631525	910.7639668
730.237943	915.9779343
730.412735	925.3881212
730.5875287	890.3827781
730.7623239	869.7756839
730.9371207	892.8909783
731.1119191	884.0434324
731.2867191	883.0352071
731.4615206	873.3347365
731.6363238	873.9141678
731.8111285	859.3820288
731.9859348	854.2286605
732.1607427	859.7685727
732.3355521	852.195217
732.5103632	849.1393938
732.6851758	849.4903018
732.85999	830.0646637
733.0348058	829.3400782
733.2096232	824.5897789
733.3844421	798.1611514
733.5592627	807.5593187
733.7340848	829.3710682
733.9089085	824.9788387
734.0837338	805.1084441
734.2585607	818.8405815
734.4333891	826.207584
734.6082192	834.3017035
734.7830508	812.2949341
734.957884	830.1390162
735.1327188	806.8368954
735.3075551	779.058615
735.4823931	768.7458107
735.6572326	801.9113471
735.8320737	785.5588769
736.0069164	782.8893547
736.1817607	790.6345395
736.3566065	789.1571695
736.531454	762.2581829
736.706303	774.5393069
736.8811536	749.3745445
737.0560058	753.3761688
737.2308596	722.5497045
737.4057149	715.9027901
737.5805718	735.1402186
737.7554304	708.3569241
737.9302905	700.7430618
738.1051521	730.1778435
738.2800154	731.8817299
738.4548803	729.2260609
738.6297467	717.6946298
738.8046147	702.4363341
738.9794843	689.0794459
739.1543555	714.4780206
739.3292282	700.9689343
739.5041026	698.6855562
739.6789785	693.2995772
739.853856	677.7798657
740.0287351	689.6534307
740.2036158	666.4192317
740.378498	667.6632405
740.5533818	675.4192797
740.7282673	650.340908
740.9031543	684.5944284
741.0780428	636.9245034
741.252933	661.0333442
741.4278247	654.5364681
741.6027181	655.966669
741.777613	635.5929768
741.9525095	636.7787952
742.1274076	646.5675031
742.3023072	653.0361566
742.4772084	641.3953821
742.6521113	636.4311148
742.8270157	624.8460113
743.0019217	642.255761
743.1768292	643.2394707
743.3517384	651.5838159
743.5266491	625.4833234
743.7015614	621.9009579
743.8764753	621.8542033
744.0513908	621.8351643
744.2263079	611.4739793
744.4012265	642.8580352
744.5761468	608.8739457
744.7510686	594.1171891
744.925992	604.3780264
745.1009169	608.6472619
745.2758435	629.673393
745.4507716	630.9591429
745.6257013	607.434888
745.8006327	611.3200062
745.9755655	577.6141844
746.1505	567.7633395
746.3254361	557.4590803
746.5003737	567.4998788
746.6753129	572.4608153
746.8502537	578.0650215
747.0251961	600.1842031
747.2001401	583.6652347
747.3750856	577.8422388
747.5500327	573.4394622
747.7249814	570.1291833
747.8999317	570.6292594
748.0748836	556.3555366
748.2498371	542.3486534
748.4247921	540.1422657
748.5997487	571.5670883
748.7747069	554.4711509
748.9496667	552.7574834
749.1246281	564.2556234
749.299591	553.7682851
749.4745556	552.3728882
749.6495217	541.7600368
749.8244894	542.5100612
749.9994587	517.0981342
750.1744295	535.5899939
750.349402	530.6649732
750.524376	524.7533037
750.6993516	534.3168052
750.8743288	523.7973743
751.0493076	516.2627084
751.2242879	518.2931035
751.3992699	525.6430706
751.5742534	512.5647087
751.7492385	503.6215263
751.9242252	490.0044145
752.0992134	493.7347554
752.2742033	508.231299
752.4491947	488.7742956
752.6241877	493.2610372
752.7991823	482.0833825
752.9741785	486.602648
753.1491763	475.9680938
753.3241756	495.4160592
753.4991766	486.883889
753.6741791	505.8609267
753.8491832	488.2314875
754.0241888	472.917554
754.1991961	469.1232776
754.3742049	473.6224951
754.5492153	461.8102376
754.7242274	478.1617616
754.8992409	456.0209329
755.0742561	454.5644948
755.2492729	457.8981244
755.4242912	480.3199215
755.5993111	482.2962397
755.7743326	455.9015057
755.9493557	459.9855728
756.1243803	448.7659964
756.2994066	432.8806096
756.4744344	441.6117608
756.6494638	448.3984859
756.8244948	425.8379411
756.9995274	448.2045724
757.1745615	435.4102358
757.3495973	448.6369924
757.5246346	425.7551995
757.6996735	445.3637862
757.874714	457.2114126
758.0497561	426.3849392
758.2247997	418.688322
758.3998449	438.5033301
758.5748918	428.6842728
758.7499402	425.9986381
758.9249901	393.1296259
759.1000417	431.430679
759.2750948	401.9071104
759.4501496	416.6990089
759.6252059	420.26536
759.8002638	403.6696408
759.9753232	416.9972283
760.1503843	403.0335457
760.3254469	423.7572795
760.5005112	396.797458
760.675577	403.2913572
760.8506443	403.2968791
761.0257133	402.9660883
761.2007839	395.5563675
761.375856	392.7284927
761.5509297	379.5485603
761.726005	373.4626363
761.9010819	392.0608867
762.0761603	372.2882847
762.2512404	398.9935314
762.426322	396.8780504
762.6014052	381.1422698
762.77649	361.9296746
762.9515764	383.7953082
763.1266643	367.2274315
763.3017539	361.6148673
763.476845	386.4704386
763.6519377	378.6403027
763.827032	384.5920035
764.0021278	372.8262653
764.1772253	360.9035451
764.3523243	370.5324069
764.5274249	378.5262305
764.7025271	367.4640762
764.8776309	373.9781607
765.0527363	371.463692
765.2278432	354.1698737
765.4029517	372.5677042
765.5780619	345.6784528
765.7531735	338.8277822
765.9282868	348.161708
766.1034017	342.1405684
766.2785181	360.6920252
766.4536361	356.4529067
766.6287557	348.2119963
766.8038769	355.9081538
766.9789997	346.2307884
767.154124	359.5412957
767.32925	340.3025203
767.5043775	347.4950785
767.6795066	347.9812343
767.8546373	353.8851602
768.0297695	328.5851176
768.2049034	325.5163361
768.3800388	325.9816199
768.5551758	335.1959695
768.7303144	313.8884883
768.9054546	336.444051
769.0805963	332.6894355
769.2557396	319.7720214
769.4308846	323.1225172
769.6060311	328.9068964
769.7811791	338.2214817
769.9563288	330.0138291
770.1314801	306.1871625
770.3066329	327.1387064
770.4817873	322.075938
770.6569433	311.2706076
770.8321009	306.0347688
771.00726	325.2671619
771.1824208	307.3798425
771.3575831	324.8048219
771.532747	326.7552019
771.7079125	317.3938614
771.8830796	308.0229502
772.0582482	317.5762042
772.2334185	296.0976173
772.4085903	287.9273769
772.5837637	314.9260167
772.7589387	306.4430074
772.9341152	305.8097854
773.1092934	288.6292682
773.2844731	310.9850793
773.4596544	292.240841
773.6348373	283.2774185
773.8100218	282.6462303
773.9852079	310.0080618
774.1603955	278.472636
774.3355847	304.7013282
774.5107755	275.1085622
774.6859679	291.0104569
774.8611619	281.3954195
775.0363575	280.4655847
775.2115546	279.4823855
775.3867533	291.7343305
775.5619536	294.9074778
775.7371555	258.2898701
775.912359	294.9684401
776.087564	278.2679635
776.2627706	287.29286
776.4379789	260.820101
776.6131886	289.4843357
776.7884	274.7291231
776.963613	287.1509248
777.1388275	281.6144602
777.3140436	248.7177141
777.4892614	256.6865959
777.6644806	282.4752178
777.8397015	279.972629
778.014924	257.6545786
778.190148	250.6347882
778.3653736	290.6062241
778.5406008	276.5118908
778.7158296	270.562083
778.89106	261.1108788
779.0662919	269.5955918
779.2415255	255.5625545
779.4167606	251.5575299
779.5919973	266.5923161
779.7672355	252.2076284
779.9424754	270.5178986
780.1177168	258.6342126
780.2929599	242.5525533
780.4682045	254.7497801
780.6434507	252.0512395
780.8186984	243.6112443
780.9939478	238.3947773
781.1691987	252.8985326
781.3444512	264.9548734
781.5197053	253.0695664
781.694961	244.6849529
781.8702183	277.8355026
782.0454771	245.6531268
782.2207376	245.3339621
782.3959996	242.028636
782.5712632	258.9276117
782.7465283	243.1306578
782.9217951	265.4969848
783.0970634	254.5052725
783.2723334	231.198224
783.4476049	245.0394838
783.622878	233.5464534
783.7981526	203.3742409
783.9734289	224.3973239
784.1487067	235.022158
784.3239861	239.2661975
784.4992671	234.8057585
784.6745497	246.4433892
784.8498339	217.8892193
785.0251196	232.2429121
785.200407	254.0943829
785.3756959	232.9649285
785.5509864	242.6177077
785.7262784	219.7817141
785.9015721	200.4772555
786.0768673	239.838566
786.2521642	235.781474
786.4274626	222.0536899
786.6027626	225.16939
786.7780641	236.5844248
786.9533673	221.4308793
787.128672	213.282704
787.3039783	229.5777028
787.4792862	251.7489027
787.6545957	219.0028463
787.8299068	211.8465883
788.0052194	225.9090311
788.1805337	226.7718612
788.3558495	210.7306082
788.5311669	199.9326422
788.7064858	220.9427812
788.8818064	214.0472727
789.0571285	202.6433129
789.2324523	191.5699735
789.4077776	203.0590732
789.5831045	202.4613787
789.7584329	220.2278353
789.933763	221.5883163
790.1090946	217.8818178
790.2844278	212.9824075
790.4597626	224.9538148
790.635099	208.9515427
790.810437	199.408968
790.9857765	201.9181085
791.1611176	204.3296188
791.3364604	218.1389166
791.5118047	214.5728822
791.6871505	194.1781994
791.862498	229.9452706
792.037847	191.1958311
792.2131976	200.3279514
792.3885499	208.6346533
792.5639036	184.4715666
792.739259	185.5066738
792.914616	215.3259414
793.0899745	199.3450857
793.2653346	194.0881159
793.4406963	188.2403391
793.6160596	196.8737711
793.7914245	190.2609229
793.9667909	192.5241679
794.1421589	207.47617
794.3175285	196.9520958
794.4928997	197.1589115
794.6682725	203.6932735
794.8436469	193.8040522
795.0190228	206.4573579
795.1944003	197.0163555
795.3697794	177.5629472
795.5451601	177.6831067
795.7205424	220.2296909
795.8959262	199.1997985
796.0713117	178.6810906
796.2466987	174.462913
796.4220873	191.6360484
796.5974775	178.2641007
796.7728692	206.999042
796.9482626	198.33362
797.1236575	183.8452253
797.299054	201.290616
797.4744521	169.9468018
797.6498518	203.1231662
797.825253	188.5973131
798.0006559	193.4795673
798.1760603	177.5353523
798.3514663	177.579146
798.5268739	163.464491
798.7022831	194.4501068
798.8776938	170.9073559
799.0531062	189.0223887
799.2285201	192.3600485
799.4039356	188.192413
799.5793526	169.3950532
799.7547713	205.3474464
799.9301916	168.9737913
800.1056134	168.0727723
800.2810368	169.3564661
800.4564618	169.6532104
800.6318884	167.6803906
800.8073165	180.0564867
800.9827463	186.2445354
801.1581776	164.9460962
801.3336105	169.5157717
801.509045	175.7045397
801.684481	160.21394
801.8599187	169.3297462
802.0353579	156.5188766
802.2107987	141.4205773
802.3862411	173.0926688
802.5616851	190.213178
802.7371307	148.3688473
802.9125778	152.665766
803.0880266	171.3441037
803.2634769	162.2205959
803.4389288	188.9028659
803.6143822	158.8345741
803.7898373	172.3910386
803.9652939	145.9299343
804.1407521	136.455084
804.3162119	160.5396389
804.4916733	141.3017817
804.6671363	153.7525089
804.8426009	148.5897428
805.018067	171.5508425
805.1935347	130.2922961
805.369004	171.985773
805.5444749	154.8161649
805.7199473	155.9481222
805.8954214	161.6290539
806.070897	120.5601591
806.2463742	171.1137399
806.421853	165.4509477
806.5973334	116.3753144
806.7728153	155.7385443
806.9482989	113.8175731
807.123784	169.1345537
807.2992707	161.4111191
807.474759	141.0733221
807.6502489	138.9566969
807.8257403	184.884691
808.0012333	122.1338763
808.176728	192.5939232
808.3522242	135.5387338
808.5277219	135.4476611
808.7032213	145.6900706
808.8787222	155.7531405
809.0542248	153.5600697
809.2297289	144.3617324
809.4052346	173.6496157
809.5807418	143.6390897
809.7562507	142.7962589
809.9317611	154.9007665
810.1072732	160.9084465
810.2827868	172.1194634
810.4583019	141.8727423
810.6338187	155.1530134
810.8093371	175.6289874
810.984857	157.3585179
811.1603785	135.1303405
811.3359016	132.4097919
811.5114263	147.0354987
811.6869525	141.7445825
811.8624804	178.4161337
812.0380098	130.7536059
812.2135408	122.1407162
812.3890734	168.5901823
812.5646076	134.0241041
812.7401433	123.2790908
812.9156807	152.734402
813.0912196	155.4272638
813.2667601	111.9958077
813.4423022	143.2856734
813.6178459	133.8821231
813.7933911	157.8733099
813.9689379	164.3842301
814.1444864	137.5365108
814.3200364	143.6944814
814.4955879	144.3258691
814.6711411	122.0799745
814.8466958	119.0411976
815.0222522	118.9749394
815.1978101	131.6710644
815.3733696	177.9549741
815.5489306	124.2297984
815.7244933	132.8733537
815.9000575	139.3524179
816.0756233	140.0804143
816.2511907	143.1050111
816.4267597	128.7510661
816.6023303	171.5146272
816.7779025	143.5705665
816.9534762	187.2896654
817.1290515	129.2249762
817.3046284	127.4416013
817.4802069	188.9431346
817.6557869	158.186667
817.8313686	135.8985334
818.0069518	159.3252934
818.1825366	130.0171182
818.358123	143.736286
818.533711	116.726871
818.7093005	170.509968
818.8848917	132.8507846
819.0604844	107.6004451
819.2360787	109.1814946
819.4116746	125.2317702
819.587272	155.9098097
819.7628711	121.0509633
819.9384717	93.79221586
820.1140739	161.2165277
820.2896777	153.4564879
820.4652831	120.6136717
820.6408901	156.2765701
820.8164986	129.2361551
820.9921087	110.7838491
821.1677204	125.5302439
821.3433337	141.3411962
821.5189486	123.3385436
821.6945651	144.2853283
821.8701831	150.3911786
822.0458027	129.6745616
822.2214239	146.3513963
822.3970467	123.5805832
822.5726711	124.9211012
822.748297	164.204322
822.9239245	110.9915078
823.0995537	142.1224542
823.2751844	137.1037154
823.4508166	149.9701386
823.6264505	111.5099357
823.8020859	103.8310934
823.977723	151.8842026
824.1533616	137.8229797
824.3290018	99.69395192
824.5046435	127.0363138
824.6802869	158.0126799
824.8559318	165.7049322
825.0315783	120.1959614
825.2072264	151.0623657
825.3828761	141.9770371
825.5585274	117.6106961
825.7341802	152.0523076
825.9098347	133.4492941
826.0854907	126.31967
826.2611483	146.5568134
826.4368075	153.1924936
826.6124682	144.750344
826.7881306	114.6027986
826.9637945	142.4519156
827.13946	123.8917924
827.3151271	135.4857609
827.4907958	171.5731523
827.666466	132.3252009
827.8421378	122.4003529
828.0178113	142.82414
828.1934863	99.36905191
828.3691628	145.7208648
828.544841	91.72688351
828.7205208	152.5102831
828.8962021	159.4392892
829.071885	141.7621747
829.2475695	124.1561414
829.4232556	143.7470798
829.5989432	121.1755854
829.7746325	123.3546439
829.9503233	111.1362172
830.1260157	94.19517857
830.3017097	142.882782
830.4774053	121.8359855
830.6531024	153.1135131
830.8288012	98.54148294
831.0045015	145.7821192
831.1802034	134.71561
831.3559069	119.0534849
831.5316119	147.4357157
831.7073186	135.5093025
831.8830268	88.48513361
832.0587366	132.6828377
832.234448	137.0399519
832.410161	136.1725645
832.5858755	166.5958608
832.7615917	162.630785
832.9373094	167.4733591
833.1130287	104.2127982
833.2887496	152.7090446
833.4644721	149.555885
833.6401961	140.5393926
833.8159218	150.8657574
833.991649	124.0706869
834.1673778	121.3192115
834.3431082	166.7555745
834.5188401	197.4068527
834.6945737	161.4954893
834.8703088	168.0653044
835.0460455	143.6140009
835.2217838	155.9664753
835.3975237	145.8755647
835.5732652	107.6507968
835.7490082	119.9185678
835.9247528	163.4421393
836.100499	182.2074199
836.2762468	152.9746165
836.4519962	131.0643234
836.6277471	145.2372343
836.8034997	115.2842524
836.9792538	182.3573509
837.1550095	122.2636613
837.3307668	127.7139102
837.5065256	144.0329003
837.6822861	193.7682554
837.8580481	147.1886727
838.0338117	167.7466158
838.2095769	182.5298625
838.3853437	163.0899254
838.5611121	132.4021383
838.736882	150.6909621
838.9126535	129.3256637
839.0884266	161.3424302
839.2642013	145.953232
839.4399776	141.5507295
839.6157554	148.9690925
839.7915349	166.9660454
839.9673159	121.5473038
840.1430985	156.8055629
840.3188827	126.1121482
840.4946684	145.5097074
840.6704558	132.8115975
840.8462447	168.9391823
841.0220352	150.8042189
841.1978273	161.5801697
841.373621	146.7885486
841.5494162	157.0545824
841.7252131	134.860709
841.9010115	141.11729
842.0768115	103.987114
842.2526131	129.1917535
842.4284163	131.4558377
842.604221	125.4115902
842.7800274	144.7453323
842.9558353	100.527929
843.1316448	125.542158
843.3074559	109.8883578
843.4832685	130.5672359
843.6590828	133.7219566
843.8348986	150.7527529
844.010716	139.0989775
844.186535	128.2902744
844.3623556	139.3359818
844.5381777	123.2594701
844.7140015	150.8546545
844.8898268	128.2315875
845.0656537	163.3840044
845.2414822	174.3475872
845.4173123	114.839541
845.5931439	124.7656197
845.7689771	138.6729974
845.944812	141.2745532
846.1206484	177.1625005
846.2964863	172.1749453
846.4723259	130.6932638
846.6481671	162.8817144
846.8240098	153.394379
846.9998541	150.8440755
847.1757	164.1931975
847.3515475	147.4506981
847.5273965	172.0986564
847.7032472	177.8618309
847.8790994	175.1058181
848.0549532	135.997449
848.2308086	131.1935923
848.4066655	148.2986204
848.5825241	123.0827961
848.7583842	135.6300386
848.9342459	196.5858693
849.1101092	172.6054287
849.2859741	129.0866775
849.4618406	117.3106826
849.6377086	140.9959518
849.8135783	92.61941053
849.9894495	168.2010325
850.1653223	143.8629879
850.3411966	170.1407585
850.5170726	159.6886699
850.6929501	159.7344723
850.8688293	156.0714805
851.04471	187.8173292
851.2205922	120.6703441
851.3964761	169.390872
851.5723616	163.1324495
851.7482486	135.052752
851.9241372	167.2029565
852.1000274	159.4387382
852.2759192	157.9576144
852.4518126	134.5043719
852.6277075	150.2612021
852.803604	127.4010963
852.9795021	187.9203781
853.1554018	132.9155451
853.3313031	155.3336889
853.507206	152.5293941
853.6831104	179.2765867
853.8590164	127.5428973
854.034924	141.4212094
854.2108332	146.6189796
854.386744	149.9576657
854.5626563	167.7268051
854.7385703	115.4052751
854.9144858	173.4675136
855.0904029	140.8866294
855.2663216	176.6699532
855.4422418	160.5528594
855.6181637	200.5062189
855.7940871	133.9751597
855.9700121	186.9297327
856.1459387	144.7968968
856.3218669	158.6859607
856.4977966	142.6707899
856.673728	151.1021973
856.8496609	139.832954
857.0255954	137.2561658
857.2015315	152.4888089
857.3774691	129.0290513
857.5534084	177.6361448
857.7293492	215.8651984
857.9052916	155.1228417
858.0812356	191.6218619
858.2571812	184.9616199
858.4331284	157.738844
858.6090771	174.8981051
858.7850275	145.860414
858.9609794	156.9053564
859.1369329	153.9796166
859.3128879	183.8598984
859.4888446	160.4352922
859.6648028	188.9629934
859.8407626	215.6606263
860.0167241	207.2929084
860.192687	140.4511819
860.3686516	220.453558
860.5446178	152.9673343
860.7205855	155.6097815
860.8965548	160.8179154
861.0725257	242.9686355
861.2484982	193.5940572
861.4244722	147.3672412
861.6004479	187.1953218
861.7764251	192.1987321
861.9524039	165.3720615
862.1283843	146.2032007
862.3043663	200.7044743
862.4803498	139.4551357
862.656335	181.3034374
862.8323217	203.3908608
863.00831	244.2773029
863.1842999	153.7027041
863.3602914	142.5055147
863.5362844	238.5438415
863.712279	148.2702972
863.8882753	175.0992265
864.0642731	180.8260804
864.2402724	179.9092469
864.4162734	174.0597783
864.5922759	139.574139
864.7682801	173.0691232
864.9442858	231.180778
865.1202931	184.6012098
865.2963019	212.7996203
865.4723124	174.0754279
865.6483244	173.0937843
865.824338	139.5100585
866.0003533	156.0271037
866.17637	187.6790242
866.3523884	200.8928271
866.5284084	196.4356072
866.7044299	246.3391224
866.880453	186.8220227
867.0564777	187.9599808
867.232504	214.0053028
867.4085318	219.7153036
867.5845613	208.2537388
867.7605923	185.8379225
867.9366249	218.4303182
868.1126591	232.1074763
868.2886949	187.5657444
868.4647322	199.5263519
868.6407712	178.6584064
868.8168117	125.1179658
868.9928538	212.398627
869.1688975	239.4220118
869.3449427	183.1646664
869.5209896	117.9437266
869.697038	211.9794861
869.873088	205.4923815
870.0491396	261.6752188
870.2251928	149.6051792
870.4012476	253.1603054
870.5773039	170.8160366
870.7533618	218.8976744
870.9294214	209.2525821
871.1054824	154.4212871
871.2815451	205.3550835
871.4576094	213.8449095
871.6336752	213.8377915
871.8097426	192.8598295
871.9858116	228.9670582
872.1618822	201.1316903
872.3379544	166.2060272
872.5140281	205.9364814
872.6901035	202.9753255
872.8661804	189.0488105
873.0422589	206.8350636
873.2183389	213.7830963
873.3944206	231.2702776
873.5705039	248.1660712
873.7465887	265.8063634
873.9226751	224.0749046
874.0987631	216.3480176
874.2748526	219.7274183
874.4509438	241.5022067
874.6270365	215.2917792
874.8031309	192.4386141
874.9792268	211.6270278
875.1553242	211.8664503
875.3314233	217.796591
875.507524	218.9796574
875.6836262	230.8549706
875.85973	241.469078
876.0358354	244.0580613
876.2119424	226.403652
876.3880509	254.3007163
876.5641611	238.6034328
876.7402728	210.6121766
876.9163861	245.949524
877.092501	299.1343305
877.2686175	221.5678412
877.4447355	211.2793023
877.6208552	250.7781994
877.7969764	218.3581484
877.9730992	224.5820801
878.1492236	197.8529825
878.3253495	185.8499344
878.5014771	247.6898599
878.6776062	226.0034567
878.8537369	297.0934039
879.0298692	178.4719706
879.2060031	264.7513995
879.3821386	253.4193949
879.5582756	239.8288941
879.7344142	228.2337064
879.9105544	216.2731668
880.0866962	193.5214995
880.2628396	239.84353
880.4389845	214.203611
880.6151311	300.8091495
880.7912792	243.2411021
880.9674289	221.5329623
881.1435802	228.2958125
881.3197331	351.6581763
881.4958875	210.0199199
881.6720435	256.5496396
881.8482011	261.2037463
882.0243603	211.3646189
882.2005211	238.8070226
882.3766835	283.2955829
882.5528474	200.7431828
882.7290129	248.9646561
882.90518	279.4291341
883.0813487	255.3278099
883.257519	204.0096524
883.4336909	216.398469
883.6098643	208.6290157
883.7860393	263.0997936
883.9622159	204.4791831
884.1383941	317.170085
884.3145739	254.6168467
884.4907552	230.682522
884.6669381	236.1705833
884.8431227	259.1130694
885.0193087	254.7864437
885.1954964	291.3122095
885.3716857	228.2660777
885.5478765	304.0226892
885.724069	159.7637192
885.900263	307.161589
886.0764585	283.9880021
886.2526557	233.3831829
886.4288545	195.8656724
886.6050548	275.172666
886.7812567	305.2132269
886.9574602	285.766979
887.1336653	140.384186
887.309872	272.7190612
887.4860802	182.5176091
887.66229	320.3370295
887.8385015	272.7347304
888.0147145	297.6151536
888.190929	289.7793151
888.3671452	311.5058563
888.5433629	238.094912
888.7195823	285.778963
888.8958032	348.9665405
889.0720256	319.0138377
889.2482497	259.0143766
889.4244754	208.6113317
889.6007026	176.4687979
889.7769314	276.4024963
889.9531618	328.5644981
890.1293938	276.5396237
890.3056274	242.1171617
890.4818625	307.1487339
890.6580992	342.4195558
890.8343376	248.8706323
891.0105775	398.2696644
891.1868189	242.0630469
891.363062	272.5652067
891.5393066	267.9343172
891.7155529	338.9986594
891.8918007	319.8652714
892.06805	232.3196447
892.244301	325.4575512
892.4205536	277.3829834
892.5968077	364.4071648
892.7730634	331.0487045
892.9493207	245.8971888
893.1255796	273.4801683
893.3018401	307.8065699
893.4781021	280.2843948
893.6543657	376.6783075
893.830631	354.13763
894.0068977	333.4677213
894.1831661	290.2607491
894.3594361	250.4453518
894.5357076	256.7222558
894.7119807	452.1245166
894.8882555	407.9342817
895.0645317	356.026461
895.2408096	338.7020572
895.4170891	426.3353607
895.5933701	269.9557613
895.7696527	298.7605944
895.9459369	395.6344474
896.1222227	488.571075
896.2985101	310.4340149
896.474799	274.6662179
896.6510895	377.7295455
896.8273816	331.9412692
897.0036753	248.6241626
897.1799706	353.4513344
897.3562675	314.1402706
897.5325659	343.2890967
897.7088659	300.7745358
897.8851675	355.3280724
898.0614707	332.2168625
898.2377755	285.2252978
898.4140818	340.5027844
898.5903898	359.2779047
898.7666993	390.7663421
898.9430104	392.5852592
899.1193231	215.7089461
899.2956373	341.8500244
899.4719532	313.4889458
899.6482706	400.9825386
899.8245896	377.6132675
