360.1506696	123.3603483
360.3220786	311.7444175
360.4934893	395.5028465
360.6649015	49.35754715
360.8363152	145.6332286
361.0077306	92.16480083
361.1791475	96.33448563
361.3505661	205.4174795
361.5219862	125.6191933
361.6934079	145.7284046
361.8648311	48.10239624
362.036256	66.95653667
362.2076824	51.92481943
362.3791104	76.3832576
362.55054	95.60766316
362.7219712	115.4687836
362.893404	158.0031407
363.0648383	88.45320088
363.2362743	69.55403924
363.4077118	232.9850425
363.5791509	152.0186046
363.7505915	114.6573927
363.9220338	167.5612467
364.0934776	126.9755073
364.2649231	167.8239264
364.4363701	67.48827669
364.6078187	119.9661414
364.7792688	115.3463647
364.9507206	97.97428918
365.1221739	51.36280595
365.2936288	83.72156209
365.4650853	101.8446055
365.6365434	61.16665277
365.8080031	179.7812434
365.9794643	134.1718717
366.1509272	73.06559581
366.3223916	76.819826
366.4938576	160.6320907
366.6653252	41.18557502
366.8367943	108.1127354
367.0082651	70.31965215
367.1797374	87.52776979
367.3512113	128.2897968
367.5226868	86.2192874
367.6941638	105.4072017
367.8656425	99.80674171
368.0371227	80.50479675
368.2086046	51.67063693
368.380088	168.0752542
368.5515729	21.82609476
368.7230595	99.53920517
368.8945477	97.77544552
369.0660374	199.5990088
369.2375287	172.0470402
369.4090216	233.793294
369.5805161	280.8527788
369.7520121	45.60740724
369.9235098	97.75568799
370.095009	150.7427204
370.2665098	89.62950475
370.4380122	139.3351356
370.6095162	262.773979
370.7810217	216.8230191
370.9525288	84.36639606
371.1240376	220.4571337
371.2955479	148.4690297
371.4670597	153.1473352
371.6385732	120.4888839
371.8100883	40.83465205
371.9816049	94.72327811
372.1531231	270.3534385
372.3246429	35.45597649
372.4961643	134.2896687
372.6676872	83.47944152
372.8392118	163.596549
373.0107379	137.8330483
373.1822656	137.0859936
373.3537949	90.99020184
373.5253257	108.1101115
373.6968582	92.70371357
373.8683922	153.2466902
374.0399279	151.1468871
374.2114651	229.2668486
374.3830038	127.6969396
374.5545442	114.2983795
374.7260861	104.5315728
374.8976297	31.76433873
375.0691748	96.70480043
375.2407215	74.41515851
375.4122698	98.50711549
375.5838196	115.6029689
375.7553711	155.8776037
375.9269241	124.2329443
376.0984787	216.4584993
376.2700349	90.60563424
376.4415926	128.5531234
376.613152	146.9513396
376.7847129	101.2393085
376.9562754	186.9602425
377.1278395	69.82663706
377.2994052	184.8290283
377.4709725	135.9386063
377.6425413	25.08136405
377.8141118	80.94926397
377.9856838	297.7666904
378.1572574	127.7698647
378.3288325	104.3483236
378.5004093	171.3615277
378.6719876	318.1671804
378.8435676	110.4371546
379.0151491	71.7516035
379.1867322	329.7824584
379.3583168	293.8067131
379.5299031	147.3947323
379.7014909	74.03454056
379.8730803	0
380.0446713	143.599239
380.2162639	224.1315745
380.3878581	84.0101268
380.5594538	164.1619437
380.7310511	97.18269156
380.9026501	211.0706881
381.0742506	150.3352381
381.2458526	84.15977264
381.4174563	282.9957546
381.5890615	237.5528234
381.7606683	126.4448092
381.9322768	170.9047476
382.1038867	44.3155652
382.2754983	230.8050863
382.4471115	120.8521252
382.6187262	103.6304911
382.7903425	119.342157
382.9619604	5.978845901
383.1335799	145.6394285
383.305201	80.01848319
383.4768236	105.8736226
383.6484478	87.11095705
383.8200736	177.1090409
383.991701	209.1659021
384.16333	169.0050029
384.3349606	130.2223875
384.5065927	109.132102
384.6782264	86.29109774
384.8498617	94.82766485
385.0214986	171.9393413
385.1931371	99.40458112
385.3647771	150.8409241
385.5364188	173.0376961
385.708062	289.226239
385.8797068	176.7672833
386.0513532	254.6478767
386.2230011	102.8869645
386.3946507	105.5648423
386.5663018	177.5336598
386.7379545	174.2754572
386.9096088	191.6546617
387.0812647	291.1406854
387.2529221	188.8609862
387.4245812	249.1380348
387.5962418	104.629079
387.767904	100.1996827
387.9395678	192.2994178
388.1112332	156.7956988
388.2829001	0
388.4545686	424.542963
388.6262388	124.469288
388.7979105	260.8877954
388.9695837	92.5227137
389.1412586	172.5726884
389.312935	165.9818849
389.4846131	61.67944362
389.6562927	79.79917519
389.8279739	105.187394
389.9996566	80.76290554
390.171341	136.0342675
390.3430269	160.5954111
390.5147145	81.4405803
390.6864036	144.1836406
390.8580942	126.5889683
391.0297865	128.7408169
391.2014804	136.8556154
391.3731758	90.52382033
391.5448728	69.08615362
391.7165714	70.22843731
391.8882716	92.57356892
392.0599734	112.2264488
392.2316767	88.15083051
392.4033816	84.53807968
392.5750881	98.62334323
392.7467962	124.8763076
392.9185059	134.0295839
393.0902172	125.7599164
393.26193	179.306151
393.4336444	95.76321909
393.6053604	213.2317736
393.777078	110.4708715
393.9487972	95.34297512
394.1205179	166.2588459
394.2922403	195.2891247
394.4639642	98.10668822
394.6356897	118.2570784
394.8074167	166.5766921
394.9791454	115.6798223
395.1508757	147.7956341
395.3226075	198.8907986
395.4943409	129.1101277
395.6660759	79.70652185
395.8378125	49.3695572
396.0095506	199.0938403
396.1812903	113.6438519
396.3530317	164.0142899
396.5247746	50.10444509
396.6965191	118.7448016
396.8682651	97.41680351
397.0400128	229.5552089
397.211762	89.28091331
397.3835128	213.1858409
397.5552652	103.8842321
397.7270192	138.3912791
397.8987748	80.62589104
398.0705319	155.4088469
398.2422906	208.9551927
398.4140509	95.08755393
398.5858128	127.9769432
398.7575763	137.1854053
398.9293414	147.5883675
399.101108	55.76727699
399.2728762	99.75319968
399.444646	106.0377814
399.6164174	131.1997491
399.7881904	178.9139946
399.9599649	135.1141502
400.1317411	167.7725935
400.3035188	62.93860435
400.4752981	131.2843992
400.6470789	163.3712804
400.8188614	138.1265723
400.9906454	71.31951053
401.1624311	104.0826733
401.3342183	124.8509334
401.5060071	77.62268601
401.6777974	149.6930695
401.8495894	130.1029511
402.0213829	102.1227499
402.1931781	133.3490913
402.3649748	114.5675888
402.536773	46.34261689
402.7085729	134.6873538
402.8803744	74.39180462
403.0521774	121.5554054
403.223982	124.9313005
403.3957882	123.3690322
403.567596	143.8018671
403.7394053	57.26114991
403.9112163	209.1710045
404.0830288	123.5377502
404.2548429	62.75115238
404.4266586	124.0002062
404.5984759	102.9976462
404.7702947	148.4798112
404.9421152	175.2727822
405.1139372	131.7992674
405.2857608	80.13565054
405.457586	141.8594894
405.6294127	60.64615601
405.8012411	145.7387061
405.973071	154.4836811
406.1449025	98.77323239
406.3167356	213.3340288
406.4885703	61.19153262
406.6604066	66.27895101
406.8322444	43.13644531
407.0040838	146.9160446
407.1759249	144.7586729
407.3477674	76.26776619
407.5196116	109.6719596
407.6914574	194.4361094
407.8633047	130.1801519
408.0351536	95.32789614
408.2070041	151.2291404
408.3788562	96.6854676
408.5507099	68.58375669
408.7225651	183.0413065
408.894422	111.3261247
409.0662804	116.6396785
409.2381404	131.4672297
409.4100019	160.1807939
409.5818651	107.8601753
409.7537298	65.2669027
409.9255962	69.5436893
410.0974641	91.6791641
410.2693336	102.7794226
410.4412046	139.7679024
410.6130773	101.5558345
410.7849515	65.86381797
410.9568274	106.6897355
411.1287048	158.9293836
411.3005837	171.0610053
411.4724643	123.9109303
411.6443464	93.87836585
411.8162302	127.3338213
411.9881155	111.6818098
412.1600024	63.25743785
412.3318909	100.4005308
412.5037809	93.84842409
412.6756726	39.41273146
412.8475658	157.359784
413.0194606	84.46031198
413.191357	146.7178449
413.363255	65.91901999
413.5351545	155.6334763
413.7070557	173.6880342
413.8789584	103.9973386
414.0508627	81.26854459
414.2227686	94.937022
414.394676	101.2061883
414.5665851	76.14369435
414.7384957	147.7316973
414.9104079	57.5047697
415.0823217	52.12386376
415.2542371	136.2029171
415.426154	102.7278429
415.5980726	67.4482341
415.7699927	71.41581242
415.9419144	176.4661952
416.1138377	125.6669029
416.2857626	86.92149517
416.457689	100.9017977
416.6296171	87.73619735
416.8015467	128.4188762
416.9734779	109.5400804
417.1454107	125.8870113
417.317345	131.329122
417.489281	51.52303987
417.6612185	94.16150846
417.8331576	139.0121161
418.0050983	72.25194491
418.1770406	79.71179861
418.3489845	93.38713606
418.5209299	83.88236331
418.6928769	122.3818389
418.8648255	85.15513459
419.0367757	151.4335421
419.2087275	176.2469821
419.3806808	129.2072187
419.5526358	102.1516363
419.7245923	80.99648453
419.8965504	121.6541166
420.0685101	114.457609
420.2404713	138.7368151
420.4124342	115.8520955
420.5843986	125.7120898
420.7563646	90.14115517
420.9283322	102.1952528
421.1003014	191.4089766
421.2722722	112.3014691
421.4442445	68.92475321
421.6162184	121.2925053
421.7881939	98.91394983
421.960171	117.0672788
422.1321497	115.9443711
422.3041299	122.5774763
422.4761118	85.97776417
422.6480952	156.4923313
422.8200802	115.9448377
422.9920668	37.18773694
423.1640549	130.246583
423.3360447	170.3248116
423.508036	115.6970388
423.6800289	115.2924425
423.8520234	115.3570295
424.0240195	67.9710704
424.1960172	46.70290184
424.3680164	175.6978764
424.5400172	143.8523557
424.7120196	160.286819
424.8840236	69.83172851
425.0560292	154.6806625
425.2280363	150.7126042
425.4000451	97.63005487
425.5720554	125.3534768
425.7440673	83.42728151
425.9160808	136.8281099
426.0880958	94.29692114
426.2601125	114.8699235
426.4321307	94.2621495
426.6041505	151.6177747
426.7761719	133.4041284
426.9481949	161.8935049
427.1202194	112.9609161
427.2922456	115.0673097
427.4642733	147.9740483
427.6363026	179.3807605
427.8083335	139.6044729
427.980366	161.3576706
428.1524	143.5405698
428.3244357	190.5625399
428.4964729	47.1979695
428.6685117	135.0856709
428.8405521	128.9802306
429.012594	118.7137228
429.1846376	98.95141174
429.3566827	89.55438172
429.5287294	89.6189936
429.7007777	112.7511055
429.8728276	142.9658939
430.044879	154.1795224
430.2169321	191.6645598
430.3889867	163.4730822
430.5610429	148.2799245
430.7331007	129.7976687
430.9051601	129.5351456
431.077221	195.6152942
431.2492835	138.2441899
431.4213477	186.1923998
431.5934134	120.3233423
431.7654806	144.6466189
431.9375495	144.1421482
432.10962	177.8863696
432.281692	133.5219591
432.4537656	147.2253423
432.6258408	107.7046537
432.7979176	140.1979342
432.9699959	147.0885398
433.1420759	119.2870993
433.3141574	136.4605082
433.4862405	164.6725057
433.6583252	168.3797819
433.8304114	166.4872053
434.0024993	162.7072175
434.1745887	142.042518
434.3466797	181.1699697
434.5187723	189.4446348
434.6908665	169.7678736
434.8629623	199.4161303
435.0350596	113.6261557
435.2071586	176.2706991
435.3792591	248.1139376
435.5513612	216.5949788
435.7234648	177.6653719
435.8955701	213.9109198
436.0676769	166.2889168
436.2397854	217.8511488
436.4118954	151.9057886
436.5840069	175.4195324
436.7561201	191.6942245
436.9282349	205.2376139
437.1003512	217.6424091
437.2724691	213.8658109
437.4445886	194.5374916
437.6167097	223.3477509
437.7888324	206.6406283
437.9609566	201.3312734
438.1330824	219.6195078
438.3052098	230.5748589
438.4773388	218.8132177
438.6494694	244.1071893
438.8216016	266.1074615
438.9937353	231.3389392
439.1658706	228.3332837
439.3380075	272.5854857
439.510146	228.2036486
439.6822861	293.4205336
439.8544277	227.3419405
440.026571	260.939867
440.1987158	295.4100466
440.3708622	272.7029693
440.5430102	344.8183384
440.7151597	294.7028271
440.8873109	326.1505592
441.0594636	254.3459083
441.2316179	273.8080672
441.4037738	294.8762683
441.5759313	315.8509974
441.7480903	252.1653987
441.920251	278.2913706
442.0924132	319.8050293
442.264577	283.288764
442.4367424	366.2942765
442.6089093	319.7220032
442.7810779	306.111415
442.953248	333.1163882
443.1254197	349.5758587
443.297593	322.6134603
443.4697679	304.0333294
443.6419444	375.8129404
443.8141224	406.1501979
443.9863021	340.2917583
444.1584833	390.4826837
444.3306661	417.9555689
444.5028504	431.2426737
444.6750364	343.643282
444.8472239	390.0803784
445.019413	395.3585475
445.1916038	374.9874359
445.363796	418.2432846
445.5359899	437.6076674
445.7081854	441.189234
445.8803824	454.8682356
446.052581	454.6505484
446.2247812	434.4235607
446.396983	486.9088916
446.5691863	498.4729751
446.7413913	495.3951062
446.9135978	504.1854689
447.0858059	535.4294043
447.2580156	510.6323253
447.4302269	492.1124262
447.6024397	548.0672334
447.7746542	516.8514406
447.9468702	560.4882122
448.1190878	558.8442709
448.291307	647.2792626
448.4635278	560.0370719
448.6357501	654.4408161
448.807974	611.727645
448.9801996	645.9884306
449.1524266	674.4415661
449.3246553	652.0826685
449.4968856	646.922754
449.6691174	694.2325379
449.8413509	687.978062
450.0135859	709.1854308
450.1858225	744.8561437
450.3580606	748.3194453
450.5303004	784.5525632
450.7025417	816.6617282
450.8747846	796.8890541
451.0470291	840.4573108
451.2192752	845.3245739
451.3915229	794.5120318
451.5637722	800.2949879
451.736023	868.4902968
451.9082754	828.9909252
452.0805294	913.5260164
452.252785	911.6832426
452.4250421	972.3846031
452.5973009	958.4705066
452.7695612	927.1787313
452.9418231	991.6805653
453.1140866	977.9771476
453.2863517	1040.283217
453.4586183	1011.180541
453.6308866	1001.150618
453.8031564	1047.2011
453.9754278	1067.368377
454.1477008	1055.654424
454.3199753	1082.571701
454.4922515	1114.67117
454.6645292	1100.032142
454.8368085	1134.29007
455.0090894	1112.702007
455.1813719	1150.203399
455.353656	1140.316844
455.5259416	1174.777795
455.6982288	1178.535224
455.8705176	1260.210746
456.042808	1152.353579
456.2151	1216.097892
456.3873936	1159.993714
456.5596887	1169.747232
456.7319854	1147.553011
456.9042837	1154.27292
457.0765836	1193.929979
457.2488851	1148.739084
457.4211881	1171.222636
457.5934928	1162.353314
457.765799	1091.516228
457.9381068	1133.614989
458.1104161	1159.790428
458.2827271	1097.873884
458.4550396	1115.34671
458.6273538	1176.083995
458.7996695	1084.61314
458.9719868	1091.53075
459.1443056	1083.227531
459.3166261	1078.185517
459.4889481	1094.634391
459.6612718	1039.420683
459.833597	1088.716774
460.0059237	1066.487064
460.1782521	1034.440677
460.3505821	1060.481776
460.5229136	1046.397876
460.6952467	963.4142753
460.8675814	1002.58897
461.0399177	979.9338383
461.2122555	949.3124206
461.384595	994.4888797
461.556936	934.4782981
461.7292786	988.9418783
461.9016228	938.2757639
462.0739686	937.0954668
462.2463159	901.7745989
462.4186649	870.2145713
462.5910154	897.7907933
462.7633675	835.9477964
462.9357212	862.309742
463.1080764	860.4579918
463.2804333	809.62223
463.4527917	795.9017028
463.6251517	803.4715625
463.7975133	796.0529138
463.9698765	775.6158996
464.1422413	783.4982207
464.3146076	766.500905
464.4869755	712.2618786
464.659345	750.7965935
464.8317161	715.0320256
465.0040888	738.4907167
465.176463	750.2005253
465.3488389	708.2884019
465.5212163	732.2523117
465.6935953	712.2959116
465.8659759	684.4365718
466.038358	718.4902864
466.2107418	711.7299616
466.3831271	712.3225751
466.555514	648.7823041
466.7279025	696.3916726
466.9002926	685.7899145
467.0726843	691.6871085
467.2450775	683.7406208
467.4174723	651.280929
467.5898687	677.2004066
467.7622667	685.6354297
467.9346663	657.9195725
468.1070675	672.9633895
468.2794702	669.3682486
468.4518745	657.5680997
468.6242804	637.6910185
468.7966879	667.4158825
468.969097	664.7958231
469.1415076	611.2894035
469.3139198	638.100623
469.4863336	635.1409897
469.658749	654.5377328
469.831166	665.0737451
470.0035846	648.8126454
470.1760047	614.0088383
470.3484264	691.1284311
470.5208497	614.9124146
470.6932746	644.6852569
470.8657011	625.9549909
471.0381292	656.1472575
471.2105588	621.5087378
471.38299	668.3073851
471.5554228	636.1544566
471.7278572	604.4752693
471.9002932	646.8475897
472.0727307	624.047643
472.2451698	612.8305646
472.4176106	649.4877339
472.5900528	593.4870526
472.7624967	627.8837126
472.9349422	628.6209876
473.1073892	595.2110744
473.2798378	606.2895419
473.4522881	592.7853161
473.6247398	574.5602446
473.7971932	620.8829064
473.9696482	586.6216934
474.1421047	586.2442203
474.3145628	567.869677
474.4870225	548.187334
474.6594838	601.2450742
474.8319467	613.6911524
475.0044111	563.378423
475.1768771	525.9439399
475.3493448	581.5180762
475.5218139	541.6458687
475.6942847	546.6925511
475.8667571	527.7061168
476.039231	537.2319935
476.2117065	531.1528986
476.3841836	515.0950659
476.5566623	509.5427637
476.7291426	508.2701492
476.9016245	482.0465346
477.0741079	527.3182391
477.2465929	490.24169
477.4190795	498.6721338
477.5915677	511.2395645
477.7640575	488.8318412
477.9365488	502.1919734
478.1090417	489.9303869
478.2815362	472.247199
478.4540323	461.6875423
478.62653	501.3385407
478.7990293	461.4912259
478.9715301	484.8816548
479.1440325	457.8639965
479.3165365	423.7730369
479.4890421	454.3237718
479.6615493	443.0723333
479.834058	476.1443719
480.0065684	438.7105225
480.1790803	441.6429464
480.3515938	456.0101776
480.5241089	455.4904009
480.6966255	502.8358595
480.8691438	431.0194761
481.0416636	421.7628442
481.214185	436.0854525
481.386708	441.2299132
481.5592326	446.2189814
481.7317588	449.1403687
481.9042865	402.9421521
482.0768158	444.6630178
482.2493467	458.1218952
482.4218792	443.6294465
482.5944133	426.4887725
482.7669489	450.3971749
482.9394862	422.3345084
483.112025	435.6758848
483.2845654	421.0029314
483.4571074	435.6196896
483.6296509	432.7968488
483.8021961	408.0735398
483.9747428	418.2352612
484.1472911	429.0444404
484.319841	436.6918135
484.4923925	396.7854163
484.6649455	429.554054
484.8375002	451.2228135
485.0100564	424.9716283
485.1826142	408.5261078
485.3551736	417.9010456
485.5277346	430.7879337
485.7002971	392.8237994
485.8728612	429.8686041
486.045427	451.4099643
486.2179943	426.312471
486.3905631	435.9915572
486.5631336	444.7309854
486.7357057	422.2781904
486.9082793	425.5556715
487.0808545	417.6719166
487.2534313	455.6561128
487.4260097	427.9293286
487.5985896	429.5852264
487.7711712	417.6930209
487.9437543	456.6708023
488.116339	438.1729689
488.2889253	419.6016481
488.4615131	410.6112469
488.6341026	430.8078198
488.8066936	428.1759072
488.9792862	433.6758848
489.1518804	443.1286002
489.3244762	418.2343105
489.4970736	439.9113391
489.6696725	436.6486412
489.8422731	447.1382141
490.0148752	419.723374
490.1874789	423.4612492
490.3600841	433.5385668
490.532691	411.0094854
490.7052994	457.5209927
490.8779094	446.2560387
491.050521	449.2266742
491.2231342	452.7178543
491.395749	416.2244505
491.5683654	456.850921
491.7409833	423.3776914
491.9136028	435.7013503
492.0862239	430.5947054
492.2588466	418.2998128
492.4314708	439.4963628
492.6040967	528.8018776
492.7767241	442.0527181
492.9493531	438.5658228
493.1219837	431.2218724
493.2946159	417.7486512
493.4672496	426.5188878
493.639885	450.5819399
493.8125219	444.8368021
493.9851604	420.4891848
494.1578005	442.630001
494.3304422	460.9323462
494.5030854	430.9880533
494.6757302	439.3116096
494.8483767	424.8276741
495.0210247	447.4205969
495.1936742	434.3471673
495.3663254	423.4659343
495.5389781	408.0873806
495.7116325	428.6724509
495.8842884	444.9978181
496.0569459	422.1564883
496.229605	428.0516541
496.4022656	434.9699721
496.5749278	437.7204254
496.7475917	421.8659251
496.9202571	423.749414
497.0929241	424.0741802
497.2655926	459.1287883
497.4382628	431.045547
497.6109345	434.0895504
497.7836078	432.0913842
497.9562827	420.494788
498.1289592	456.8009614
498.3016373	453.8143266
498.4743169	432.5216455
498.6469981	453.6948686
498.8196809	427.6669393
498.9923653	446.3706824
499.1650513	439.4918192
499.3377389	439.9894596
499.510428	435.6127965
499.6831187	453.9940289
499.855811	423.694285
500.0285049	460.1211586
500.2012004	427.1922543
500.3738974	442.9268296
500.5465961	429.3910669
500.7192963	448.6835655
500.8919981	427.9520422
501.0647014	424.9681952
501.2374064	442.7391642
501.410113	436.992147
501.5828211	435.9018554
501.7555308	435.263779
501.9282421	449.984455
502.100955	434.7245816
502.2736694	420.9246067
502.4463854	450.3304205
502.6191031	456.3466053
502.7918223	442.8207916
502.9645431	425.5269787
503.1372654	451.2788256
503.3099894	426.8113102
503.4827149	431.301729
503.655442	437.2900479
503.8281707	432.907676
504.000901	451.382617
504.1736329	432.6000961
504.3463663	454.2340907
504.5191013	422.2483358
504.6918379	443.9112054
504.8645761	429.555064
505.0373159	417.9073858
505.2100572	425.0189483
505.3828002	432.8768646
505.5555447	421.220447
505.7282908	428.8667309
505.9010385	458.0202596
506.0737878	435.1157674
506.2465386	416.3674244
506.419291	439.4782329
506.5920451	423.2635374
506.7648006	449.4765685
506.9375578	435.7754042
507.1103166	448.2049531
507.2830769	419.0160611
507.4558389	446.2191344
507.6286024	435.8675962
507.8013675	418.1201692
507.9741341	432.6679321
508.1469024	424.637011
508.3196722	446.9919912
508.4924436	439.0083672
508.6652166	426.3404986
508.8379912	431.5098186
509.0107674	422.0548564
509.1835451	415.3116864
509.3563245	427.5198106
509.5291054	430.816881
509.7018879	447.65763
509.874672	420.066717
510.0474576	439.4712285
510.2202449	428.1661691
510.3930337	408.994887
510.5658241	421.3305353
510.7386161	427.4921695
510.9114097	441.8213431
511.0842048	424.5523006
511.2570015	439.7205772
511.4297999	439.5562202
511.6025998	435.0872336
511.7754013	428.1885707
511.9482043	430.259917
512.121009	419.7549539
512.2938152	416.7198905
512.466623	442.2806966
512.6394324	415.9429315
512.8122434	426.7339723
512.9850559	428.3319214
513.1578701	432.9954492
513.3306858	418.1172035
513.5035031	411.1880985
513.676322	418.6762613
513.8491425	434.7287283
514.0219645	421.2399471
514.1947882	421.5490315
514.3676134	399.2638196
514.5404402	419.9791996
514.7132686	427.5258149
514.8860985	418.1792359
515.0589301	413.2036029
515.2317632	415.5297083
515.4045979	414.5260951
515.5774342	423.6829074
515.7502721	416.2901617
515.9231116	422.2576008
516.0959526	417.7394051
516.2687952	406.9855366
516.4416394	417.5592975
516.6144852	399.2172219
516.7873326	396.5519501
516.9601816	409.7182765
517.1330321	404.3705907
517.3058842	418.7978955
517.4787379	419.3547301
517.6515932	403.9744538
517.8244501	408.4030757
517.9973085	412.5283807
518.1701685	413.9648065
518.3430302	421.2501424
518.5158933	423.2400282
518.6887581	417.3386213
518.8616245	410.1857807
519.0344924	412.2536991
519.2073619	394.4931722
519.3802331	388.9018066
519.5531057	406.6920272
519.72598	407.8000622
519.8988559	402.5634177
520.0717333	398.5362846
520.2446123	395.1823738
520.4174929	401.1940535
520.5903751	400.659344
520.7632589	405.6379486
520.9361442	408.3333631
521.1090311	399.4013576
521.2819197	403.6203329
521.4548098	401.4119947
521.6277014	395.6158564
521.8005947	381.9773705
521.9734895	395.6084665
522.146386	401.3216284
522.319284	399.2500197
522.4921836	388.8145353
522.6650847	411.7000912
522.8379875	404.1681103
523.0108918	396.5824022
523.1837977	406.7940786
523.3567052	394.7415475
523.5296143	392.3637686
523.702525	392.1023192
523.8754372	376.967896
524.0483511	401.5555981
524.2212665	386.1232255
524.3941835	386.1187496
524.567102	404.1414111
524.7400222	390.3317884
524.9129439	395.7051093
525.0858673	399.441639
525.2587922	392.6257104
525.4317187	389.5042743
525.6046467	394.0502036
525.7775764	385.41693
525.9505076	411.4053785
526.1234404	396.5931958
526.2963748	398.9803436
526.4693108	377.035936
526.6422484	394.5625738
526.8151875	386.1162809
526.9881283	393.4142325
527.1610706	390.6446878
527.3340145	394.733256
527.5069599	393.2249493
527.679907	381.7392429
527.8528556	391.8105421
528.0258059	386.2633745
528.1987577	392.9561465
528.371711	401.3413187
528.544666	382.5844676
528.7176226	394.6462452
528.8905807	400.7277175
529.0635404	374.4086149
529.2365017	387.6176082
529.4094646	384.0706924
529.5824291	394.7991401
529.7553951	378.2188005
529.9283627	371.0371475
530.101332	385.9938362
530.2743027	388.8738179
530.4472751	392.5569498
530.6202491	384.6175763
530.7932246	394.5443138
530.9662017	385.2593803
531.1391805	380.0467406
531.3121607	395.5030678
531.4851426	382.1336016
531.6581261	372.1456001
531.8311111	380.9529125
532.0040977	395.5929293
532.1770859	395.7976782
532.3500757	390.2830374
532.5230671	381.3282264
532.69606	394.7673413
532.8690545	364.7337969
533.0420506	379.6185462
533.2150483	394.9710269
533.3880476	390.0049779
533.5610485	388.6680232
533.7340509	382.0100079
533.9070549	393.7862422
534.0800605	389.0748403
534.2530677	385.7223227
534.4260765	387.4614373
534.5990868	372.6353153
534.7720988	380.0369784
534.9451123	381.1220012
535.1181274	369.2547913
535.2911441	377.4577121
535.4641623	386.0624213
535.6371822	391.1970578
535.8102036	369.0141763
535.9832266	402.174042
536.1562512	390.1103391
536.3292774	377.9550518
536.5023052	375.2159382
536.6753345	391.9740286
536.8483654	388.6306227
537.0213979	394.9530895
537.194432	371.5730581
537.3674677	381.8450225
537.5405049	379.5483178
537.7135438	383.4199198
537.8865842	370.3987486
538.0596262	384.8140172
538.2326698	378.3151184
538.4057149	378.2959657
538.5787617	377.9411585
538.75181	380.6692885
538.9248599	382.8655173
539.0979114	379.6488217
539.2709645	380.718974
539.4440191	367.8345336
539.6170754	375.5784475
539.7901332	375.1004884
539.9631926	369.1567094
540.1362536	381.1301787
540.3093161	379.7293988
540.4823803	372.7556188
540.655446	376.7499981
540.8285133	384.1635217
541.0015822	378.7010856
541.1746527	376.9597483
541.3477248	375.9951724
541.5207984	371.7897425
541.6938737	366.9871598
541.8669505	382.9795855
542.0400289	372.6153296
542.2131088	366.2933557
542.3861904	380.3247915
542.5592735	381.8074554
542.7323583	366.9094726
542.9054446	372.1427525
543.0785324	384.800013
543.2516219	378.7841955
543.424713	382.7844546
543.5978056	376.6727406
543.7708998	384.5235023
543.9439956	381.6257221
544.117093	362.6126522
544.290192	360.8792841
544.4632925	370.9500774
544.6363946	374.4487146
544.8094983	361.5825596
544.9826036	361.5892886
545.1557105	365.339229
545.328819	372.6430765
545.501929	372.3760717
545.6750406	387.6931195
545.8481538	374.3685471
546.0212686	374.8467316
546.194385	361.537646
546.3675029	357.622415
546.5406225	360.8170353
546.7137436	363.340411
546.8868663	354.4194617
547.0599906	372.6658567
547.2331164	343.8514382
547.4062439	344.7176624
547.5793729	370.5835135
547.7525035	368.1798166
547.9256357	383.7436533
548.0987695	362.391977
548.2719048	373.4399719
548.4450418	353.4776617
548.6181803	359.2019721
548.7913204	354.5577517
548.9644621	362.0646966
549.1376053	354.4945023
549.3107502	360.6806594
549.4838966	356.4807849
549.6570446	353.3353644
549.8301942	351.4596199
550.0033454	353.303517
550.1764982	350.4528185
550.3496525	356.1850426
550.5228084	369.5171312
550.6959659	345.7682325
550.869125	357.2585019
551.0422857	352.1409389
551.215448	353.914684
551.3886118	345.9300506
551.5617772	348.386303
551.7349442	352.5679464
551.9081128	355.191446
552.081283	359.0430115
552.2544547	363.8278221
552.4276281	346.7496197
552.600803	350.368107
552.7739795	351.1069258
552.9471576	346.4315246
553.1203372	340.4005749
553.2935185	342.0311908
553.4667013	347.0450303
553.6398857	362.0897776
553.8130717	343.5454629
553.9862593	341.7944052
554.1594484	338.6551314
554.3326392	338.2627807
554.5058315	347.6062148
554.6790254	331.5139657
554.8522209	343.6375308
555.0254179	334.0567138
555.1986166	329.5028273
555.3718168	351.157438
555.5450186	331.7216266
555.718222	324.0187898
555.891427	338.7607306
556.0646336	339.2228844
556.2378417	338.1644004
556.4110514	339.5506272
556.5842627	336.7239987
556.7574756	329.3683584
556.9306901	324.4717867
557.1039062	328.1975142
557.2771238	331.4768489
557.450343	338.2972733
557.6235638	335.5772226
557.7967862	326.4218464
557.9700102	324.9937516
558.1432357	331.7230541
558.3164628	334.9213148
558.4896916	320.3177326
558.6629219	327.0833377
558.8361537	334.6748774
559.0093872	330.5201234
559.1826222	344.099438
559.3558589	331.6360362
559.5290971	336.3156133
559.7023369	319.8485336
559.8755782	335.0182867
560.0488212	322.694844
560.2220657	334.670203
560.3953118	323.9164035
560.5685595	321.6223018
560.7418088	329.9353461
560.9150597	325.2716679
561.0883121	318.5745999
561.2615662	321.0539411
561.4348218	333.1943417
561.608079	325.2652239
561.7813378	317.3461263
561.9545981	326.5822742
562.1278601	316.8926318
562.3011236	317.2866989
562.4743887	322.6794473
562.6476554	310.6383746
562.8209237	316.13378
562.9941935	317.1662136
563.167465	315.3731504
563.340738	314.6040719
563.5140126	319.7465092
563.6872888	316.4229973
563.8605665	313.798219
564.0338459	308.5546091
564.2071268	307.8139408
564.3804093	322.9040901
564.5536934	318.8350033
564.7269791	310.8136321
564.9002664	311.6953152
565.0735552	302.0980586
565.2468456	309.4817541
565.4201376	303.8500132
565.5934312	308.2233628
565.7667264	312.0592026
565.9400231	299.7176633
566.1133215	305.072386
566.2866214	307.3442832
566.4599229	295.7267681
566.633226	298.6807785
566.8065306	312.3768115
566.9798369	296.2199574
567.1531447	297.4645988
567.3264541	297.8178348
567.4997651	309.4072983
567.6730777	291.2489009
567.8463919	302.4155706
568.0197076	303.0312353
568.1930249	296.475111
568.3663438	286.2974516
568.5396643	292.0008826
568.7129864	292.0308748
568.8863101	290.4802999
569.0596353	293.543634
569.2329621	289.1327926
569.4062905	300.9256809
569.5796205	300.1783694
569.7529521	296.492395
569.9262852	290.1803195
570.0996199	293.7074017
570.2729563	287.6597507
570.4462941	269.2303754
570.6196336	298.5242997
570.7929747	287.9472918
570.9663173	289.4275902
571.1396616	279.6601544
571.3130074	295.0824068
571.4863547	291.744432
571.6597037	284.178481
571.8330543	278.4443185
572.0064064	275.1013313
572.1797601	279.0760114
572.3531154	281.3832821
572.5264723	280.2748249
572.6998308	283.3826995
572.8731908	272.4572006
573.0465525	283.4323426
573.2199157	281.0058246
573.3932805	281.4687176
573.5666468	279.640651
573.7400148	288.6665777
573.9133843	283.3978226
574.0867555	279.7007674
574.2601282	280.610073
574.4335025	279.1195959
574.6068783	278.3370277
574.7802558	261.024852
574.9536348	276.8198207
575.1270154	271.3466444
575.3003976	270.1991236
575.4737814	276.3139977
575.6471668	271.0999335
575.8205537	274.3490733
575.9939423	273.5825658
576.1673324	267.3767377
576.3407241	270.0601736
576.5141173	275.1619733
576.6875122	265.925789
576.8609086	269.2354284
577.0343067	265.9093803
577.2077063	272.8213551
577.3811075	257.4353304
577.5545102	282.3558006
577.7279146	262.7347301
577.9013205	250.9092611
578.074728	280.8172144
578.2481371	255.7439874
578.4215478	265.5333061
578.5949601	262.7092416
578.7683739	264.7294636
578.9417894	265.8573688
579.1152064	269.9750065
579.288625	251.3079045
579.4620451	266.7231099
579.6354669	266.2654091
579.8088902	255.26683
579.9823152	261.439664
580.1557417	262.3449839
580.3291698	264.980983
580.5025994	245.7691909
580.6760307	263.6537794
580.8494635	254.4507902
581.0228979	256.5612561
581.1963339	260.2443107
581.3697715	264.7989404
581.5432107	252.3274117
581.7166514	256.5996142
581.8900937	257.8678501
582.0635377	265.7235778
582.2369832	256.9910995
582.4104302	259.5916353
582.5838789	259.400943
582.7573291	261.0066918
582.9307809	252.8129754
583.1042344	249.6014465
583.2776893	262.9614493
583.4511459	245.8012497
583.6246041	248.7952477
583.7980638	270.6693928
583.9715251	246.9428067
584.144988	247.1831141
584.3184525	253.9433243
584.4919186	258.9949732
584.6653862	257.3929912
584.8388554	253.7855478
585.0123262	253.8511915
585.1857986	254.9005965
585.3592726	247.3473076
585.5327482	260.9247328
585.7062253	248.5573272
585.879704	248.4463429
586.0531843	245.7864147
586.2266662	263.6972346
586.4001497	248.1153989
586.5736347	248.481717
586.7471214	261.0676032
586.9206096	260.0352896
587.0940994	253.6587644
587.2675908	257.6552319
587.4410837	242.4300042
587.6145783	250.7208374
587.7880744	245.7258168
587.9615721	244.4071655
588.1350714	234.939145
588.3085723	241.5621656
588.4820748	245.0258488
588.6555788	240.0070714
588.8290844	249.2075362
589.0025916	248.2735243
589.1761004	247.5334178
589.3496108	253.4684245
589.5231227	233.4087884
589.6966363	246.1045925
589.8701514	243.914655
590.0436681	246.1580862
590.2171864	243.9580094
590.3907062	244.8812115
590.5642277	249.1374195
590.7377507	244.8623622
590.9112753	238.5659365
591.0848015	241.7748471
591.2583293	236.8695932
591.4318586	233.5565742
591.6053896	248.449468
591.7789221	245.1952568
591.9524562	253.8367977
592.1259919	249.1383206
592.2995291	239.8490521
592.473068	244.7012787
592.6466084	249.5267713
592.8201504	237.997755
592.993694	241.390213
593.1672392	238.05489
593.340786	238.8630712
593.5143343	229.366382
593.6878843	240.9415522
593.8614358	241.4688789
594.0349889	236.7604804
594.2085435	240.3419767
594.3820998	254.6179564
594.5556576	241.9551484
594.7292171	243.5450729
594.9027781	245.4126723
595.0763406	253.7109836
595.2499048	237.2881389
595.4234706	245.7721985
595.5970379	246.4577181
595.7706068	243.21134
595.9441773	244.5287732
596.1177494	242.267004
596.2913231	240.04076
596.4648983	244.1289049
596.6384751	240.829027
596.8120535	242.3997562
596.9856335	240.2721047
597.1592151	237.0354976
597.3327983	243.778437
597.506383	246.3845327
597.6799693	243.6496495
597.8535572	231.1776525
598.0271467	239.0394847
598.2007378	245.9368666
598.3743304	232.8478282
598.5479247	231.1069867
598.7215205	237.3194499
598.8951179	248.1481747
599.0687168	239.7155117
599.2423174	250.8881408
599.4159196	248.4384257
599.5895233	236.1822234
599.7631286	249.9064427
599.9367355	242.6892202
600.110344	248.3812339
600.283954	242.3510072
600.4575657	239.5109759
600.6311789	247.9161891
600.8047937	232.6938268
600.9784101	253.0293593
601.152028	248.8123968
601.3256476	238.5823642
601.4992687	241.9712031
601.6728914	235.5614474
601.8465157	243.996867
602.0201416	241.3368868
602.1937691	251.2847784
602.3673981	248.839591
602.5410287	247.9368786
602.7146609	251.8149744
602.8882947	251.266518
603.0619301	239.5814199
603.2355671	250.1545234
603.4092056	243.8476309
603.5828457	246.838569
603.7564874	248.5590509
603.9301307	245.4298661
604.1037756	258.1422445
604.277422	247.4858863
604.4510701	240.4904933
604.6247197	244.6807369
604.7983709	243.9082888
604.9720237	247.1161018
605.145678	245.46438
605.319334	251.9380959
605.4929915	249.6301467
605.6666506	255.249651
605.8403113	255.2188944
606.0139736	254.7277472
606.1876374	243.5027387
606.3613028	252.1646131
606.5349699	244.3921847
606.7086385	261.9498586
606.8823087	251.4812478
607.0559804	233.422841
607.2296538	244.683069
607.4033287	252.5307343
607.5770052	247.1640011
607.7506833	258.8150416
607.924363	246.3460334
608.0980443	247.2343892
608.2717271	241.6901987
608.4454115	244.8366027
608.6190975	261.0645159
608.7927851	246.6865693
608.9664743	248.1289102
609.1401651	246.794526
609.3138574	252.0772613
609.4875513	251.3660829
609.6612468	253.6966392
609.8349439	251.1834845
610.0086426	253.3277929
610.1823428	247.8783317
610.3560446	260.3512919
610.5297481	245.4546947
610.7034531	245.5591328
610.8771596	258.3419482
611.0508678	251.3478652
611.2245775	257.2601393
611.3982889	257.4848593
611.5720018	248.3679692
611.7457163	251.7198671
611.9194323	254.0413422
612.09315	255.9152123
612.2668692	250.2297767
612.44059	244.2671664
612.6143124	257.8493877
612.7880364	253.624238
612.961762	248.808986
613.1354891	256.3634966
613.3092179	258.2529926
613.4829482	258.1414233
613.6566801	263.4302486
613.8304136	253.0887708
614.0041486	259.8132939
614.1778853	268.2935102
614.3516235	254.1013009
614.5253633	267.3530448
614.6991047	264.0856206
614.8728477	261.8774915
615.0465922	270.0666458
615.2203383	265.4751396
615.3940861	256.500316
615.5678354	269.6930668
615.7415863	262.7163332
615.9153387	262.2757151
616.0890928	267.1356123
616.2628484	265.3145554
616.4366056	260.0971526
616.6103644	254.1013603
616.7841248	247.4811159
616.9578867	251.6956291
617.1316503	262.071037
617.3054154	264.7568734
617.4791821	254.8540392
617.6529504	278.1307404
617.8267203	273.7558851
618.0004917	268.633153
618.1742648	260.1986331
618.3480394	255.1815217
618.5218156	254.0664886
618.6955934	260.0033014
618.8693727	259.9384141
619.0431537	261.7384824
619.2169362	265.4319248
619.3907203	270.1783652
619.564506	270.0098798
619.7382933	267.7737361
619.9120822	265.4914289
620.0858726	253.1331584
620.2596646	263.7424729
620.4334582	263.1489671
620.6072534	262.0737817
620.7810502	268.3858855
620.9548486	261.3082946
621.1286485	269.6919548
621.30245	262.229604
621.4762531	249.5843103
621.6500578	268.0560512
621.8238641	269.6056343
621.9976719	276.9135284
622.1714813	257.7011371
622.3452923	276.4124208
622.5191049	270.5413553
622.6929191	273.3846637
622.8667349	260.9008684
623.0405522	265.9331985
623.2143711	265.9668925
623.3881917	267.9782983
623.5620137	264.6003016
623.7358374	264.0156993
623.9096627	278.9228043
624.0834895	273.8577923
624.2573179	262.7192543
624.4311479	282.2327131
624.6049795	266.4983082
624.7788127	273.6258066
624.9526474	280.4692752
625.1264837	277.0999132
625.3003217	269.8350384
625.4741612	261.0668939
625.6480022	278.2069376
625.8218449	269.5060322
625.9956891	282.3886407
626.169535	268.0330273
626.3433824	268.5680475
626.5172313	273.7219199
626.6910819	268.6960875
626.8649341	270.9190458
627.0387878	272.6790829
627.2126431	274.9474823
627.3865	283.9660222
627.5603585	267.1933636
627.7342186	281.380467
627.9080802	273.7268729
628.0819434	272.3970165
628.2558083	261.7045781
628.4296747	272.9714401
628.6035426	267.2814602
628.7774122	269.9259263
628.9512833	271.9739716
629.1251561	277.0232052
629.2990304	275.2430438
629.4729062	274.1853272
629.6467837	274.2673934
629.8206628	271.1231635
629.9945434	275.0134023
630.1684256	283.7522296
630.3423094	273.0113914
630.5161948	269.0040605
630.6900818	259.4580892
630.8639703	284.5195464
631.0378604	279.4896417
631.2117522	277.3758049
631.3856455	278.9986272
631.5595403	266.0545626
631.7334368	281.0239725
631.9073348	282.7565807
632.0812344	275.1224131
632.2551357	274.4809161
632.4290384	282.477179
632.6029428	278.3204834
632.7768488	284.7213263
632.9507563	290.0101972
633.1246654	282.8595758
633.2985761	286.6589537
633.4724884	277.3747428
633.6464023	270.8810602
633.8203177	279.4449398
633.9942347	276.0370109
634.1681533	276.518031
634.3420735	277.7680665
634.5159953	271.9454434
634.6899187	278.7650468
634.8638436	280.6494092
635.0377701	274.814229
635.2116982	281.4260452
635.3856279	270.1963764
635.5595592	272.850655
635.7334921	286.5535229
635.9074265	279.7070848
636.0813625	274.5352793
636.2553001	267.0571931
636.4292393	282.3407227
636.60318	275.377886
636.7771224	276.152984
636.9510663	290.1103598
637.1250118	277.5974632
637.2989589	284.6952867
637.4729076	274.0208558
637.6468579	283.4525596
637.8208097	274.1981485
637.9947631	280.9637478
638.1687181	278.3685879
638.3426747	284.5031059
638.5166329	275.5732595
638.6905926	258.3126376
638.864554	267.7933472
639.0385169	273.0348062
639.2124814	279.3735206
639.3864475	297.2855628
639.5604151	276.8845037
639.7343844	284.1263382
639.9083552	278.8451784
640.0823276	265.523021
640.2563016	272.9051059
640.4302772	258.5034864
640.6042543	273.3568467
640.7782331	267.8126693
640.9522134	267.4113407
641.1261953	268.7578437
641.3001788	278.7134048
641.4741639	282.6707416
641.6481505	281.6546829
641.8221387	276.1150121
641.9961286	278.7423391
642.17012	289.4019903
642.3441129	274.1357655
642.5181075	280.8404834
642.6921037	274.1412274
642.8661014	276.8372049
643.0401007	273.2784522
643.2141016	268.2371192
643.3881041	271.2813177
643.5621081	279.7800131
643.7361138	271.5070748
643.910121	274.5339032
644.0841298	277.7252299
644.2581402	263.9981184
644.4321521	270.564958
644.6061657	275.9978491
644.7801808	272.9641594
644.9541975	272.7364427
645.1282158	265.1185965
645.3022357	270.3617196
645.4762572	266.1636325
645.6502802	271.1328982
645.8243048	274.2217495
645.9983311	270.3293757
646.1723589	271.2762384
646.3463882	280.4151013
646.5204192	277.5128779
646.6944517	273.0135297
646.8684858	269.6379912
647.0425215	264.0839471
647.2165588	267.6195764
647.3905977	265.2314589
647.5646382	270.8903924
647.7386802	259.1906399
647.9127238	258.3000465
648.086769	259.1414163
648.2608158	264.3573579
648.4348641	275.7149352
648.6089141	255.9578607
648.7829656	264.4477792
648.9570187	258.6724927
649.1310734	259.3736939
649.3051297	269.3167994
649.4791875	261.7421078
649.653247	262.2435858
649.827308	259.5457261
650.0013706	265.7859786
650.1754348	263.0961617
650.3495006	255.5597305
650.5235679	258.4096538
650.6976368	262.4881249
650.8717074	270.7517029
651.0457795	257.2741662
651.2198531	261.1837902
651.3939284	252.527859
651.5680052	258.9498263
651.7420837	269.0082412
651.9161637	261.804134
652.0902453	254.8548488
652.2643284	255.1933213
652.4384132	255.8050256
652.6124995	250.8606148
652.7865875	262.841665
652.960677	254.1233948
653.134768	269.6426278
653.3088607	247.0175158
653.482955	259.291037
653.6570508	266.5924714
653.8311482	247.551504
654.0052472	241.9176853
654.1793478	261.6926319
654.35345	260.0404837
654.5275537	259.4443524
654.701659	257.2284006
654.8757659	257.9392876
655.0498744	259.347686
655.2239845	256.8343312
655.3980962	261.6931705
655.5722094	244.3581104
655.7463242	250.2559813
655.9204406	249.4101232
656.0945586	251.8595851
656.2686782	257.5497019
656.4427993	261.6325534
656.616922	253.0972495
656.7910464	248.831814
656.9651723	245.8158577
657.1392997	254.0299499
657.3134288	259.5696229
657.4875594	235.4458465
657.6616917	249.2731821
657.8358255	239.520638
658.0099609	255.512877
658.1840978	241.8350968
658.3582364	250.8055654
658.5323765	253.7279894
658.7065183	234.4077539
658.8806616	247.988933
659.0548064	241.7410725
659.2289529	248.0014006
659.403101	247.0938636
659.5772506	244.8864555
659.7514018	245.6957478
659.9255546	243.0524697
660.099709	241.3047186
660.2738649	242.516932
660.4480225	221.4666311
660.6221816	236.5388666
660.7963423	249.023776
660.9705046	244.9993464
661.1446685	226.6293511
661.3188339	240.848118
661.493001	234.6779036
661.6671696	240.8941689
661.8413398	231.1460071
662.0155116	238.2692574
662.1896849	239.7241649
662.3638599	240.2640191
662.5380364	231.2617706
662.7122145	237.0395907
662.8863942	237.1605425
663.0605755	229.045509
663.2347584	232.9737003
663.4089428	240.2832788
663.5831288	227.3189853
663.7573165	237.4734389
663.9315056	230.2682475
664.1056964	242.7492768
664.2798888	231.7887352
664.4540827	231.1882823
664.6282782	239.3450713
664.8024753	225.3294233
664.976674	219.1040103
665.1508743	231.0751814
665.3250761	225.2295487
665.4992796	213.9088382
665.6734846	240.0100905
665.8476912	217.611084
666.0218993	220.8215202
666.1961091	222.2395908
666.3703204	216.2454396
666.5445334	221.6100355
666.7187479	210.2711148
666.892964	224.6840952
667.0671816	220.9757486
667.2414009	228.6015971
667.4156217	210.621788
667.5898442	230.6159186
667.7640682	226.599952
667.9382937	228.9755346
668.1125209	214.2090534
668.2867497	214.0657797
668.46098	221.3813937
668.6352119	219.1079776
668.8094454	202.9783707
668.9836805	210.5979399
669.1579171	214.3398044
669.3321554	214.8171615
669.5063952	216.4865844
669.6806366	214.6919683
669.8548796	208.5116771
670.0291242	216.8935703
670.2033703	213.2651207
670.3776181	216.8237888
670.5518674	230.6439443
670.7261183	200.8127628
670.9003708	207.7733044
671.0746248	207.864249
671.2488805	204.2071847
671.4231377	210.7389583
671.5973965	196.8197951
671.7716569	211.6600309
671.9459189	195.3745262
672.1201824	211.6345076
672.2944476	205.5227981
672.4687143	203.6096587
672.6429826	205.8621698
672.8172525	209.1011875
672.991524	201.4302198
673.165797	204.4949434
673.3400717	199.1191295
673.5143479	207.0771307
673.6886257	200.7976177
673.8629051	210.6988668
674.037186	193.1073942
674.2114686	204.3803813
674.3857527	189.2125491
674.5600384	191.5976085
674.7343257	189.1822915
674.9086146	199.9731287
675.0829051	191.7964436
675.2571971	194.9928226
675.4314907	190.281902
675.6057859	187.8819246
675.7800827	189.2668538
675.9543811	187.732195
676.128681	193.2908763
676.3029826	186.941876
676.4772857	186.9059048
676.6515904	187.0331539
676.8258967	176.5516913
677.0002045	185.1806239
677.174514	186.2600505
677.348825	188.7730734
677.5231376	190.4326692
677.6974518	191.9458346
677.8717676	186.790064
678.046085	194.0533442
678.2204039	186.7879978
678.3947244	183.3410569
678.5690465	169.7293516
678.7433702	193.5060786
678.9176955	178.2600289
679.0920224	186.2153843
679.2663508	180.0576535
679.4406808	168.650107
679.6150124	182.7896852
679.7893456	186.1425944
679.9636804	181.3841867
680.1380167	174.8336313
680.3123546	174.4642011
680.4866941	185.5363954
680.6610352	167.9065066
680.8353779	183.3198206
681.0097222	172.7977215
681.184068	185.5814609
681.3584154	172.8897335
681.5327644	171.4112589
681.707115	164.8733528
681.8814672	181.0300922
682.055821	174.2211813
682.2301763	172.4229798
682.4045332	158.0185581
682.5788917	176.9029901
682.7532518	161.4492801
682.9276135	165.9351685
683.1019767	176.0554736
683.2763415	163.7692349
683.4507079	154.2874698
683.6250759	167.6412401
683.7994455	160.4234116
683.9738167	156.0883855
684.1481894	163.7515459
684.3225637	167.7564698
684.4969396	161.3175821
684.6713171	171.1498662
684.8456962	151.3951299
685.0200768	161.2494182
685.1944591	164.0548504
685.3688429	161.1923975
685.5432283	158.300725
685.7176153	160.1225007
685.8920038	153.0978785
686.066394	156.8043193
686.2407857	157.7878836
686.415179	142.821058
686.5895739	151.0763672
686.7639704	158.2133903
686.9383685	155.6059623
687.1127681	163.1319452
687.2871693	156.2648833
687.4615721	153.6893485
687.6359765	159.9234298
687.8103825	159.8404225
687.98479	161.6595485
688.1591992	156.4084855
688.3336099	150.7378457
688.5080222	159.623333
688.6824361	159.378324
688.8568515	150.7437305
689.0312686	150.9479123
689.2056872	148.1127827
689.3801074	155.3181849
689.5545292	149.1445608
689.7289526	134.5988655
689.9033775	147.3535339
690.0778041	138.4000516
690.2522322	147.0802236
690.4266619	140.4163113
690.6010932	140.4221064
690.7755261	137.5708195
690.9499605	145.9616524
691.1243965	147.5025064
691.2988342	155.2413706
691.4732734	139.529144
691.6477141	139.0361833
691.8221565	134.5115509
691.9966005	144.3713088
692.171046	139.8976236
692.3454931	147.0305377
692.5199418	143.5723706
692.6943921	138.7207343
692.8688439	147.7643414
693.0432974	144.1262751
693.2177524	157.445255
693.392209	149.9616939
693.5666672	148.47502
693.7411269	157.8454871
693.9155883	153.0587977
694.0900512	137.305922
694.2645157	145.8579492
694.4389818	140.1251369
694.6134495	147.3309828
694.7879188	142.4060443
694.9623896	133.2420716
695.1368621	138.5806897
695.3113361	129.4142301
695.4858117	136.708366
695.6602888	114.1501851
695.8347676	104.3490927
696.0092479	118.4467005
696.1837299	131.9533415
696.3582134	105.1613479
696.5326984	134.7103222
696.7071851	129.5699399
696.8816734	125.4986844
697.0561632	139.620434
697.2306546	162.9655895
697.4051476	130.0625865
697.5796422	137.8553979
697.7541384	150.4472625
697.9286361	142.6061082
698.1031354	139.0262012
698.2776363	128.5537756
698.4521388	133.8251945
698.6266429	129.5117787
698.8011486	130.1583189
698.9756558	135.3941496
699.1501646	117.6083108
699.324675	117.6817494
699.499187	119.023569
699.6737006	105.5430729
699.8482157	117.0437423
700.0227325	125.9516442
700.1972508	133.3633237
700.3717707	130.288358
700.5462922	114.9439025
700.7208152	131.9895912
700.8953399	119.4038576
701.0698661	119.1598647
701.2443939	111.9139033
701.4189233	122.1079494
701.5934543	114.9133398
701.7679868	118.375552
701.942521	108.2253226
702.1170567	109.741136
702.291594	116.3100353
702.4661329	108.4515936
702.6406733	111.6292268
702.8152154	114.322105
702.989759	116.7247493
703.1643042	110.6779632
703.338851	100.1370492
703.5133994	111.5605146
703.6879494	110.8573102
703.8625009	115.5611124
704.037054	107.8227474
704.2116088	115.5106479
704.386165	104.8035583
704.5607229	114.6744658
704.7352824	120.9950088
704.9098434	103.7256753
705.084406	104.6856745
705.2589702	101.0031277
705.433536	110.495437
705.6081034	89.99375618
705.7826723	102.2703695
705.9572429	103.7061473
706.131815	104.5631386
706.3063887	113.7542366
706.480964	108.4510178
706.6555408	103.5039061
706.8301193	99.61894027
707.0046993	96.19484105
707.1792809	107.6379862
707.3538641	101.0922117
707.5284489	97.83610827
707.7030352	99.15056382
707.8776232	95.50658579
708.0522127	110.8723766
708.2268038	103.6746619
708.4013965	98.83262451
708.5759907	91.08288318
708.7505866	98.62610707
708.925184	88.13955427
709.099783	98.92997975
709.2743836	100.4961404
709.4489858	103.3882326
709.6235896	95.09139815
709.7981949	97.85540133
709.9728018	96.14560525
710.1474104	95.97874064
710.3220204	101.433354
710.4966321	88.47039784
710.6712454	98.7484408
710.8458602	94.69370498
711.0204766	87.76073044
711.1950946	89.79121943
711.3697142	92.41558755
711.5443354	94.56064828
711.7189581	87.54336672
711.8935825	93.52787458
712.0682084	95.47250279
712.2428359	85.68878002
712.417465	86.90416053
712.5920956	92.59314435
712.7667279	95.96187443
712.9413617	95.19049252
713.1159971	89.99789732
713.2906341	87.89387043
713.4652727	84.47490994
713.6399128	94.63378924
713.8145545	82.00352958
713.9891979	105.7519338
714.1638428	93.28753112
714.3384893	93.96907404
714.5131373	98.22022737
714.687787	90.45136819
714.8624382	92.95249657
715.037091	98.0566742
715.2117454	96.79826937
715.3864014	82.47169272
715.5610589	95.76503793
715.7357181	84.26758265
715.9103788	85.11795157
716.0850411	80.12325889
716.259705	85.38305229
716.4343705	87.87993227
716.6090375	86.1380694
716.7837062	86.39816551
716.9583764	85.43814718
717.1330482	101.6291873
717.3077216	78.49854245
717.4823966	92.48040152
717.6570731	81.28567689
717.8317512	90.35069665
718.0064309	67.57746421
718.1811122	95.63566676
718.3557951	71.42610887
718.5304796	83.77635384
718.7051656	82.53313778
718.8798532	89.44913945
719.0545425	89.80149964
719.2292332	69.86183422
719.4039256	72.30878336
719.5786196	80.78196008
719.7533151	83.09456166
719.9280122	87.61264192
720.1027109	80.31451594
720.2774112	81.50752981
720.4521131	63.13336058
720.6268165	71.95367505
720.8015216	70.43226833
720.9762282	64.87475125
721.1509364	81.80157221
721.3256461	86.32593633
721.5003575	79.30843055
721.6750704	80.93448869
721.849785	77.15237895
722.0245011	76.98181829
722.1992188	72.83881133
722.373938	73.67774697
722.5486589	75.13606682
722.7233813	75.81672661
722.8981053	78.71234033
723.0728309	80.04568064
723.2475581	75.87621751
723.4222869	62.52969311
723.5970172	71.01167083
723.7717492	59.19957302
723.9464827	77.15276387
724.1212178	74.15280525
724.2959545	71.91786361
724.4706927	78.7889006
724.6454326	56.63186017
724.820174	65.8531015
724.994917	70.17865743
725.1696616	72.39262561
725.3444078	69.67283765
725.5191555	71.60542509
725.6939048	77.69551267
725.8686558	78.98358118
726.0434083	64.40960051
726.2181623	63.97129211
726.392918	59.59565624
726.5676753	58.42983205
726.7424341	74.52964077
726.9171945	60.59894035
727.0919565	63.57256592
727.2667201	80.27293812
727.4414852	69.16230888
727.616252	66.16456606
727.7910203	57.58027079
727.9657902	72.18272252
728.1405617	70.71770042
728.3153348	66.18595357
728.4901094	68.18785452
728.6648857	56.80639303
728.8396635	73.79006838
729.0144429	74.19767812
729.1892239	59.46465183
729.3640064	61.51907971
729.5387906	72.97507976
729.7135763	71.87322068
729.8883636	45.72708978
730.0631525	69.55644798
730.237943	63.12330587
730.412735	68.10949979
730.5875287	57.21846118
730.7623239	59.82943549
730.9371207	59.5532462
731.1119191	59.33829505
731.2867191	40.88293941
731.4615206	63.65794231
731.6363238	56.5595031
731.8111285	41.5493031
731.9859348	63.38548567
732.1607427	59.75739662
732.3355521	72.04609574
732.5103632	62.9101318
732.6851758	46.44393851
732.85999	58.42097696
733.0348058	63.79331804
733.2096232	66.63760059
733.3844421	47.52757676
733.5592627	61.62739687
733.7340848	53.61994375
733.9089085	68.30004928
734.0837338	59.4254497
734.2585607	71.68681271
734.4333891	63.34646047
734.6082192	57.57067159
734.7830508	63.25755169
734.957884	59.78042183
735.1327188	62.08552976
735.3075551	47.28605685
735.4823931	51.46720847
735.6572326	68.62030277
735.8320737	39.79099211
736.0069164	69.97629237
736.1817607	64.26785336
736.3566065	55.62542949
736.531454	50.16939746
736.706303	67.88974564
736.8811536	57.95026948
737.0560058	73.61009469
737.2308596	33.37273122
737.4057149	51.80599516
737.5805718	51.81622699
737.7554304	56.84029589
737.9302905	41.82792151
738.1051521	67.84740509
738.2800154	61.97232026
738.4548803	57.77879897
738.6297467	58.2006666
738.8046147	54.34652047
738.9794843	46.00129063
739.1543555	62.83568774
739.3292282	62.59396686
739.5041026	51.62775907
739.6789785	40.00036471
739.853856	61.26411513
740.0287351	61.46374784
740.2036158	46.97252414
740.378498	50.05669733
740.5533818	56.51036032
740.7282673	54.06876316
740.9031543	54.3010843
741.0780428	44.03485702
741.252933	49.78104512
741.4278247	60.26949312
741.6027181	50.5731969
741.777613	59.9159296
741.9525095	45.75421007
742.1274076	48.56376272
742.3023072	54.31084166
742.4772084	50.33697564
742.6521113	64.54522141
742.8270157	54.43465168
743.0019217	46.0120133
743.1768292	51.9155764
743.3517384	57.54847061
743.5266491	50.24897798
743.7015614	61.23473269
743.8764753	49.7697867
744.0513908	52.75128417
744.2263079	52.35829458
744.4012265	57.51933965
744.5761468	35.6783195
744.7510686	53.52941406
744.925992	46.93918449
745.1009169	43.70178708
745.2758435	58.69276526
745.4507716	51.72942712
745.6257013	63.65508545
745.8006327	47.07749226
745.9755655	33.85264895
746.1505	38.28867978
746.3254361	53.76676313
746.5003737	34.62401032
746.6753129	61.2454494
746.8502537	48.18681925
747.0251961	53.32362852
747.2001401	42.76630865
747.3750856	54.63844006
747.5500327	56.98626637
747.7249814	55.52995168
747.8999317	62.63960481
748.0748836	44.9005298
748.2498371	37.23053436
748.4247921	42.71337945
748.5997487	49.28561526
748.7747069	45.30461396
748.9496667	38.95681532
749.1246281	60.00869572
749.299591	40.15738823
749.4745556	34.45124928
749.6495217	33.63454409
749.8244894	51.11049093
749.9994587	42.6043937
750.1744295	43.50029337
750.349402	45.32535242
750.524376	46.86024175
750.6993516	54.64668537
750.8743288	40.63448304
751.0493076	38.21618596
751.2242879	30.66268228
751.3992699	46.57136009
751.5742534	47.29574014
751.7492385	42.41132017
751.9242252	34.01950038
752.0992134	49.25264978
752.2742033	48.58338486
752.4491947	52.7032889
752.6241877	33.09663559
752.7991823	54.46149046
752.9741785	38.2055511
753.1491763	42.00550526
753.3241756	35.73281318
753.4991766	32.18431955
753.6741791	54.64337235
753.8491832	46.61490722
754.0241888	48.60379551
754.1991961	41.43031454
754.3742049	38.59255414
754.5492153	41.57386806
754.7242274	49.23764459
754.8992409	48.0250157
755.0742561	52.97633543
755.2492729	45.31650712
755.4242912	48.98488163
755.5993111	56.15078366
755.7743326	34.49156326
755.9493557	31.37424598
756.1243803	41.27689583
756.2994066	38.48759897
756.4744344	46.63150415
756.6494638	32.04221489
756.8244948	35.01114471
756.9995274	51.95986101
757.1745615	45.80342893
757.3495973	42.72997615
757.5246346	30.743438
757.6996735	41.21817924
757.874714	37.54177813
758.0497561	44.454911
758.2247997	47.90634663
758.3998449	29.60374861
758.5748918	44.85741574
758.7499402	37.68081852
758.9249901	44.03616496
759.1000417	45.60971443
759.2750948	21.69994422
759.4501496	61.70558128
759.6252059	47.14044962
759.8002638	55.53550783
759.9753232	38.18994524
760.1503843	48.5692248
760.3254469	36.65989756
760.5005112	41.23393082
760.675577	45.8606438
760.8506443	44.18485519
761.0257133	36.88515199
761.2007839	46.01251994
761.375856	55.13094242
761.5509297	50.70133325
761.726005	45.38044886
761.9010819	35.02079093
762.0761603	38.13410093
762.2512404	48.58841362
762.426322	41.45170081
762.6014052	40.70578877
762.77649	41.52587755
762.9515764	37.57143616
763.1266643	29.42409136
763.3017539	40.59824129
763.476845	52.12957227
763.6519377	42.03070586
763.827032	61.28822457
764.0021278	48.52335141
764.1772253	27.55867176
764.3523243	37.47699486
764.5274249	30.51890316
764.7025271	45.84409677
764.8776309	47.68236505
765.0527363	39.75568406
765.2278432	51.55981461
765.4029517	52.98441004
765.5780619	24.18426657
765.7531735	56.36340987
765.9282868	60.75342565
766.1034017	42.56548491
766.2785181	42.52380853
766.4536361	50.724545
766.6287557	46.92041599
766.8038769	42.24986489
766.9789997	27.76805705
767.154124	43.16408656
767.32925	35.75905119
767.5043775	29.80072154
767.6795066	34.8463684
767.8546373	34.59671131
768.0297695	53.14540278
768.2049034	29.98117741
768.3800388	44.10947786
768.5551758	39.64048172
768.7303144	43.8635812
768.9054546	39.85467385
769.0805963	34.59464904
769.2557396	41.51581252
769.4308846	28.56174474
769.6060311	45.41648378
769.7811791	29.04430527
769.9563288	31.69833303
770.1314801	36.7645188
770.3066329	44.57263236
770.4817873	29.17769204
770.6569433	45.99222991
770.8321009	46.2329873
771.00726	39.98789055
771.1824208	41.41609394
771.3575831	42.72697165
771.532747	45.69062353
771.7079125	35.05182791
771.8830796	31.53386777
772.0582482	40.73278392
772.2334185	42.29735737
772.4085903	41.94728054
772.5837637	39.01542605
772.7589387	72.18558445
772.9341152	49.47227365
773.1092934	66.7348579
773.2844731	47.38940266
773.4596544	42.70994847
773.6348373	47.76302988
773.8100218	47.14088141
773.9852079	34.38802808
774.1603955	35.68571541
774.3355847	60.17943341
774.5107755	52.28398545
774.6859679	45.17500015
774.8611619	37.78751729
775.0363575	40.54177293
775.2115546	32.46909967
775.3867533	50.28358275
775.5619536	50.57240772
775.7371555	29.19382594
775.912359	34.66271164
776.087564	33.16900934
776.2627706	44.0933628
776.4379789	23.5375879
776.6131886	21.43391191
776.7884	35.16932594
776.963613	61.82461507
777.1388275	38.69362522
777.3140436	41.99113788
777.4892614	54.44937209
777.6644806	52.95776953
777.8397015	33.26681909
778.014924	47.86738385
778.190148	45.22191629
778.3653736	37.59223382
778.5406008	34.78390774
778.7158296	39.08057715
778.89106	35.00707508
779.0662919	44.83847032
779.2415255	39.66176729
779.4167606	27.9370281
779.5919973	44.86663549
779.7672355	41.16776129
779.9424754	50.35796795
780.1177168	49.31870475
780.2929599	26.83454791
780.4682045	54.60365903
780.6434507	43.86566173
780.8186984	39.76545887
780.9939478	38.31335554
781.1691987	36.1496699
781.3444512	59.96023812
781.5197053	34.51357942
781.694961	27.52653111
781.8702183	57.51739364
782.0454771	31.14838071
782.2207376	41.86166844
782.3959996	52.42733116
782.5712632	30.19184929
782.7465283	46.46514359
782.9217951	52.72478313
783.0970634	50.94226942
783.2723334	59.12685378
783.4476049	47.50218422
783.622878	68.10241571
783.7981526	38.18188337
783.9734289	26.0247328
784.1487067	46.17458382
784.3239861	50.80567807
784.4992671	45.45596333
784.6745497	43.0301693
784.8498339	30.88166112
785.0251196	52.4086535
785.200407	36.38478811
785.3756959	41.2784913
785.5509864	36.08522821
785.7262784	35.37636237
785.9015721	49.60483553
786.0768673	71.30157985
786.2521642	38.51773725
786.4274626	56.50223289
786.6027626	26.26202612
786.7780641	36.43853445
786.9533673	43.57808737
787.128672	27.83759131
787.3039783	22.02528627
787.4792862	60.51472021
787.6545957	41.62606508
787.8299068	38.75269102
788.0052194	56.22492618
788.1805337	48.91565163
788.3558495	39.54216092
788.5311669	38.71562718
788.7064858	43.87053805
788.8818064	33.55987375
789.0571285	40.78798965
789.2324523	37.76465251
789.4077776	36.43223914
789.5831045	28.88914275
789.7584329	72.77996315
789.933763	39.42643355
790.1090946	44.39444301
790.2844278	54.64464681
790.4597626	34.40915548
790.635099	69.81902316
790.810437	64.09452411
790.9857765	37.82617719
791.1611176	71.36242677
791.3364604	51.61908998
791.5118047	46.5785024
791.6871505	29.16425364
791.862498	64.37925768
792.037847	25.33307136
792.2131976	44.71655365
792.3885499	43.47138736
792.5639036	19.53844879
792.739259	43.12506725
792.914616	42.50989508
793.0899745	46.90214013
793.2653346	34.11085161
793.4406963	21.65582744
793.6160596	41.5498103
793.7914245	66.80042893
793.9667909	50.55274814
794.1421589	53.95104619
794.3175285	63.29323954
794.4928997	70.46773482
794.6682725	32.26020531
794.8436469	47.30385159
795.0190228	64.3645354
795.1944003	42.63199497
795.3697794	33.74173244
795.5451601	41.51195907
795.7205424	48.74985554
795.8959262	48.02955391
796.0713117	64.96162075
796.2466987	40.24106033
796.4220873	21.32470106
796.5974775	45.90754785
796.7728692	46.55964029
796.9482626	49.02718833
797.1236575	66.74406564
797.299054	48.72204297
797.4744521	49.20067859
797.6498518	77.12204551
797.825253	38.66282774
798.0006559	49.02350876
798.1760603	28.89282563
798.3514663	40.31889053
798.5268739	35.40829319
798.7022831	64.30710961
798.8776938	58.34002782
799.0531062	52.44098478
799.2285201	46.01708033
799.4039356	60.96226314
799.5793526	50.19361081
799.7547713	35.3064767
799.9301916	50.22348664
800.1056134	45.98358509
800.2810368	55.17436389
800.4564618	38.85962242
800.6318884	45.66370473
800.8073165	48.05018235
800.9827463	72.71922833
801.1581776	62.52929557
801.3336105	59.2973512
801.509045	28.72322594
801.684481	19.61992142
801.8599187	31.93874097
802.0353579	21.39694664
802.2107987	48.42950845
802.3862411	63.29062475
802.5616851	67.61811768
802.7371307	29.96571359
802.9125778	41.43051986
803.0880266	49.85368544
803.2634769	65.09636792
803.4389288	19.67015318
803.6143822	53.5241286
803.7898373	30.21690345
803.9652939	74.21430948
804.1407521	46.84563377
804.3162119	53.821249
804.4916733	29.56820872
804.6671363	47.4936133
804.8426009	60.04387851
805.018067	64.37432997
805.1935347	31.69024697
805.369004	23.35830717
805.5444749	28.01519966
805.7199473	68.67048984
805.8954214	42.1141471
806.070897	38.35093455
806.2463742	40.76635907
806.421853	32.49222547
806.5973334	33.98543199
806.7728153	53.94215364
806.9482989	26.56421532
807.123784	56.81316206
807.2992707	74.48619849
807.474759	45.22630992
807.6502489	32.20487897
807.8257403	77.68854539
808.0012333	34.01057055
808.176728	55.50375708
808.3522242	47.82048003
808.5277219	31.92384509
808.7032213	60.29486316
808.8787222	75.49041542
809.0542248	39.15125249
809.2297289	58.27706187
809.4052346	78.87306385
809.5807418	61.89141444
809.7562507	40.61892362
809.9317611	66.69195788
810.1072732	49.6597362
810.2827868	46.20679636
810.4583019	55.88493725
810.6338187	74.81317947
810.8093371	60.23993068
810.984857	49.75867121
811.1603785	39.13932941
811.3359016	53.73771994
811.5114263	40.15724767
811.6869525	33.072665
811.8624804	10.88309691
812.0380098	60.52375364
812.2135408	14.51040619
812.3890734	61.83490077
812.5646076	52.69234217
812.7401433	14.21218674
812.9156807	54.10897543
813.0912196	58.73035935
813.2667601	49.85196773
813.4423022	56.22914922
813.6178459	46.55179296
813.7933911	38.48288717
813.9689379	47.54280813
814.1444864	47.66946189
814.3200364	38.73526743
814.4955879	31.49331196
814.6711411	37.78106435
814.8466958	20.84344769
815.0222522	47.28348325
815.1978101	25.76089336
815.3733696	58.44492571
815.5489306	56.66314242
815.7244933	94.35455337
815.9000575	70.38054913
816.0756233	81.30131312
816.2511907	51.74827808
816.4267597	65.79788955
816.6023303	76.85007609
816.7779025	61.6562433
816.9534762	76.77791859
817.1290515	59.88005552
817.3046284	28.92694624
817.4802069	71.81381699
817.6557869	47.49622304
817.8313686	34.13375895
818.0069518	51.84931824
818.1825366	60.3497753
818.358123	83.55969662
818.533711	20.45480998
818.7093005	49.51452018
818.8848917	47.20136334
819.0604844	79.73683532
819.2360787	29.32635485
819.4116746	16.07723655
819.587272	41.38243639
819.7628711	46.33901213
819.9384717	37.80492402
820.1140739	52.04945163
820.2896777	68.91828241
820.4652831	62.87819054
820.6408901	49.68430008
820.8164986	46.40682062
820.9921087	38.82184884
821.1677204	45.52010326
821.3433337	78.58834568
821.5189486	34.70711977
821.6945651	40.16658959
821.8701831	64.43024373
822.0458027	42.41208192
822.2214239	46.94523788
822.3970467	33.78255698
822.5726711	55.50928452
822.748297	46.07807137
822.9239245	77.05024374
823.0995537	87.53013854
823.2751844	68.37170744
823.4508166	67.83410766
823.6264505	75.3281007
823.8020859	33.13414951
823.977723	64.89764785
824.1533616	22.31274959
824.3290018	27.08786947
824.5046435	51.58128348
824.6802869	84.93879513
824.8559318	67.98118192
825.0315783	63.65627425
825.2072264	58.92245285
825.3828761	80.2649927
825.5585274	52.12262369
825.7341802	49.66565733
825.9098347	80.27936215
826.0854907	66.71291959
826.2611483	51.96358967
826.4368075	86.93038792
826.6124682	55.58982903
826.7881306	87.21025378
826.9637945	115.4819748
827.13946	53.55656578
827.3151271	43.01458384
827.4907958	75.6849918
827.666466	53.46053246
827.8421378	55.72527707
828.0178113	56.30348001
828.1934863	72.05023427
828.3691628	78.75765792
828.544841	50.82069976
828.7205208	46.44378902
828.8962021	77.19585254
829.071885	34.91507888
829.2475695	61.55373123
829.4232556	48.51434756
829.5989432	56.6749893
829.7746325	80.63535923
829.9503233	42.03565511
830.1260157	60.94400754
830.3017097	46.08308247
830.4774053	88.65490811
830.6531024	56.32705672
830.8288012	55.27316663
831.0045015	82.16435794
831.1802034	31.85176481
831.3559069	73.63074268
831.5316119	64.10370943
831.7073186	46.27378062
831.8830268	31.14684836
832.0587366	99.78884405
832.234448	48.45867351
832.410161	72.23274129
832.5858755	84.47382185
832.7615917	80.78718778
832.9373094	59.55588159
833.1130287	91.74892523
833.2887496	55.92953457
833.4644721	123.9988202
833.6401961	70.46540655
833.8159218	83.50048312
833.991649	57.5361687
834.1673778	92.82018304
834.3431082	72.16724784
834.5188401	81.66798221
834.6945737	84.38346532
834.8703088	100.5617512
835.0460455	102.649723
835.2217838	86.69143052
835.3975237	78.71050936
835.5732652	74.45687325
835.7490082	35.02713387
835.9247528	72.42851297
836.100499	103.0693369
836.2762468	84.52781343
836.4519962	70.46463632
836.6277471	52.01809467
836.8034997	4.634903967
836.9792538	120.9572484
837.1550095	35.25073814
837.3307668	59.78213826
837.5065256	37.43522845
837.6822861	83.38095766
837.8580481	114.6104903
838.0338117	55.34030396
838.2095769	84.70232991
838.3853437	101.007525
838.5611121	49.1575527
838.736882	95.62490862
838.9126535	70.85365345
839.0884266	55.16268224
839.2642013	81.71072866
839.4399776	87.70352178
839.6157554	95.62638474
839.7915349	96.55849344
839.9673159	81.0815074
840.1430985	83.86961754
840.3188827	65.27536311
840.4946684	145.1073675
840.6704558	83.87710756
840.8462447	131.750187
841.0220352	101.3243869
841.1978273	85.35310353
841.373621	92.94248133
841.5494162	36.19303321
841.7252131	96.72998674
841.9010115	94.64569631
842.0768115	90.09953952
842.2526131	61.43948391
842.4284163	81.91660028
842.604221	58.80245015
842.7800274	112.9757328
842.9558353	127.4729127
843.1316448	84.68042939
843.3074559	50.503606
843.4832685	78.10990216
843.6590828	68.12979909
843.8348986	84.13056025
844.010716	121.7711739
844.186535	31.93018615
844.3623556	98.76159865
844.5381777	88.49674476
844.7140015	73.12325631
844.8898268	82.52965035
845.0656537	106.1815146
845.2414822	90.49283293
845.4173123	108.4011833
845.5931439	61.98312726
845.7689771	66.87959347
845.944812	67.20572113
846.1206484	96.74596741
846.2964863	143.2082949
846.4723259	74.05279678
846.6481671	107.6442339
846.8240098	133.1421578
846.9998541	135.1874921
847.1757	132.468188
847.3515475	73.5286768
847.5273965	100.4788238
847.7032472	120.8767331
847.8790994	73.73522758
848.0549532	79.12621987
848.2308086	127.8765707
848.4066655	68.89289685
848.5825241	116.7229514
848.7583842	36.31980861
848.9342459	71.87934339
849.1101092	123.2107858
849.2859741	88.94682156
849.4618406	63.89309154
849.6377086	71.93936913
849.8135783	89.90542776
849.9894495	87.86508671
850.1653223	132.7445833
850.3411966	87.6076839
850.5170726	113.6194267
850.6929501	80.05343866
850.8688293	89.08484611
851.04471	86.75134108
851.2205922	45.97157945
851.3964761	118.218822
851.5723616	84.16253002
851.7482486	63.42442813
851.9241372	70.81597063
852.1000274	97.56749297
852.2759192	96.73638737
852.4518126	153.2051627
852.6277075	48.58621987
852.803604	92.51715575
852.9795021	122.7425102
853.1554018	64.41249758
853.3313031	98.68286423
853.507206	93.683195
853.6831104	120.9684261
853.8590164	86.68664807
854.034924	67.58616197
854.2108332	105.8255524
854.386744	129.8765274
854.5626563	92.75088142
854.7385703	109.3529079
854.9144858	114.9883545
855.0904029	67.97212421
855.2663216	91.26841892
855.4422418	148.7511749
855.6181637	114.9131048
855.7940871	126.441781
855.9700121	153.0031265
856.1459387	94.24904193
856.3218669	99.1446953
856.4977966	95.4406331
856.673728	94.46926589
856.8496609	116.2122687
857.0255954	85.27013463
857.2015315	88.55834494
857.3774691	126.2522352
857.5534084	80.51247303
857.7293492	93.26167803
857.9052916	71.30218622
858.0812356	101.8592701
858.2571812	125.936936
858.4331284	84.02324846
858.6090771	101.4017677
858.7850275	60.14648849
858.9609794	150.7429952
859.1369329	94.35332701
859.3128879	108.2037546
859.4888446	142.5818307
859.6648028	89.09772007
859.8407626	106.9471725
860.0167241	129.0630713
860.192687	129.7459653
860.3686516	158.2521688
860.5446178	126.6036098
860.7205855	81.61116514
860.8965548	128.0046798
861.0725257	115.234727
861.2484982	64.09309835
861.4244722	64.0778279
861.6004479	105.9791286
861.7764251	74.93361675
861.9524039	79.51958006
862.1283843	131.2838751
862.3043663	98.71273964
862.4803498	110.1794917
862.656335	164.1227655
862.8323217	79.72592746
863.00831	113.8614464
863.1842999	102.9503219
863.3602914	151.5880025
863.5362844	180.6850581
863.712279	119.1600973
863.8882753	101.5979807
864.0642731	167.2900193
864.2402724	87.71524321
864.4162734	169.1946972
864.5922759	50.49480158
864.7682801	162.2825794
864.9442858	157.8513151
865.1202931	157.8667098
865.2963019	122.0634298
865.4723124	122.7391559
865.6483244	140.5905118
865.824338	88.67088899
866.0003533	127.9276915
866.17637	79.22469625
866.3523884	141.6096669
866.5284084	100.2839917
866.7044299	146.6974441
866.880453	109.2876036
867.0564777	173.093716
867.232504	108.4303869
867.4085318	131.2441668
867.5845613	119.3535838
867.7605923	64.59590651
867.9366249	191.5983944
868.1126591	127.0321687
868.2886949	133.0189424
868.4647322	116.0324933
868.6407712	141.497934
868.8168117	47.48739108
868.9928538	133.5350248
869.1688975	142.467976
869.3449427	136.9912993
869.5209896	63.35494749
869.697038	170.252143
869.873088	141.3490573
870.0491396	159.1417776
870.2251928	69.43709276
870.4012476	142.7494919
870.5773039	68.25200221
870.7533618	162.9949679
870.9294214	149.0499406
871.1054824	121.8374727
871.2815451	134.2724202
871.4576094	105.8195027
871.6336752	149.6136774
871.8097426	133.1817753
871.9858116	218.9546944
872.1618822	140.0571973
872.3379544	112.0588581
872.5140281	118.6017425
872.6901035	114.510505
872.8661804	135.7322874
873.0422589	161.9203407
873.2183389	150.9519703
873.3944206	139.7185713
873.5705039	166.3441804
873.7465887	183.7539464
873.9226751	129.5451907
874.0987631	201.1866312
874.2748526	186.2692445
874.4509438	128.3102839
874.6270365	79.57722792
874.8031309	146.9233509
874.9792268	163.0038701
875.1553242	100.1751386
875.3314233	126.0133623
875.507524	149.3113941
875.6836262	182.5750597
875.85973	179.5010526
876.0358354	227.6495592
876.2119424	156.883844
876.3880509	179.8002432
876.5641611	157.6268303
876.7402728	107.4496032
876.9163861	161.6632758
877.092501	205.3807989
877.2686175	152.694307
877.4447355	160.3370531
877.6208552	150.1806668
877.7969764	113.749026
877.9730992	148.1243228
878.1492236	160.659327
878.3253495	162.5796989
878.5014771	194.1113041
878.6776062	170.8036426
878.8537369	166.8907557
879.0298692	159.7663679
879.2060031	207.0405483
879.3821386	169.4594375
879.5582756	199.8556674
879.7344142	147.6879582
879.9105544	143.7134372
880.0866962	142.0918625
880.2628396	175.2133104
880.4389845	97.19072356
880.6151311	201.1444937
880.7912792	122.0464047
880.9674289	111.2997661
881.1435802	164.2681967
881.3197331	190.3233624
881.4958875	149.4343207
881.6720435	148.0140092
881.8482011	137.2105408
882.0243603	116.3679628
882.2005211	171.9808223
882.3766835	165.4426009
882.5528474	246.4794568
882.7290129	242.5892835
882.90518	133.1927053
883.0813487	224.2332515
883.257519	60.32713969
883.4336909	98.38049777
883.6098643	114.2722254
883.7860393	155.2495163
883.9622159	82.59332903
884.1383941	186.2406824
884.3145739	150.3648455
884.4907552	174.4040508
884.6669381	121.2587411
884.8431227	243.7755674
885.0193087	181.5933652
885.1954964	133.6836612
885.3716857	170.9655268
885.5478765	214.2641283
885.724069	204.6832471
885.900263	244.1670712
886.0764585	179.8302968
886.2526557	154.0519145
886.4288545	163.9963217
886.6050548	117.7689202
886.7812567	130.7858744
886.9574602	161.1251945
887.1336653	182.4821469
887.309872	253.4768302
887.4860802	79.84015089
887.66229	254.0633908
887.8385015	115.4292176
888.0147145	159.4836811
888.190929	242.7075785
888.3671452	224.3939966
888.5433629	244.0425688
888.7195823	245.4724412
888.8958032	171.1368702
889.0720256	199.482611
889.2482497	147.7877191
889.4244754	131.6237229
889.6007026	168.9580563
889.7769314	155.4632779
889.9531618	207.1431746
890.1293938	235.8637389
890.3056274	121.8753855
890.4818625	221.8748386
890.6580992	223.2610588
890.8343376	150.4799605
891.0105775	179.6797685
891.1868189	151.8242555
891.363062	246.4124584
891.5393066	156.7864092
891.7155529	182.062299
891.8918007	144.0096894
892.06805	167.4010791
892.244301	191.3600056
892.4205536	186.8236346
892.5968077	182.9337902
892.7730634	195.7620619
892.9493207	164.2171353
893.1255796	155.803201
893.3018401	191.2096157
893.4781021	163.4145751
893.6543657	164.5132268
893.830631	299.4139914
894.0068977	143.7032716
894.1831661	186.3145041
894.3594361	140.7874595
894.5357076	139.0823434
894.7119807	349.4905326
894.8882555	218.4082263
895.0645317	200.6309583
895.2408096	124.6707707
895.4170891	258.3192957
895.5933701	164.7723572
895.7696527	155.8252716
895.9459369	272.1656357
896.1222227	243.2748048
896.2985101	164.3263519
896.474799	211.1319377
896.6510895	201.1728943
896.8273816	247.5070437
897.0036753	235.2886456
897.1799706	293.6506669
897.3562675	105.0873482
897.5325659	186.6516018
897.7088659	227.2493389
897.8851675	164.2443612
898.0614707	146.4250716
898.2377755	289.6048209
898.4140818	152.6360232
898.5903898	291.1711915
898.7666993	261.5790848
898.9430104	276.770605
899.1193231	140.7489477
899.2956373	198.9628362
899.4719532	132.3318014
899.6482706	227.4906562
899.8245896	257.5375193
