360.1506696	46.94601023
360.3220786	196.399624
360.4934893	86.99360277
360.6649015	48.771593
360.8363152	17.21444857
361.0077306	71.7812847
361.1791475	57.43047357
361.3505661	118.4734819
361.5219862	86.08705375
361.6934079	17.16234934
361.8648311	43.25003113
362.036256	84.45085546
362.2076824	31.70563391
362.3791104	56.11661329
362.55054	37.21779911
362.7219712	88.97349769
362.893404	31.72317179
363.0648383	49.5729308
363.2362743	36.14736547
363.4077118	116.3362155
363.5791509	79.17127678
363.7505915	99.86936534
363.9220338	109.4999023
364.0934776	0.778687811
364.2649231	79.46594843
364.4363701	79.81440838
364.6078187	150.5947
364.7792688	116.5656026
364.9507206	53.47490127
365.1221739	31.04374222
365.2936288	102.241144
365.4650853	108.214313
365.6365434	22.34591524
365.8080031	30.06687291
365.9794643	106.0150155
366.1509272	93.60661071
366.3223916	42.98452013
366.4938576	136.1927151
366.6653252	49.45429323
366.8367943	77.54793538
367.0082651	25.11527721
367.1797374	137.4998745
367.3512113	87.63472116
367.5226868	81.8023226
367.6941638	71.72457956
367.8656425	41.83469302
368.0371227	52.04002995
368.2086046	91.83648733
368.380088	0
368.5515729	5.779436352
368.7230595	71.14119288
368.8945477	41.49710825
369.0660374	29.9791053
369.2375287	62.40122401
369.4090216	165.0894914
369.5805161	194.7288585
369.7520121	95.53605234
369.9235098	81.68564707
370.095009	112.1248696
370.2665098	107.3752518
370.4380122	52.41795803
370.6095162	170.9097134
370.7810217	122.8103419
370.9525288	51.74355018
371.1240376	117.4120054
371.2955479	46.648419
371.4670597	86.74766272
371.6385732	62.51875474
371.8100883	136.6458903
371.9816049	105.0737294
372.1531231	93.34548312
372.3246429	19.75709957
372.4961643	103.1240041
372.6676872	70.1386514
372.8392118	71.22650883
373.0107379	76.78591297
373.1822656	43.34396423
373.3537949	110.5123114
373.5253257	44.57530461
373.6968582	45.65720414
373.8683922	59.93817523
374.0399279	167.7785321
374.2114651	47.30108455
374.3830038	42.43523074
374.5545442	39.44662541
374.7260861	71.80722622
374.8976297	97.79996111
375.0691748	65.56107625
375.2407215	36.95497293
375.4122698	83.7165802
375.5838196	97.83620045
375.7553711	95.61076425
375.9269241	101.1597006
376.0984787	149.8452318
376.2700349	56.65477283
376.4415926	45.0958602
376.613152	77.71262648
376.7847129	97.87915208
376.9562754	92.84344224
377.1278395	80.04839964
377.2994052	75.79829094
377.4709725	134.5752643
377.6425413	5.382489707
377.8141118	31.47713045
377.9856838	150.3469962
378.1572574	85.66461619
378.3288325	89.1030377
378.5004093	32.19316451
378.6719876	272.1891447
378.8435676	64.32782957
379.0151491	170.8314337
379.1867322	184.929928
379.3583168	132.671998
379.5299031	93.50791591
379.7014909	55.62128092
379.8730803	123.6396282
380.0446713	148.3919898
380.2162639	253.6064384
380.3878581	51.81429218
380.5594538	121.6273215
380.7310511	102.0369768
380.9026501	76.33869861
381.0742506	0
381.2458526	29.38117913
381.4174563	177.2382883
381.5890615	2.850940209
381.7606683	96.52136564
381.9322768	37.55732001
382.1038867	89.50018251
382.2754983	140.8452579
382.4471115	44.37369462
382.6187262	89.26730031
382.7903425	80.96401339
382.9619604	4.960554569
383.1335799	102.2734512
383.305201	120.5061153
383.4768236	92.32160216
383.6484478	90.92131134
383.8200736	0
383.991701	159.7224219
384.16333	70.32749128
384.3349606	134.1370313
384.5065927	66.8602879
384.6782264	155.1079392
384.8498617	69.3750844
385.0214986	115.6211188
385.1931371	101.1089577
385.3647771	136.6697678
385.5364188	2.713034274
385.708062	240.3101691
385.8797068	55.66102542
386.0513532	210.573124
386.2230011	102.6401693
386.3946507	36.27837618
386.5663018	114.6340914
386.7379545	163.8043713
386.9096088	132.1805381
387.0812647	63.2326907
387.2529221	69.50200659
387.4245812	140.1073328
387.5962418	104.0679284
387.767904	36.59785396
387.9395678	36.79186623
388.1112332	131.9197393
388.2829001	67.79704732
388.4545686	144.1035062
388.6262388	81.92695937
388.7979105	84.77423147
388.9695837	50.88673035
389.1412586	33.07954654
389.312935	65.95284581
389.4846131	30.16911124
389.6562927	73.15489705
389.8279739	56.28544364
389.9996566	17.91184288
390.171341	61.55811706
390.3430269	54.92784044
390.5147145	74.76920502
390.6864036	0
390.8580942	98.24987531
391.0297865	80.05348196
391.2014804	104.4282913
391.3731758	62.11957483
391.5448728	55.21534423
391.7165714	12.98831288
391.8882716	164.99523
392.0599734	88.02498204
392.2316767	122.6984126
392.4033816	112.8429869
392.5750881	86.69911212
392.7467962	77.73204326
392.9185059	119.0490282
393.0902172	50.24729381
393.26193	155.5014858
393.4336444	61.80338902
393.6053604	121.6237454
393.777078	122.513354
393.9487972	134.7070512
394.1205179	76.03309572
394.2922403	143.1214736
394.4639642	48.14042476
394.6356897	107.5394233
394.8074167	130.8770051
394.9791454	63.86856732
395.1508757	28.65612362
395.3226075	113.0049524
395.4943409	3.004247704
395.6660759	33.10972256
395.8378125	105.1898472
396.0095506	91.94040375
396.1812903	22.53165141
396.3530317	125.6388685
396.5247746	46.0272018
396.6965191	125.3078516
396.8682651	110.9437482
397.0400128	73.16046388
397.211762	74.71176335
397.3835128	112.5784257
397.5552652	61.38594544
397.7270192	85.94156707
397.8987748	126.7762589
398.0705319	92.91547552
398.2422906	102.8722311
398.4140509	105.3333987
398.5858128	112.9321429
398.7575763	85.43834777
398.9293414	68.61288437
399.101108	21.05094466
399.2728762	71.21760719
399.444646	94.29873951
399.6164174	71.54803904
399.7881904	144.8585972
399.9599649	96.73665628
400.1317411	58.9214038
400.3035188	8.527439273
400.4752981	122.0436023
400.6470789	62.9503745
400.8188614	36.06879177
400.9906454	134.7415993
401.1624311	93.02058511
401.3342183	99.92795039
401.5060071	42.49184659
401.6777974	39.86212371
401.8495894	136.8708943
402.0213829	70.80002258
402.1931781	93.98911612
402.3649748	51.27282663
402.536773	74.89304445
402.7085729	85.90292489
402.8803744	48.22377208
403.0521774	46.91273277
403.223982	126.2178994
403.3957882	35.88362322
403.567596	100.7786254
403.7394053	76.89343326
403.9112163	65.70258605
404.0830288	80.26621604
404.2548429	47.24857291
404.4266586	49.99067357
404.5984759	110.40289
404.7702947	114.8906388
404.9421152	103.197691
405.1139372	70.476121
405.2857608	41.62452753
405.457586	93.23741669
405.6294127	115.9846388
405.8012411	97.32387272
405.973071	104.9036355
406.1449025	51.34364576
406.3167356	88.86776335
406.4885703	86.51466042
406.6604066	110.8766467
406.8322444	76.88200062
407.0040838	113.8247281
407.1759249	199.6168181
407.3477674	88.53295136
407.5196116	49.55855602
407.6914574	90.77752899
407.8633047	113.9959203
408.0351536	78.17809136
408.2070041	41.68233773
408.3788562	91.75582191
408.5507099	56.99489906
408.7225651	102.734512
408.894422	110.4708826
409.0662804	73.8834107
409.2381404	100.2779641
409.4100019	71.80807329
409.5818651	38.38244962
409.7537298	52.62713549
409.9255962	113.7210573
410.0974641	113.2546488
410.2693336	90.64039591
410.4412046	52.69105333
410.6130773	24.17414057
410.7849515	69.67565083
410.9568274	108.0926629
411.1287048	41.64971073
411.3005837	131.7579073
411.4724643	51.55508158
411.6443464	57.63515742
411.8162302	109.8240707
411.9881155	93.50324829
412.1600024	28.14756783
412.3318909	3.479329121
412.5037809	62.25618573
412.6756726	66.87298304
412.8475658	104.0941064
413.0194606	91.21802641
413.191357	118.3118802
413.363255	59.19501867
413.5351545	127.6302683
413.7070557	111.2262626
413.8789584	109.8004982
414.0508627	95.75905547
414.2227686	109.98146
414.394676	50.70676368
414.5665851	93.56140791
414.7384957	69.38701963
414.9104079	69.03537625
415.0823217	94.04272814
415.2542371	78.49265577
415.426154	52.0151296
415.5980726	129.2026245
415.7699927	47.97771502
415.9419144	72.78551312
416.1138377	31.81633047
416.2857626	44.15985498
416.457689	56.94253927
416.6296171	101.1076189
416.8015467	108.6675435
416.9734779	83.26567903
417.1454107	118.2256033
417.317345	61.25229974
417.489281	61.89584214
417.6612185	117.7191775
417.8331576	91.83578776
418.0050983	35.72827586
418.1770406	77.85493654
418.3489845	53.17870037
418.5209299	94.35575039
418.6928769	84.48573671
418.8648255	55.83463346
419.0367757	98.41258134
419.2087275	99.48528345
419.3806808	93.5817907
419.5526358	24.61045293
419.7245923	73.11590724
419.8965504	84.7017671
420.0685101	84.78018918
420.2404713	125.0953473
420.4124342	70.98955604
420.5843986	86.9435374
420.7563646	86.6536164
420.9283322	98.65251369
421.1003014	115.2204788
421.2722722	73.38335522
421.4442445	123.3562772
421.6162184	106.8504649
421.7881939	82.93351067
421.960171	116.972255
422.1321497	118.0088716
422.3041299	89.62896968
422.4761118	141.1895282
422.6480952	71.29460804
422.8200802	85.03663888
422.9920668	43.45693626
423.1640549	100.3449358
423.3360447	114.0822234
423.508036	136.5025721
423.6800289	43.97745465
423.8520234	132.944436
424.0240195	67.24657721
424.1960172	53.34540372
424.3680164	111.1382117
424.5400172	121.5873684
424.7120196	128.9501468
424.8840236	89.32568992
425.0560292	103.7281918
425.2280363	139.4629288
425.4000451	165.6826095
425.5720554	88.08616675
425.7440673	95.4136386
425.9160808	95.12689345
426.0880958	110.2814931
426.2601125	106.4364001
426.4321307	96.93864086
426.6041505	136.7943593
426.7761719	100.9614287
426.9481949	104.5029082
427.1202194	126.1735351
427.2922456	158.9249495
427.4642733	97.46533267
427.6363026	77.42869043
427.8083335	140.8153235
427.980366	93.41028932
428.1524	160.0373277
428.3244357	121.6860245
428.4964729	110.5505315
428.6685117	123.1236731
428.8405521	123.9901156
429.012594	146.2248177
429.1846376	94.85344271
429.3566827	143.6495159
429.5287294	114.5865334
429.7007777	170.4399923
429.8728276	129.6773947
430.044879	203.9859308
430.2169321	187.6452893
430.3889867	153.4809435
430.5610429	160.9421329
430.7331007	182.7891389
430.9051601	144.4636537
431.077221	173.1246834
431.2492835	178.5957345
431.4213477	189.6634383
431.5934134	119.8516519
431.7654806	170.7252186
431.9375495	215.1632959
432.10962	130.8233695
432.281692	176.0912531
432.4537656	178.2536483
432.6258408	176.8316545
432.7979176	177.2255384
432.9699959	161.4431949
433.1420759	166.9524985
433.3141574	173.0915141
433.4862405	201.6277349
433.6583252	163.6949312
433.8304114	216.5080458
434.0024993	184.5405087
434.1745887	218.8967954
434.3466797	177.9419396
434.5187723	197.3822235
434.6908665	185.6573771
434.8629623	227.9207864
435.0350596	211.0243872
435.2071586	214.8291376
435.3792591	248.2703667
435.5513612	213.4860408
435.7234648	214.3258815
435.8955701	251.3781046
436.0676769	200.0277565
436.2397854	258.0421581
436.4118954	222.2151558
436.5840069	201.0320697
436.7561201	282.4610286
436.9282349	247.8574895
437.1003512	290.456787
437.2724691	214.8726454
437.4445886	235.2935816
437.6167097	316.3679884
437.7888324	233.1180447
437.9609566	225.41005
438.1330824	247.5799991
438.3052098	264.8202369
438.4773388	295.0592362
438.6494694	273.3846812
438.8216016	298.6403432
438.9937353	290.8396111
439.1658706	292.6485296
439.3380075	332.0410061
439.510146	287.52913
439.6822861	326.2830086
439.8544277	336.8657732
440.026571	299.202126
440.1987158	300.3291592
440.3708622	341.8742591
440.5430102	388.2202018
440.7151597	336.3926239
440.8873109	356.1824045
441.0594636	341.759583
441.2316179	331.7055121
441.4037738	374.5269731
441.5759313	375.5697404
441.7480903	407.831873
441.920251	378.6498168
442.0924132	401.2154707
442.264577	401.2512425
442.4367424	349.7529964
442.6089093	342.8197978
442.7810779	479.292784
442.953248	427.0400423
443.1254197	413.4498007
443.297593	459.9968354
443.4697679	450.8137387
443.6419444	436.2144242
443.8141224	467.0566421
443.9863021	480.6943701
444.1584833	452.7288399
444.3306661	518.4254513
444.5028504	504.8234872
444.6750364	499.0114036
444.8472239	514.0731324
445.019413	472.1645904
445.1916038	552.2728362
445.363796	537.3257269
445.5359899	553.1526769
445.7081854	574.9542623
445.8803824	566.3303468
446.052581	608.9527507
446.2247812	603.0873935
446.396983	657.8088923
446.5691863	629.0624656
446.7413913	633.3315488
446.9135978	677.0055584
447.0858059	679.2589806
447.2580156	673.111036
447.4302269	682.5159345
447.6024397	681.8455955
447.7746542	711.2602457
447.9468702	735.0904793
448.1190878	668.9361619
448.291307	787.917129
448.4635278	765.6432234
448.6357501	818.8977201
448.807974	858.7055226
448.9801996	781.5121726
449.1524266	831.6942762
449.3246553	860.7831896
449.4968856	906.2329798
449.6691174	902.1501142
449.8413509	924.583772
450.0135859	936.7851352
450.1858225	915.5526914
450.3580606	909.5367435
450.5303004	976.0723178
450.7025417	924.7979693
450.8747846	975.5202632
451.0470291	1011.141974
451.2192752	1016.478492
451.3915229	1090.888704
451.5637722	1076.466334
451.736023	1023.103299
451.9082754	1079.239626
452.0805294	1091.226597
452.252785	1096.78489
452.4250421	1135.527892
452.5973009	1165.8329
452.7695612	1198.035701
452.9418231	1132.200529
453.1140866	1183.21054
453.2863517	1182.834602
453.4586183	1189.65734
453.6308866	1220.4795
453.8031564	1228.990583
453.9754278	1220.345646
454.1477008	1207.687158
454.3199753	1239.812323
454.4922515	1239.491448
454.6645292	1184.437328
454.8368085	1248.028085
455.0090894	1271.005048
455.1813719	1279.276724
455.353656	1191.706258
455.5259416	1262.08464
455.6982288	1254.944579
455.8705176	1296.837736
456.042808	1246.675065
456.2151	1299.700316
456.3873936	1283.172373
456.5596887	1241.922019
456.7319854	1224.998612
456.9042837	1282.949262
457.0765836	1275.093898
457.2488851	1206.20002
457.4211881	1206.211583
457.5934928	1204.71263
457.765799	1175.81452
457.9381068	1196.377603
458.1104161	1198.841554
458.2827271	1158.384905
458.4550396	1133.841436
458.6273538	1190.925085
458.7996695	1129.521678
458.9719868	1092.650606
459.1443056	1107.061272
459.3166261	1109.442651
459.4889481	1083.588203
459.6612718	1082.32723
459.833597	1121.780513
460.0059237	1076.870024
460.1782521	1044.939196
460.3505821	995.2991386
460.5229136	1031.326351
460.6952467	1008.863019
460.8675814	1031.634344
461.0399177	1024.820057
461.2122555	997.4368455
461.384595	956.4898233
461.556936	974.4033679
461.7292786	1002.32659
461.9016228	918.4179138
462.0739686	958.0715856
462.2463159	909.2337483
462.4186649	913.1938682
462.5910154	893.3896087
462.7633675	872.1737492
462.9357212	908.3961423
463.1080764	862.7107129
463.2804333	853.8912379
463.4527917	870.2478219
463.6251517	851.3555773
463.7975133	808.0168785
463.9698765	827.2900194
464.1422413	817.4136155
464.3146076	798.9277325
464.4869755	809.4327995
464.659345	799.6394901
464.8317161	809.0328004
465.0040888	794.0461213
465.176463	819.4419786
465.3488389	780.3400509
465.5212163	790.429554
465.6935953	753.4584483
465.8659759	756.2024284
466.038358	787.4885817
466.2107418	728.2901561
466.3831271	739.0846345
466.555514	714.5281303
466.7279025	780.6482962
466.9002926	730.1339666
467.0726843	739.4302783
467.2450775	703.5922962
467.4174723	746.2851081
467.5898687	734.5407086
467.7622667	714.3541483
467.9346663	739.2718201
468.1070675	711.1646163
468.2794702	721.329987
468.4518745	707.9420708
468.6242804	736.9258769
468.7966879	701.1485002
468.969097	721.3991689
469.1415076	688.96964
469.3139198	714.542109
469.4863336	689.290078
469.658749	729.8849939
469.831166	722.2731172
470.0035846	707.2440777
470.1760047	659.6111022
470.3484264	712.6750393
470.5208497	697.707849
470.6932746	684.4872326
470.8657011	654.2926417
471.0381292	704.8035046
471.2105588	666.2478338
471.38299	673.8589992
471.5554228	681.346303
471.7278572	643.6243585
471.9002932	665.6560027
472.0727307	663.5931505
472.2451698	681.2919201
472.4176106	638.1030267
472.5900528	612.4537294
472.7624967	652.9028618
472.9349422	636.3835717
473.1073892	658.7372041
473.2798378	614.8755832
473.4522881	630.4141139
473.6247398	608.0592786
473.7971932	606.1833936
473.9696482	589.358647
474.1421047	574.1324413
474.3145628	573.8190927
474.4870225	561.9150043
474.6594838	594.9655951
474.8319467	579.3717485
475.0044111	556.68581
475.1768771	569.640389
475.3493448	587.5944398
475.5218139	586.5626404
475.6942847	574.5227488
475.8667571	543.7604551
476.039231	561.611841
476.2117065	559.227471
476.3841836	529.3120309
476.5566623	545.6793538
476.7291426	563.6196651
476.9016245	520.3495755
477.0741079	523.9227127
477.2465929	528.2558156
477.4190795	522.2771655
477.5915677	524.9799683
477.7640575	471.1569125
477.9365488	499.4305475
478.1090417	486.1956806
478.2815362	505.786322
478.4540323	475.5725948
478.62653	491.5774332
478.7990293	470.0514942
478.9715301	493.3090039
479.1440325	452.7821541
479.3165365	476.2909689
479.4890421	484.9219338
479.6615493	470.1538453
479.834058	478.8466766
480.0065684	480.1633971
480.1790803	461.0189245
480.3515938	475.8536694
480.5241089	448.7642807
480.6966255	499.6604985
480.8691438	477.2241752
481.0416636	439.9981389
481.214185	464.5564581
481.386708	463.0880496
481.5592326	436.9230348
481.7317588	469.3776694
481.9042865	444.2153887
482.0768158	436.5888138
482.2493467	415.8337601
482.4218792	464.0029132
482.5944133	457.1113723
482.7669489	445.0523508
482.9394862	445.9139124
483.112025	457.2097104
483.2845654	408.6122858
483.4571074	431.5083768
483.6296509	455.0071005
483.8021961	456.7955081
483.9747428	432.0909202
484.1472911	429.292498
484.319841	427.9932656
484.4923925	448.8153016
484.6649455	441.7906056
484.8375002	447.0704908
485.0100564	455.7626792
485.1826142	444.1853362
485.3551736	426.8237765
485.5277346	435.5701712
485.7002971	432.6144078
485.8728612	456.0383829
486.045427	448.0530387
486.2179943	445.7546233
486.3905631	446.4715141
486.5631336	438.5324863
486.7357057	426.2596177
486.9082793	454.5898134
487.0808545	444.1294549
487.2534313	483.9522137
487.4260097	444.8331108
487.5985896	441.0897485
487.7711712	466.3036918
487.9437543	436.2494687
488.116339	458.8014325
488.2889253	453.4067956
488.4615131	435.0536564
488.6341026	429.820073
488.8066936	460.1536641
488.9792862	450.8484412
489.1518804	437.0503587
489.3244762	425.9587766
489.4970736	456.4576487
489.6696725	428.8892844
489.8422731	446.5451381
490.0148752	451.5683935
490.1874789	468.3892756
490.3600841	457.8045372
490.532691	451.4726321
490.7052994	466.0135638
490.8779094	460.1489404
491.050521	460.2405276
491.2231342	437.0551874
491.395749	448.4739745
491.5683654	430.5885109
491.7409833	464.6812023
491.9136028	437.5937336
492.0862239	459.3994138
492.2588466	455.558956
492.4314708	431.5641214
492.6040967	476.7773914
492.7767241	457.8396607
492.9493531	452.2107732
493.1219837	468.2014331
493.2946159	450.0149789
493.4672496	452.4280587
493.639885	447.8086245
493.8125219	470.1099004
493.9851604	458.5425481
494.1578005	447.6679375
494.3304422	473.1288183
494.5030854	436.6665783
494.6757302	450.6906869
494.8483767	437.8792019
495.0210247	442.6519917
495.1936742	431.4885937
495.3663254	456.7159526
495.5389781	442.5002206
495.7116325	469.3859466
495.8842884	481.0451934
496.0569459	437.8935392
496.229605	438.2227811
496.4022656	439.2686925
496.5749278	457.542993
496.7475917	448.8154567
496.9202571	457.4274704
497.0929241	453.5331715
497.2655926	448.8514771
497.4382628	459.8950768
497.6109345	448.5808174
497.7836078	458.1984019
497.9562827	459.7255376
498.1289592	466.9321205
498.3016373	464.0596264
498.4743169	454.6277245
498.6469981	452.2260368
498.8196809	449.0218931
498.9923653	496.7109403
499.1650513	447.7430057
499.3377389	468.9259826
499.510428	469.7698355
499.6831187	457.998861
499.855811	437.6861299
500.0285049	465.0216002
500.2012004	455.7398467
500.3738974	453.6432195
500.5465961	456.87072
500.7192963	451.0100585
500.8919981	478.4184112
501.0647014	456.5765369
501.2374064	446.9131829
501.410113	467.1098189
501.5828211	489.3144968
501.7555308	450.9573644
501.9282421	466.6579243
502.100955	482.9335926
502.2736694	478.3106662
502.4463854	485.038902
502.6191031	465.4616239
502.7918223	475.4793938
502.9645431	474.8903147
503.1372654	471.6694207
503.3099894	473.4830938
503.4827149	477.7145406
503.655442	456.7117678
503.8281707	465.3796679
504.000901	477.9261981
504.1736329	487.399638
504.3463663	465.9703712
504.5191013	485.7229011
504.6918379	490.1634238
504.8645761	477.4685066
505.0373159	452.3686202
505.2100572	468.0838684
505.3828002	477.425723
505.5555447	489.4152689
505.7282908	476.4009725
505.9010385	456.2239167
506.0737878	485.4330725
506.2465386	459.4994568
506.419291	478.6641543
506.5920451	451.977255
506.7648006	479.5677791
506.9375578	467.0667918
507.1103166	490.8698706
507.2830769	474.7313392
507.4558389	489.4705287
507.6286024	455.8853525
507.8013675	473.6682835
507.9741341	462.8719363
508.1469024	477.0095002
508.3196722	482.2915913
508.4924436	478.7829247
508.6652166	493.8374638
508.8379912	463.3888027
509.0107674	473.7249984
509.1835451	468.1121766
509.3563245	483.4745981
509.5291054	469.4408656
509.7018879	486.3917716
509.874672	466.9951321
510.0474576	458.4338525
510.2202449	483.7068634
510.3930337	486.6596451
510.5658241	476.05734
510.7386161	496.9093029
510.9114097	462.3617288
511.0842048	484.1153569
511.2570015	479.8064526
511.4297999	498.9014895
511.6025998	461.6289802
511.7754013	480.9626192
511.9482043	482.9247236
512.121009	465.8736797
512.2938152	471.9751007
512.466623	465.7649619
512.6394324	454.6227392
512.8122434	474.5833949
512.9850559	460.1766782
513.1578701	472.8737671
513.3306858	470.068501
513.5035031	477.6372475
513.676322	457.5338145
513.8491425	489.2595823
514.0219645	489.3792392
514.1947882	459.0857529
514.3676134	491.0677819
514.5404402	469.0398159
514.7132686	482.3307855
514.8860985	471.6090793
515.0589301	463.8819693
515.2317632	463.8074547
515.4045979	489.766405
515.5774342	454.2296899
515.7502721	470.8880889
515.9231116	477.3569304
516.0959526	486.1768871
516.2687952	459.1913795
516.4416394	453.4541711
516.6144852	479.2675876
516.7873326	474.870629
516.9601816	485.7027514
517.1330321	476.8273992
517.3058842	472.9045964
517.4787379	458.9402955
517.6515932	459.5894013
517.8244501	457.2342347
517.9973085	461.4206827
518.1701685	455.7644953
518.3430302	461.4691083
518.5158933	478.2679584
518.6887581	482.6111786
518.8616245	454.586524
519.0344924	485.4260146
519.2073619	446.1051258
519.3802331	465.2486822
519.5531057	446.0151432
519.72598	491.5183814
519.8988559	458.2338262
520.0717333	467.3778105
520.2446123	463.782761
520.4174929	461.9365005
520.5903751	461.197016
520.7632589	477.0961661
520.9361442	463.8778959
521.1090311	475.8968532
521.2819197	465.5703449
521.4548098	456.8985158
521.6277014	453.9697799
521.8005947	461.3449438
521.9734895	465.9056517
522.146386	463.3505329
522.319284	469.8543996
522.4921836	462.0611414
522.6650847	455.660717
522.8379875	468.2572193
523.0108918	465.1728006
523.1837977	463.9083798
523.3567052	461.3694492
523.5296143	454.3453905
523.702525	456.7122638
523.8754372	456.1364018
524.0483511	456.7466441
524.2212665	475.3282964
524.3941835	461.0535907
524.567102	451.2246395
524.7400222	463.4169378
524.9129439	470.6852406
525.0858673	472.3805328
525.2587922	448.5958036
525.4317187	458.8879803
525.6046467	481.8689888
525.7775764	456.5677116
525.9505076	439.3114199
526.1234404	443.8601952
526.2963748	435.4869398
526.4693108	442.8244369
526.6422484	466.3723389
526.8151875	454.8540276
526.9881283	471.2844397
527.1610706	441.6961949
527.3340145	455.8313365
527.5069599	452.6883966
527.679907	452.4900478
527.8528556	467.4518808
528.0258059	454.339167
528.1987577	438.3410062
528.371711	457.8160697
528.544666	439.0601573
528.7176226	462.3128454
528.8905807	451.4325914
529.0635404	455.6727038
529.2365017	461.62332
529.4094646	460.213503
529.5824291	445.627013
529.7553951	440.9158916
529.9283627	475.3635631
530.101332	452.1485906
530.2743027	459.8275423
530.4472751	463.7104075
530.6202491	456.0169094
530.7932246	445.301693
530.9662017	443.8384332
531.1391805	450.5010186
531.3121607	464.1224354
531.4851426	450.8326567
531.6581261	439.576826
531.8311111	445.8606932
532.0040977	462.085177
532.1770859	450.2671597
532.3500757	443.3666697
532.5230671	474.783506
532.69606	457.762342
532.8690545	448.4569726
533.0420506	458.0733725
533.2150483	475.686127
533.3880476	461.5506958
533.5610485	447.8081618
533.7340509	470.7996403
533.9070549	442.7304721
534.0800605	469.5299731
534.2530677	447.9343437
534.4260765	458.3481259
534.5990868	466.2801676
534.7720988	448.7770692
534.9451123	442.0211772
535.1181274	459.132722
535.2911441	448.4801219
535.4641623	450.6862534
535.6371822	452.3438418
535.8102036	470.079079
535.9832266	467.5618132
536.1562512	454.0646358
536.3292774	459.9601583
536.5023052	467.5675362
536.6753345	467.7058456
536.8483654	472.8209365
537.0213979	448.1647362
537.194432	460.1341591
537.3674677	465.271821
537.5405049	459.8107986
537.7135438	450.6550816
537.8865842	454.083027
538.0596262	461.3825429
538.2326698	456.607623
538.4057149	460.0231345
538.5787617	454.0289524
538.75181	463.110276
538.9248599	450.2944404
539.0979114	469.6255287
539.2709645	455.8178384
539.4440191	460.7422585
539.6170754	450.2271472
539.7901332	466.8693919
539.9631926	448.2357862
540.1362536	458.923193
540.3093161	458.6879139
540.4823803	448.4627804
540.655446	452.4083865
540.8285133	435.5135019
541.0015822	466.9958803
541.1746527	450.4889739
541.3477248	451.8607728
541.5207984	452.9505553
541.6938737	452.9920091
541.8669505	454.3704982
542.0400289	451.620988
542.2131088	462.0169874
542.3861904	463.8725676
542.5592735	468.8632203
542.7323583	447.8903081
542.9054446	463.19122
543.0785324	461.3781136
543.2516219	453.3133369
543.424713	443.8011387
543.5978056	462.0722355
543.7708998	460.4489949
543.9439956	434.7001258
544.117093	457.7979477
544.290192	466.0244148
544.4632925	458.0126262
544.6363946	455.9557529
544.8094983	447.0028857
544.9826036	460.3379007
545.1557105	457.3741763
545.328819	458.8879225
545.501929	466.2869464
545.6750406	455.216076
545.8481538	462.6622296
546.0212686	449.7668686
546.194385	448.9791664
546.3675029	453.2137916
546.5406225	469.041194
546.7137436	454.1448332
546.8868663	446.0966206
547.0599906	454.800533
547.2331164	457.9276331
547.4062439	449.6713387
547.5793729	442.3471844
547.7525035	457.7326558
547.9256357	463.0529647
548.0987695	449.1896688
548.2719048	456.681568
548.4450418	464.2663824
548.6181803	458.211446
548.7913204	432.6914095
548.9644621	455.8573365
549.1376053	459.239595
549.3107502	452.2638865
549.4838966	455.4463774
549.6570446	458.6802344
549.8301942	459.7098936
550.0033454	433.7997388
550.1764982	441.7053502
550.3496525	444.3476019
550.5228084	451.3098688
550.6959659	461.8971879
550.869125	450.698068
551.0422857	454.3522031
551.215448	453.0013811
551.3886118	444.174319
551.5617772	465.6196764
551.7349442	446.0214352
551.9081128	460.4879685
552.081283	453.8535751
552.2544547	448.3775096
552.4276281	438.733839
552.600803	447.6529783
552.7739795	448.9315843
552.9471576	449.408545
553.1203372	430.9994883
553.2935185	438.6277555
553.4667013	442.00714
553.6398857	445.0086713
553.8130717	449.1146126
553.9862593	470.5832452
554.1594484	450.7743802
554.3326392	445.6319188
554.5058315	450.4778605
554.6790254	442.3137077
554.8522209	442.9028093
555.0254179	439.0501551
555.1986166	422.9839409
555.3718168	437.6220142
555.5450186	438.4783891
555.718222	446.9289198
555.891427	443.9835038
556.0646336	451.9609257
556.2378417	436.0151462
556.4110514	440.7642585
556.5842627	432.9125311
556.7574756	439.6560252
556.9306901	439.8175713
557.1039062	456.9072724
557.2771238	441.8852039
557.450343	442.3789512
557.6235638	445.197886
557.7967862	449.6699858
557.9700102	432.7293144
558.1432357	449.540421
558.3164628	444.6932325
558.4896916	433.3948576
558.6629219	455.5153043
558.8361537	434.2275653
559.0093872	435.245502
559.1826222	421.8799311
559.3558589	448.278202
559.5290971	437.7772227
559.7023369	461.9269383
559.8755782	453.3617335
560.0488212	448.5213864
560.2220657	429.5465604
560.3953118	443.1000213
560.5685595	444.6733875
560.7418088	439.2580949
560.9150597	431.1418514
561.0883121	434.8250728
561.2615662	448.6940027
561.4348218	439.9024822
561.608079	449.0070079
561.7813378	443.1653339
561.9545981	442.2922056
562.1278601	456.2923912
562.3011236	444.6564754
562.4743887	439.9649789
562.6476554	430.4422243
562.8209237	441.4001773
562.9941935	418.3352398
563.167465	438.5851047
563.340738	443.0903546
563.5140126	444.1506387
563.6872888	440.4291242
563.8605665	434.1679684
564.0338459	438.7718113
564.2071268	435.8424565
564.3804093	440.6985083
564.5536934	444.2612375
564.7269791	433.311625
564.9002664	431.8792811
565.0735552	436.8893574
565.2468456	438.0138095
565.4201376	434.673273
565.5934312	448.0300853
565.7667264	431.4440374
565.9400231	430.3393298
566.1133215	447.7951751
566.2866214	434.3336704
566.4599229	437.4806334
566.633226	421.9354672
566.8065306	427.2068309
566.9798369	433.3686061
567.1531447	435.4963936
567.3264541	414.0598037
567.4997651	424.3397677
567.6730777	412.4594849
567.8463919	427.9248459
568.0197076	421.6346065
568.1930249	431.8498251
568.3663438	423.4351619
568.5396643	434.9244965
568.7129864	430.0555665
568.8863101	434.3911974
569.0596353	416.5433227
569.2329621	424.3108057
569.4062905	433.5820698
569.5796205	425.8040967
569.7529521	425.0283429
569.9262852	422.0034172
570.0996199	449.8165388
570.2729563	429.0164392
570.4462941	424.6343155
570.6196336	427.4760459
570.7929747	431.4743224
570.9663173	431.6085489
571.1396616	428.3929407
571.3130074	431.3661634
571.4863547	436.1888642
571.6597037	421.6915372
571.8330543	415.1096767
572.0064064	430.2118493
572.1797601	423.085347
572.3531154	427.8591916
572.5264723	422.0733671
572.6998308	427.1544601
572.8731908	432.7007277
573.0465525	431.0904843
573.2199157	440.5624544
573.3932805	425.9653433
573.5666468	414.7010467
573.7400148	422.8949252
573.9133843	427.5415351
574.0867555	436.2772914
574.2601282	414.4119623
574.4335025	426.7642488
574.6068783	428.1726339
574.7802558	423.5802183
574.9536348	426.9684484
575.1270154	421.8481024
575.3003976	420.4256029
575.4737814	431.0682537
575.6471668	416.194128
575.8205537	423.9618738
575.9939423	423.0518804
576.1673324	433.9943663
576.3407241	411.120441
576.5141173	433.7811222
576.6875122	421.7928305
576.8609086	426.557238
577.0343067	432.2243917
577.2077063	417.7910764
577.3811075	412.172857
577.5545102	439.3028171
577.7279146	415.678145
577.9013205	419.4480615
578.074728	418.0292409
578.2481371	429.5081454
578.4215478	429.351515
578.5949601	422.4480189
578.7683739	414.3801083
578.9417894	426.3362971
579.1152064	427.1404159
579.288625	414.6414135
579.4620451	424.5678514
579.6354669	418.959164
579.8088902	417.3701511
579.9823152	424.7746066
580.1557417	414.8617298
580.3291698	439.9109064
580.5025994	425.9161022
580.6760307	428.2117989
580.8494635	426.9469982
581.0228979	428.6454009
581.1963339	418.1574167
581.3697715	434.5843039
581.5432107	420.1640411
581.7166514	427.1319294
581.8900937	430.9822113
582.0635377	430.9683511
582.2369832	420.1646497
582.4104302	428.0290687
582.5838789	419.3527109
582.7573291	420.4364841
582.9307809	408.1008341
583.1042344	423.1450931
583.2776893	414.96666
583.4511459	430.4630767
583.6246041	422.138838
583.7980638	431.3053999
583.9715251	428.5513678
584.144988	421.324984
584.3184525	435.3044962
584.4919186	433.9267612
584.6653862	412.4764016
584.8388554	425.66858
585.0123262	413.6634252
585.1857986	424.8023958
585.3592726	432.1524113
585.5327482	434.0315173
585.7062253	426.4857786
585.879704	407.2632685
586.0531843	432.7461258
586.2266662	426.4642941
586.4001497	429.0896182
586.5736347	421.9234689
586.7471214	430.4369847
586.9206096	433.2064171
587.0940994	419.8799495
587.2675908	423.7360744
587.4410837	430.032702
587.6145783	447.2825249
587.7880744	421.4957849
587.9615721	415.6138453
588.1350714	422.4816443
588.3085723	417.364713
588.4820748	409.6917873
588.6555788	419.4375681
588.8290844	432.1332587
589.0025916	423.3497697
589.1761004	415.2407627
589.3496108	410.1249002
589.5231227	434.6597035
589.6966363	415.3906429
589.8701514	416.1631783
590.0436681	425.8191856
590.2171864	424.0406449
590.3907062	421.3930447
590.5642277	429.6091535
590.7377507	418.8468128
590.9112753	424.9122816
591.0848015	429.311496
591.2583293	412.3903825
591.4318586	422.3798809
591.6053896	425.6407154
591.7789221	426.2722231
591.9524562	411.1203524
592.1259919	409.3725669
592.2995291	417.2703249
592.473068	436.1425901
592.6466084	420.9728572
592.8201504	421.809026
592.993694	414.0367582
593.1672392	427.6245592
593.340786	402.5858659
593.5143343	418.2159911
593.6878843	424.5409928
593.8614358	416.4376738
594.0349889	407.3156356
594.2085435	425.8981924
594.3820998	417.4684249
594.5556576	423.1616456
594.7292171	411.6500284
594.9027781	420.4007056
595.0763406	426.6835261
595.2499048	419.7209002
595.4234706	406.1338882
595.5970379	407.6365333
595.7706068	407.2899574
595.9441773	411.4693883
596.1177494	411.835879
596.2913231	417.796533
596.4648983	417.600954
596.6384751	408.2336258
596.8120535	417.2139932
596.9856335	416.3795493
597.1592151	416.176421
597.3327983	422.1544767
597.506383	419.0326171
597.6799693	421.0185239
597.8535572	410.5703358
598.0271467	409.8517091
598.2007378	406.4513694
598.3743304	408.4779339
598.5479247	403.0716741
598.7215205	408.2106639
598.8951179	417.4687466
599.0687168	417.303755
599.2423174	424.4827398
599.4159196	404.6664671
599.5895233	410.3841621
599.7631286	417.40304
599.9367355	416.5172205
600.110344	416.126402
600.283954	414.676425
600.4575657	401.4331196
600.6311789	409.8615468
600.8047937	419.2136947
600.9784101	409.1638277
601.152028	419.9306049
601.3256476	408.6059307
601.4992687	409.3658057
601.6728914	389.9139557
601.8465157	409.7607378
602.0201416	404.5864462
602.1937691	411.6646129
602.3673981	410.8399313
602.5410287	421.9096929
602.7146609	410.3064832
602.8882947	408.5202626
603.0619301	409.1371206
603.2355671	394.5083337
603.4092056	407.5748389
603.5828457	407.0649726
603.7564874	410.4850674
603.9301307	398.1979618
604.1037756	405.8557917
604.277422	409.8389609
604.4510701	394.8122364
604.6247197	395.1747571
604.7983709	398.6100476
604.9720237	396.8638354
605.145678	402.0493527
605.319334	400.3554664
605.4929915	399.6265977
605.6666506	406.2706475
605.8403113	410.6816827
606.0139736	404.8339343
606.1876374	399.4911377
606.3613028	397.1508138
606.5349699	393.1229321
606.7086385	404.9959842
606.8823087	394.5287832
607.0559804	390.3665781
607.2296538	415.141104
607.4033287	389.9799874
607.5770052	396.8466349
607.7506833	401.6351408
607.924363	388.4602311
608.0980443	382.8357629
608.2717271	393.3042177
608.4454115	396.1841498
608.6190975	396.1694677
608.7927851	393.596069
608.9664743	385.8575497
609.1401651	395.7876295
609.3138574	400.3811173
609.4875513	386.4349054
609.6612468	389.1437659
609.8349439	387.0355319
610.0086426	384.968627
610.1823428	379.0117048
610.3560446	391.1297097
610.5297481	381.7131386
610.7034531	399.2782027
610.8771596	383.9515386
611.0508678	380.5527014
611.2245775	388.1032007
611.3982889	386.0231893
611.5720018	381.3558001
611.7457163	385.9456081
611.9194323	374.2859627
612.09315	379.2014347
612.2668692	370.9844657
612.44059	384.405824
612.6143124	382.4997724
612.7880364	381.6033973
612.961762	380.8842431
613.1354891	373.6591399
613.3092179	377.283349
613.4829482	381.4293587
613.6566801	387.4922855
613.8304136	375.4595087
614.0041486	375.5408955
614.1778853	382.9355322
614.3516235	382.0861455
614.5253633	376.835559
614.6991047	379.302388
614.8728477	373.5278077
615.0465922	377.6745675
615.2203383	381.5655626
615.3940861	380.7590815
615.5678354	360.9736329
615.7415863	374.4977106
615.9153387	364.6499234
616.0890928	372.919349
616.2628484	381.2556392
616.4366056	376.3229952
616.6103644	357.5450231
616.7841248	367.4633604
616.9578867	359.2411782
617.1316503	360.7291149
617.3054154	361.3953641
617.4791821	364.7941076
617.6529504	369.2148171
617.8267203	371.8941413
618.0004917	359.0138516
618.1742648	367.1005596
618.3480394	365.3802743
618.5218156	363.3320422
618.6955934	346.7836118
618.8693727	376.5170544
619.0431537	343.575575
619.2169362	368.8019405
619.3907203	339.9316342
619.564506	349.2220232
619.7382933	352.9625328
619.9120822	360.4671879
620.0858726	339.7746916
620.2596646	354.7149093
620.4334582	366.9160878
620.6072534	356.4988552
620.7810502	355.6029754
620.9548486	343.4169497
621.1286485	345.9657209
621.30245	349.8890542
621.4762531	354.1001095
621.6500578	352.6296853
621.8238641	350.8717293
621.9976719	350.1691482
622.1714813	349.4969359
622.3452923	342.1683801
622.5191049	341.7303534
622.6929191	340.1434593
622.8667349	341.6376116
623.0405522	345.0702008
623.2143711	348.1647442
623.3881917	339.8482367
623.5620137	333.2558586
623.7358374	347.8787213
623.9096627	329.962699
624.0834895	329.6101625
624.2573179	335.8112362
624.4311479	330.9673872
624.6049795	332.5468111
624.7788127	333.8683693
624.9526474	345.4817837
625.1264837	343.7290215
625.3003217	331.7864204
625.4741612	328.3034361
625.6480022	336.1128569
625.8218449	334.9842596
625.9956891	332.6876174
626.169535	329.2303989
626.3433824	334.1810535
626.5172313	331.2433022
626.6910819	337.0875436
626.8649341	321.9073252
627.0387878	330.9452821
627.2126431	321.9268493
627.3865	334.4220408
627.5603585	336.5246334
627.7342186	319.1588242
627.9080802	318.6292558
628.0819434	337.5104425
628.2558083	313.3634786
628.4296747	322.6978382
628.6035426	311.5934672
628.7774122	305.8377977
628.9512833	318.0973573
629.1251561	318.9877713
629.2990304	312.9051997
629.4729062	306.5318935
629.6467837	332.6683425
629.8206628	308.6460108
629.9945434	307.1705342
630.1684256	320.3295993
630.3423094	309.9971346
630.5161948	309.9925494
630.6900818	317.6794987
630.8639703	306.3097282
631.0378604	295.4600545
631.2117522	302.6094388
631.3856455	305.7853589
631.5595403	308.1960002
631.7334368	314.0022447
631.9073348	298.8383767
632.0812344	308.3052224
632.2551357	304.2293522
632.4290384	305.7884211
632.6029428	297.3894082
632.7768488	297.8329067
632.9507563	306.0979806
633.1246654	299.0443969
633.2985761	289.8555375
633.4724884	292.1375169
633.6464023	291.2493852
633.8203177	291.4291398
633.9942347	288.0277674
634.1681533	293.5306317
634.3420735	290.5307829
634.5159953	293.9697188
634.6899187	291.673703
634.8638436	288.9729045
635.0377701	279.4224557
635.2116982	277.2288705
635.3856279	285.7681903
635.5595592	282.4648437
635.7334921	282.5562896
635.9074265	275.7077806
636.0813625	272.782616
636.2553001	287.9943939
636.4292393	279.4315844
636.60318	287.4464084
636.7771224	282.0277768
636.9510663	287.3041865
637.1250118	275.5276038
637.2989589	287.5492473
637.4729076	271.7807782
637.6468579	277.497389
637.8208097	272.3832002
637.9947631	280.6189622
638.1687181	276.1374982
638.3426747	275.6328861
638.5166329	265.6363578
638.6905926	268.4945927
638.864554	262.1575406
639.0385169	266.1108476
639.2124814	255.5787608
639.3864475	267.2349523
639.5604151	260.4083317
639.7343844	264.5223282
639.9083552	262.2345438
640.0823276	256.4133014
640.2563016	262.315475
640.4302772	254.1729608
640.6042543	264.8193439
640.7782331	253.1924994
640.9522134	251.1136527
641.1261953	266.9242329
641.3001788	250.8821705
641.4741639	259.2204463
641.6481505	248.6365158
641.8221387	243.0103339
641.9961286	249.1558968
642.17012	249.5911351
642.3441129	258.4862209
642.5181075	246.8318324
642.6921037	252.6227824
642.8661014	255.2510858
643.0401007	242.8382902
643.2141016	237.3583153
643.3881041	240.4131303
643.5621081	228.0808321
643.7361138	235.8189415
643.910121	239.5452297
644.0841298	239.1708466
644.2581402	229.2146372
644.4321521	242.9290983
644.6061657	243.2388773
644.7801808	237.7891072
644.9541975	242.7325337
645.1282158	222.989658
645.3022357	232.4993725
645.4762572	238.15709
645.6502802	230.7783371
645.8243048	234.1361934
645.9983311	229.7465778
646.1723589	228.83471
646.3463882	243.8640129
646.5204192	235.1937766
646.6944517	226.1796021
646.8684858	227.8454961
647.0425215	214.8165293
647.2165588	219.7058692
647.3905977	217.5090777
647.5646382	211.4316701
647.7386802	224.437846
647.9127238	210.5131638
648.086769	221.3445769
648.2608158	215.5120061
648.4348641	221.9473551
648.6089141	213.3655913
648.7829656	206.7774843
648.9570187	204.5786951
649.1310734	209.9684121
649.3051297	209.4861995
649.4791875	209.8039119
649.653247	208.6089781
649.827308	201.8597655
650.0013706	212.9328336
650.1754348	203.8086353
650.3495006	216.2170042
650.5235679	206.0787291
650.6976368	195.4011189
650.8717074	202.648667
651.0457795	197.5077707
651.2198531	199.8011407
651.3939284	197.6110597
651.5680052	194.2054316
651.7420837	201.5089372
651.9161637	202.1351009
652.0902453	185.2884623
652.2643284	190.7628568
652.4384132	188.7838032
652.6124995	194.7926802
652.7865875	192.5572308
652.960677	193.4853418
653.134768	183.1260865
653.3088607	182.584334
653.482955	180.8211249
653.6570508	195.2457509
653.8311482	199.828473
654.0052472	175.1725097
654.1793478	183.2727374
654.35345	190.25963
654.5275537	182.8823927
654.701659	178.149757
654.8757659	188.9689269
655.0498744	174.3157673
655.2239845	190.0350274
655.3980962	181.7705446
655.5722094	173.4524683
655.7463242	181.7045892
655.9204406	172.553891
656.0945586	172.394826
656.2686782	181.5803489
656.4427993	182.4851978
656.616922	177.0770597
656.7910464	158.2701681
656.9651723	171.4286051
657.1392997	169.4427869
657.3134288	168.5965958
657.4875594	169.4982272
657.6616917	172.6327764
657.8358255	173.7527529
658.0099609	166.9905978
658.1840978	179.3135838
658.3582364	169.4528575
658.5323765	170.9922191
658.7065183	169.3947339
658.8806616	169.3734806
659.0548064	169.1852081
659.2289529	164.7837827
659.403101	154.9284434
659.5772506	167.0955299
659.7514018	162.8237266
659.9255546	162.9706502
660.099709	151.0992746
660.2738649	161.9344578
660.4480225	152.9080919
660.6221816	161.0134354
660.7963423	161.3338444
660.9705046	157.0155489
661.1446685	150.3793567
661.3188339	163.8145856
661.493001	149.8436036
661.6671696	152.8531158
661.8413398	148.0538448
662.0155116	152.0258908
662.1896849	154.4957073
662.3638599	166.1548751
662.5380364	145.7701686
662.7122145	157.6535107
662.8863942	143.9824562
663.0605755	160.0180269
663.2347584	149.4983841
663.4089428	146.9774906
663.5831288	142.5984888
663.7573165	155.8647934
663.9315056	147.1707437
664.1056964	157.5654536
664.2798888	145.9821456
664.4540827	147.3368725
664.6282782	145.377071
664.8024753	141.3991914
664.976674	147.6238685
665.1508743	137.7168141
665.3250761	136.7680235
665.4992796	145.8396342
665.6734846	134.656832
665.8476912	136.0567292
666.0218993	132.7447318
666.1961091	148.6385473
666.3703204	136.4417181
666.5445334	134.88341
666.7187479	128.3085663
666.892964	133.0485132
667.0671816	137.9667422
667.2414009	125.0434644
667.4156217	133.6604372
667.5898442	134.523359
667.7640682	129.622269
667.9382937	123.5878839
668.1125209	124.9511353
668.2867497	127.6676565
668.46098	128.9914038
668.6352119	135.4866884
668.8094454	127.159141
668.9836805	125.4252842
669.1579171	125.3269567
669.3321554	125.6116174
669.5063952	117.4436788
669.6806366	126.5765871
669.8548796	118.6081603
670.0291242	116.9323854
670.2033703	118.2961029
670.3776181	122.4005166
670.5518674	121.969891
670.7261183	117.1908746
670.9003708	121.4705421
671.0746248	119.1031626
671.2488805	119.9638104
671.4231377	123.0810867
671.5973965	108.6824886
671.7716569	120.4329956
671.9459189	114.6434174
672.1201824	116.9510637
672.2944476	118.9914611
672.4687143	117.737899
672.6429826	119.4543125
672.8172525	108.6643485
672.991524	117.6528508
673.165797	111.5893375
673.3400717	114.546359
673.5143479	121.280711
673.6886257	109.8787123
673.8629051	117.5412456
674.037186	103.8356164
674.2114686	99.9993668
674.3857527	103.3633153
674.5600384	108.6355471
674.7343257	110.6117565
674.9086146	112.0913261
675.0829051	105.4514961
675.2571971	111.9803787
675.4314907	104.9566575
675.6057859	109.0532393
675.7800827	104.4630019
675.9543811	105.7529789
676.128681	98.25814689
676.3029826	107.6624648
676.4772857	107.1930331
676.6515904	97.31712396
676.8258967	108.5275012
677.0002045	106.2960216
677.174514	90.39499192
677.348825	101.7053373
677.5231376	97.67550974
677.6974518	94.9948207
677.8717676	98.31655257
678.046085	102.2339631
678.2204039	96.49105505
678.3947244	94.39201064
678.5690465	98.64310721
678.7433702	102.165544
678.9176955	89.46861586
679.0920224	91.71710141
679.2663508	91.44371588
679.4406808	95.80965395
679.6150124	87.21076437
679.7893456	97.00007011
679.9636804	87.13189355
680.1380167	87.6943413
680.3123546	87.03423827
680.4866941	93.66185394
680.6610352	93.61849568
680.8353779	86.21634177
681.0097222	88.86590697
681.184068	85.95097522
681.3584154	74.22461109
681.5327644	90.280078
681.707115	83.80659375
681.8814672	86.03800188
682.055821	86.30817662
682.2301763	80.1612614
682.4045332	86.82856233
682.5788917	94.05076465
682.7532518	82.42361114
682.9276135	80.73646631
683.1019767	92.36566957
683.2763415	87.6579792
683.4507079	79.60920396
683.6250759	85.15164937
683.7994455	78.7940831
683.9738167	86.03380331
684.1481894	75.24401164
684.3225637	82.89664498
684.4969396	79.77148503
684.6713171	74.05629966
684.8456962	78.57207859
685.0200768	76.13267367
685.1944591	66.70321626
685.3688429	78.12512403
685.5432283	77.59494741
685.7176153	79.2096262
685.8920038	80.36364361
686.066394	79.47834837
686.2407857	75.86650127
686.415179	75.94728958
686.5895739	76.45314287
686.7639704	76.07505309
686.9383685	70.45510491
687.1127681	71.66977003
687.2871693	66.68769658
687.4615721	69.31166773
687.6359765	81.24890275
687.8103825	76.22401764
687.98479	72.20298642
688.1591992	75.92041531
688.3336099	67.53352848
688.5080222	75.04259173
688.6824361	70.04231154
688.8568515	73.74976426
689.0312686	74.12244956
689.2056872	71.84452354
689.3801074	72.71699806
689.5545292	60.99558485
689.7289526	60.14673654
689.9033775	59.86895099
690.0778041	64.97251987
690.2522322	68.3465573
690.4266619	65.34691571
690.6010932	80.54967224
690.7755261	64.25638525
690.9499605	67.21131061
691.1243965	61.9215479
691.2988342	75.50433596
691.4732734	59.66975943
691.6477141	59.2841425
691.8221565	66.41935505
691.9966005	65.76066532
692.171046	64.9488236
692.3454931	62.09442729
692.5199418	58.63815168
692.6943921	65.18625456
692.8688439	69.45557273
693.0432974	79.03785444
693.2177524	63.8905969
693.392209	66.88859529
693.5666672	66.95936008
693.7411269	59.01337804
693.9155883	63.81177183
694.0900512	68.51791363
694.2645157	75.49370601
694.4389818	78.82137858
694.6134495	76.53811434
694.7879188	81.84117687
694.9623896	74.29518196
695.1368621	72.00172679
695.3113361	61.16331058
695.4858117	66.09132546
695.6602888	56.82459532
695.8347676	64.10067819
696.0092479	42.41070594
696.1837299	60.58287601
696.3582134	52.50733442
696.5326984	61.19755906
696.7071851	51.90690011
696.8816734	66.38955355
697.0561632	53.01689081
697.2306546	67.52162726
697.4051476	66.42936664
697.5796422	55.69297009
697.7541384	56.75624575
697.9286361	58.3779457
698.1031354	51.75881573
698.2776363	62.2187474
698.4521388	53.64849942
698.6266429	54.56397054
698.8011486	51.87715211
698.9756558	55.41883444
699.1501646	59.89231922
699.324675	58.58009431
699.499187	57.72763381
699.6737006	54.30323176
699.8482157	43.10910151
700.0227325	50.38940095
700.1972508	52.33276128
700.3717707	45.48992672
700.5462922	43.09034172
700.7208152	48.91506799
700.8953399	55.75849076
701.0698661	52.29296072
701.2443939	42.63901294
701.4189233	51.33216776
701.5934543	62.77234052
701.7679868	48.28311759
701.942521	49.76835686
702.1170567	43.602525
702.291594	47.12035272
702.4661329	51.47047902
702.6406733	63.21687348
702.8152154	46.89150442
702.989759	51.764333
703.1643042	51.1372479
703.338851	43.94544124
703.5133994	45.30014187
703.6879494	43.77218462
703.8625009	46.63451803
704.037054	50.05438624
704.2116088	48.16200795
704.386165	38.59782374
704.5607229	45.12054399
704.7352824	48.28775372
704.9098434	51.83121504
705.084406	39.43507674
705.2589702	38.8240628
705.433536	47.41018453
705.6081034	38.80326096
705.7826723	38.25226471
705.9572429	39.02477336
706.131815	44.26318645
706.3063887	46.55897021
706.480964	48.26241409
706.6555408	36.93731443
706.8301193	36.82823539
707.0046993	41.15891435
707.1792809	52.93039288
707.3538641	62.53596871
707.5284489	47.83245425
707.7030352	55.7280001
707.8776232	41.49393792
708.0522127	52.37155877
708.2268038	49.33505446
708.4013965	36.21307816
708.5759907	43.71664695
708.7505866	45.16004557
708.925184	42.53034366
709.099783	51.33268387
709.2743836	48.6599277
709.4489858	46.81394419
709.6235896	41.45987398
709.7981949	39.43179512
709.9728018	36.03233938
710.1474104	44.51501586
710.3220204	33.0260893
710.4966321	44.73434106
710.6712454	39.3803104
710.8458602	39.81423707
711.0204766	42.13021707
711.1950946	48.4757385
711.3697142	42.48816924
711.5443354	41.5790386
711.7189581	39.39440731
711.8935825	45.44899438
712.0682084	29.88839488
712.2428359	34.88369208
712.417465	39.18578083
712.5920956	38.85762703
712.7667279	43.84940006
712.9413617	32.06597988
713.1159971	35.91121172
713.2906341	48.72043921
713.4652727	28.17119869
713.6399128	39.33701368
713.8145545	33.29857141
713.9891979	45.37096704
714.1638428	32.08779833
714.3384893	45.61454358
714.5131373	43.11735903
714.687787	38.8711512
714.8624382	41.0262729
715.037091	42.11442285
715.2117454	37.20522211
715.3864014	33.82628164
715.5610589	51.63948737
715.7357181	42.39286042
715.9103788	32.4847574
716.0850411	30.16400188
716.259705	40.18765307
716.4343705	40.3088607
716.6090375	44.61846258
716.7837062	44.57272046
716.9583764	37.41686626
717.1330482	48.52636874
717.3077216	32.96026164
717.4823966	36.10663971
717.6570731	36.94391863
717.8317512	38.62061326
718.0064309	26.08814576
718.1811122	33.98024156
718.3557951	30.17398095
718.5304796	38.7453157
718.7051656	29.5651713
718.8798532	29.83027754
719.0545425	29.424295
719.2292332	31.01005606
719.4039256	29.54262348
719.5786196	26.34780648
719.7533151	36.78421579
719.9280122	36.50648239
720.1027109	40.47979679
720.2774112	34.2072484
720.4521131	31.79549768
720.6268165	30.09813004
720.8015216	23.35167024
720.9762282	30.74769892
721.1509364	35.77922921
721.3256461	28.276623
721.5003575	25.67275492
721.6750704	41.68660829
721.849785	34.37756604
722.0245011	35.11782836
722.1992188	35.19603853
722.373938	26.11284389
722.5486589	30.7358083
722.7233813	35.21841735
722.8981053	31.1753087
723.0728309	24.3646855
723.2475581	27.48033158
723.4222869	29.90360462
723.5970172	31.41207157
723.7717492	18.75835496
723.9464827	23.43539663
724.1212178	28.40468658
724.2959545	16.00200759
724.4706927	29.87691606
724.6454326	25.95633218
724.820174	28.53286611
724.994917	26.43668209
725.1696616	25.39606428
725.3444078	19.90495877
725.5191555	30.3069996
725.6939048	27.67974963
725.8686558	27.97933574
726.0434083	28.3344191
726.2181623	28.52895449
726.392918	22.99891545
726.5676753	33.87380218
726.7424341	37.05574158
726.9171945	33.16888221
727.0919565	25.45051282
727.2667201	33.21268658
727.4414852	40.55126038
727.616252	23.23025043
727.7910203	28.97889991
727.9657902	43.54202125
728.1405617	38.01470131
728.3153348	24.73410694
728.4901094	30.52448372
728.6648857	33.54192065
728.8396635	32.5937573
729.0144429	30.33501362
729.1892239	32.2060093
729.3640064	26.35783403
729.5387906	36.21329688
729.7135763	26.79733529
729.8883636	16.4458787
730.0631525	34.26832107
730.237943	20.15231114
730.412735	16.76411107
730.5875287	14.11799066
730.7623239	32.65053905
730.9371207	30.70466168
731.1119191	38.23819516
731.2867191	30.6904804
731.4615206	21.24640178
731.6363238	20.95472312
731.8111285	20.8471111
731.9859348	25.05363481
732.1607427	31.41490735
732.3355521	26.30128448
732.5103632	34.58664406
732.6851758	35.00599953
732.85999	20.24377631
733.0348058	15.4352294
733.2096232	33.25134671
733.3844421	15.89585362
733.5592627	30.04048642
733.7340848	26.34615465
733.9089085	25.56927368
734.0837338	28.42071835
734.2585607	24.24045132
734.4333891	25.73484199
734.6082192	15.09585408
734.7830508	25.45897391
734.957884	45.39360231
735.1327188	24.31086816
735.3075551	20.40080415
735.4823931	21.03632433
735.6572326	30.2842083
735.8320737	17.29788769
736.0069164	33.97129834
736.1817607	28.01749227
736.3566065	25.90310833
736.531454	12.69662261
736.706303	32.52719478
736.8811536	15.78023394
737.0560058	22.67061494
737.2308596	25.20267508
737.4057149	21.83500565
737.5805718	22.11880526
737.7554304	19.86924652
737.9302905	24.7771289
738.1051521	31.90780505
738.2800154	31.37634018
738.4548803	25.84925614
738.6297467	20.13766283
738.8046147	11.66943067
738.9794843	23.39008084
739.1543555	36.74734939
739.3292282	31.74092154
739.5041026	24.32383541
739.6789785	22.59271092
739.853856	32.56137934
740.0287351	36.70690026
740.2036158	34.97180612
740.378498	19.23130624
740.5533818	22.36407663
740.7282673	16.45461275
740.9031543	19.15977166
741.0780428	14.90505406
741.252933	32.23047785
741.4278247	30.60181562
741.6027181	37.82564848
741.777613	31.96921575
741.9525095	8.611041822
742.1274076	27.44228774
742.3023072	18.58372118
742.4772084	28.04194386
742.6521113	27.90501526
742.8270157	20.1858335
743.0019217	14.90866991
743.1768292	26.17730225
743.3517384	26.59357289
743.5266491	14.01445821
743.7015614	36.29707667
743.8764753	16.04974124
744.0513908	20.49096401
744.2263079	16.43801846
744.4012265	28.53670826
744.5761468	16.50167679
744.7510686	31.68539202
744.925992	8.771293791
745.1009169	24.76671216
745.2758435	21.4539956
745.4507716	29.63765461
745.6257013	17.31141411
745.8006327	22.88106524
745.9755655	12.86378248
746.1505	18.2873826
746.3254361	22.88198337
746.5003737	12.63425977
746.6753129	25.19725172
746.8502537	21.25911557
747.0251961	31.28201937
747.2001401	11.51682735
747.3750856	25.65746185
747.5500327	29.83517133
747.7249814	30.37472994
747.8999317	22.75450651
748.0748836	27.61594099
748.2498371	18.07176939
748.4247921	26.77112222
748.5997487	23.7473853
748.7747069	26.37104062
748.9496667	37.82426325
749.1246281	35.83794564
749.299591	28.64691336
749.4745556	15.94213027
749.6495217	9.536561974
749.8244894	30.36809146
749.9994587	20.00981964
750.1744295	27.86302768
750.349402	21.68378893
750.524376	25.58153278
750.6993516	42.44439426
750.8743288	24.53168383
751.0493076	28.62571987
751.2242879	11.26748859
751.3992699	30.65331148
751.5742534	15.14699532
751.7492385	18.81950186
751.9242252	21.59073623
752.0992134	18.00217109
752.2742033	26.78400348
752.4491947	22.45376039
752.6241877	25.86315624
752.7991823	29.69581465
752.9741785	33.78057465
753.1491763	16.15271161
753.3241756	18.72609168
753.4991766	12.67179063
753.6741791	35.01000767
753.8491832	30.69823302
754.0241888	15.97981652
754.1991961	24.82478218
754.3742049	24.68953712
754.5492153	25.5981038
754.7242274	31.71576789
754.8992409	26.65036026
755.0742561	11.41316479
755.2492729	24.91582941
755.4242912	14.87024181
755.5993111	20.89435752
755.7743326	11.54780664
755.9493557	24.06944835
756.1243803	7.425337136
756.2994066	14.39584355
756.4744344	21.21163807
756.6494638	33.14550917
756.8244948	27.54179652
756.9995274	25.15620494
757.1745615	14.2804357
757.3495973	28.5750274
757.5246346	19.18415656
757.6996735	32.78717877
757.874714	16.33414749
758.0497561	24.4723967
758.2247997	27.14965721
758.3998449	18.46735104
758.5748918	22.05473918
758.7499402	20.05855288
758.9249901	21.91404584
759.1000417	25.81770081
759.2750948	6.106258029
759.4501496	26.2275753
759.6252059	26.54642633
759.8002638	11.69055476
759.9753232	14.96740152
760.1503843	41.20322304
760.3254469	22.73891143
760.5005112	3.598383091
760.675577	14.75986281
760.8506443	17.33765013
761.0257133	26.72091781
761.2007839	37.07296672
761.375856	27.63007775
761.5509297	18.57567775
761.726005	31.17609381
761.9010819	25.75038333
762.0761603	6.228033262
762.2512404	10.10502159
762.426322	16.73167307
762.6014052	26.45052094
762.77649	7.102050137
762.9515764	26.86832016
763.1266643	6.83842507
763.3017539	24.90256163
763.476845	26.88872787
763.6519377	17.46422819
763.827032	22.82820146
764.0021278	28.88246311
764.1772253	6.37279958
764.3523243	8.821566022
764.5274249	16.09295129
764.7025271	22.93880601
764.8776309	18.75260015
765.0527363	24.31444227
765.2278432	19.7304592
765.4029517	29.17453473
765.5780619	17.23552337
765.7531735	37.96527302
765.9282868	21.5175938
766.1034017	19.67127971
766.2785181	17.65896505
766.4536361	37.05465886
766.6287557	18.74432074
766.8038769	15.35876879
766.9789997	7.758715299
767.154124	24.00203296
767.32925	21.51885774
767.5043775	21.74942994
767.6795066	12.8922531
767.8546373	9.26801048
768.0297695	27.47776095
768.2049034	22.09235283
768.3800388	28.06662387
768.5551758	34.43899271
768.7303144	35.23175648
768.9054546	30.85904062
769.0805963	19.26839292
769.2557396	5.903528202
769.4308846	15.471462
769.6060311	24.46838355
769.7811791	4.391869832
769.9563288	15.81857177
770.1314801	17.62964637
770.3066329	28.66026189
770.4817873	14.72116461
770.6569433	14.43377318
770.8321009	12.03350076
771.00726	36.85958446
771.1824208	24.85646221
771.3575831	30.76828525
771.532747	24.00047175
771.7079125	20.00525547
771.8830796	16.04009892
772.0582482	12.40110882
772.2334185	19.40164612
772.4085903	22.95073263
772.5837637	1.969026533
772.7589387	30.7857576
772.9341152	31.89984205
773.1092934	28.22084516
773.2844731	23.87140321
773.4596544	16.19135925
773.6348373	28.91914784
773.8100218	31.49707203
773.9852079	23.64777845
774.1603955	26.27716883
774.3355847	19.3414122
774.5107755	37.88686929
774.6859679	25.26174168
774.8611619	32.94837221
775.0363575	17.74083266
775.2115546	8.25380373
775.3867533	18.26964483
775.5619536	17.30079259
775.7371555	25.61348978
775.912359	20.11414963
776.087564	15.69004447
776.2627706	21.53187332
776.4379789	23.38636619
776.6131886	22.81730805
776.7884	27.6290967
776.963613	21.10769281
777.1388275	20.25172496
777.3140436	10.8635997
777.4892614	23.13309289
777.6644806	20.02856917
777.8397015	37.27194936
778.014924	19.45097057
778.190148	24.85477548
778.3653736	34.77521163
778.5406008	14.06783822
778.7158296	21.37199107
778.89106	19.19951734
779.0662919	24.13034757
779.2415255	9.188025581
779.4167606	24.38444076
779.5919973	16.86116962
779.7672355	18.24329218
779.9424754	53.61275888
780.1177168	36.39428915
780.2929599	15.24897624
780.4682045	23.31268384
780.6434507	36.71792728
780.8186984	17.89095767
780.9939478	23.98946448
781.1691987	36.30426341
781.3444512	45.43200735
781.5197053	27.22717593
781.694961	21.85923147
781.8702183	28.26324671
782.0454771	12.42452813
782.2207376	26.7795371
782.3959996	21.68972751
782.5712632	49.76934534
782.7465283	31.55623897
782.9217951	21.18579829
783.0970634	31.42623681
783.2723334	26.24282726
783.4476049	37.72970839
783.622878	23.52137672
783.7981526	26.50712753
783.9734289	21.807979
784.1487067	20.62933741
784.3239861	21.83125296
784.4992671	39.01863159
784.6745497	30.52888551
784.8498339	32.97040734
785.0251196	26.19195864
785.200407	27.30990709
785.3756959	30.97432746
785.5509864	22.50604085
785.7262784	28.17061093
785.9015721	21.53298038
786.0768673	30.1086172
786.2521642	22.78779263
786.4274626	20.97565325
786.6027626	27.66148392
786.7780641	29.75115828
786.9533673	33.85116134
787.128672	39.84815892
787.3039783	29.02047667
787.4792862	42.74756696
787.6545957	18.57047287
787.8299068	23.25403812
788.0052194	21.78020208
788.1805337	20.9658888
788.3558495	23.46198996
788.5311669	24.45365728
788.7064858	48.22526044
788.8818064	11.35181653
789.0571285	25.06756121
789.2324523	16.8431527
789.4077776	27.39815453
789.5831045	16.51153645
789.7584329	1.814858867
789.933763	27.37519314
790.1090946	36.4031053
790.2844278	37.90769085
790.4597626	25.33754853
790.635099	31.56404082
790.810437	5.218556396
790.9857765	0
791.1611176	32.15139043
791.3364604	44.40283522
791.5118047	48.19010242
791.6871505	4.163647102
791.862498	27.23759987
792.037847	27.2119457
792.2131976	9.922561737
792.3885499	21.17859997
792.5639036	45.57886848
792.739259	41.18980233
792.914616	15.90977256
793.0899745	37.36945016
793.2653346	32.80371392
793.4406963	20.3356686
793.6160596	14.02807659
793.7914245	24.47728489
793.9667909	16.86458153
794.1421589	34.668394
794.3175285	31.61965481
794.4928997	45.70459595
794.6682725	28.64548315
794.8436469	33.75230177
795.0190228	44.64767142
795.1944003	20.83771348
795.3697794	14.0989929
795.5451601	27.20280416
795.7205424	27.03763906
795.8959262	26.68647923
796.0713117	30.33663791
796.2466987	45.67610644
796.4220873	25.40797946
796.5974775	32.73586405
796.7728692	25.09592119
796.9482626	30.28192084
797.1236575	13.92998407
797.299054	32.67261305
797.4744521	26.56046616
797.6498518	19.91106388
797.825253	47.89527476
798.0006559	29.29546633
798.1760603	34.93350809
798.3514663	32.73439438
798.5268739	36.98860553
798.7022831	29.63350669
798.8776938	37.79707919
799.0531062	28.12327565
799.2285201	41.74940215
799.4039356	37.79819633
799.5793526	39.92055136
799.7547713	31.27766788
799.9301916	14.88963778
800.1056134	34.71526839
800.2810368	17.69983863
800.4564618	49.3062008
800.6318884	17.91708263
800.8073165	23.80263066
800.9827463	63.67491369
801.1581776	26.54404048
801.3336105	56.77045388
801.509045	27.60327393
801.684481	25.8235032
801.8599187	43.59559078
802.0353579	29.80600786
802.2107987	46.30458497
802.3862411	36.66200729
802.5616851	22.00365125
802.7371307	32.76601694
802.9125778	42.85657508
803.0880266	34.70293526
803.2634769	55.47643749
803.4389288	26.73710587
803.6143822	36.62600095
803.7898373	30.50705769
803.9652939	27.12292785
804.1407521	11.34639966
804.3162119	27.92464924
804.4916733	6.818328991
804.6671363	39.13339392
804.8426009	82.68341639
805.018067	19.38359157
805.1935347	5.519656211
805.369004	30.26304083
805.5444749	0
805.7199473	29.92349634
805.8954214	37.00127468
806.070897	36.88210351
806.2463742	32.01420641
806.421853	44.16408076
806.5973334	23.61675771
806.7728153	35.628232
806.9482989	31.53495857
807.123784	52.89813081
807.2992707	51.41189029
807.474759	40.84896286
807.6502489	41.73565287
807.8257403	63.70750714
808.0012333	22.75858676
808.176728	79.83587759
808.3522242	43.57464853
808.5277219	28.29241227
808.7032213	50.8223491
808.8787222	43.43909638
809.0542248	31.71645667
809.2297289	36.60340512
809.4052346	39.21882174
809.5807418	36.60554689
809.7562507	16.216446
809.9317611	47.64026712
810.1072732	49.82214938
810.2827868	46.21983534
810.4583019	21.95200402
810.6338187	51.33917337
810.8093371	61.15694427
810.984857	32.33959164
811.1603785	44.72420822
811.3359016	41.93888368
811.5114263	38.84069071
811.6869525	4.558461402
811.8624804	35.95346196
812.0380098	35.32201444
812.2135408	22.33630616
812.3890734	30.35424479
812.5646076	43.55450614
812.7401433	28.28120184
812.9156807	35.83333455
813.0912196	23.32127293
813.2667601	37.02162909
813.4423022	48.14000221
813.6178459	47.17238877
813.7933911	33.38515823
813.9689379	39.50510638
814.1444864	38.23376158
814.3200364	34.76434246
814.4955879	35.73208972
814.6711411	0.335080332
814.8466958	14.92439072
815.0222522	21.61753893
815.1978101	23.33795502
815.3733696	48.534285
815.5489306	18.62142907
815.7244933	59.42753079
815.9000575	49.75334855
816.0756233	15.04101327
816.2511907	28.1203898
816.4267597	58.75634732
816.6023303	53.99213347
816.7779025	44.02986186
816.9534762	54.07916664
817.1290515	37.20929352
817.3046284	36.34419114
817.4802069	19.17092331
817.6557869	56.36684621
817.8313686	26.87710426
818.0069518	59.52950611
818.1825366	53.74584486
818.358123	51.48346715
818.533711	52.95596756
818.7093005	57.51809864
818.8848917	46.41030115
819.0604844	53.5313219
819.2360787	29.71627944
819.4116746	36.01857587
819.587272	29.51595482
819.7628711	61.31591768
819.9384717	35.21250293
820.1140739	46.01144666
820.2896777	47.38839458
820.4652831	44.7841896
820.6408901	43.41484416
820.8164986	30.62575752
820.9921087	5.997677307
821.1677204	58.83306579
821.3433337	46.38200549
821.5189486	59.48879936
821.6945651	44.39329312
821.8701831	44.96315145
822.0458027	33.13499795
822.2214239	47.96503607
822.3970467	37.73389206
822.5726711	59.29728283
822.748297	52.41695068
822.9239245	45.5096932
823.0995537	28.20444182
823.2751844	43.31485586
823.4508166	39.7121861
823.6264505	44.29265712
823.8020859	49.85839251
823.977723	50.13531568
824.1533616	30.49474625
824.3290018	30.21435797
824.5046435	48.93448445
824.6802869	54.37868924
824.8559318	65.71417826
825.0315783	62.60601066
825.2072264	70.19137005
825.3828761	105.240828
825.5585274	24.58324013
825.7341802	45.94511132
825.9098347	23.86881444
826.0854907	58.38907006
826.2611483	31.30643375
826.4368075	30.57900742
826.6124682	19.03224155
826.7881306	33.70392521
826.9637945	60.44088265
827.13946	44.58029404
827.3151271	44.04248637
827.4907958	62.19140848
827.666466	42.01007334
827.8421378	54.28191979
828.0178113	38.43508171
828.1934863	18.33842803
828.3691628	60.2607945
828.544841	41.74813692
828.7205208	48.6490557
828.8962021	48.96526406
829.071885	55.68501183
829.2475695	30.72853107
829.4232556	26.03946639
829.5989432	25.85833551
829.7746325	48.90970801
829.9503233	30.47036847
830.1260157	38.60385975
830.3017097	32.30998808
830.4774053	70.42126988
830.6531024	32.25150064
830.8288012	23.32956525
831.0045015	18.79868105
831.1802034	31.12968572
831.3559069	36.12268786
831.5316119	59.9083355
831.7073186	66.10609539
831.8830268	40.37719673
832.0587366	85.90495388
832.234448	2.208167693
832.410161	54.10160699
832.5858755	60.81392813
832.7615917	58.11966593
832.9373094	15.23605385
833.1130287	38.92563733
833.2887496	52.4193002
833.4644721	59.69693034
833.6401961	17.94215261
833.8159218	86.92107644
833.991649	33.76156311
834.1673778	84.11463892
834.3431082	84.27349862
834.5188401	68.0381594
834.6945737	80.53460215
834.8703088	82.08174082
835.0460455	66.60830749
835.2217838	84.06096701
835.3975237	66.83185026
835.5732652	0
835.7490082	24.03035265
835.9247528	67.81798638
836.100499	38.90323059
836.2762468	74.01987116
836.4519962	67.93808427
836.6277471	45.8895154
836.8034997	34.05078136
836.9792538	85.74225986
837.1550095	23.36531863
837.3307668	32.46968269
837.5065256	44.78532153
837.6822861	71.94348561
837.8580481	95.85078133
838.0338117	49.8026916
838.2095769	64.14815482
838.3853437	71.09308138
838.5611121	47.85072623
838.736882	68.01266623
838.9126535	50.06255485
839.0884266	53.5203598
839.2642013	85.72800414
839.4399776	26.01554403
839.6157554	78.18802883
839.7915349	37.33154047
839.9673159	64.19519602
840.1430985	65.74012057
840.3188827	60.64940149
840.4946684	83.77873026
840.6704558	47.46116839
840.8462447	77.85261434
841.0220352	64.00092103
841.1978273	70.13111409
841.373621	59.62497533
841.5494162	71.6468514
841.7252131	67.39663456
841.9010115	53.30852712
842.0768115	53.3553358
842.2526131	37.706634
842.4284163	92.64323415
842.604221	33.72042296
842.7800274	43.40049734
842.9558353	74.76603894
843.1316448	59.31670076
843.3074559	60.54555449
843.4832685	49.7068956
843.6590828	94.50709392
843.8348986	67.48472717
844.010716	59.16169764
844.186535	0
844.3623556	40.84239319
844.5381777	91.12099619
844.7140015	41.89265315
844.8898268	79.20364408
845.0656537	126.6193111
845.2414822	61.31335446
845.4173123	88.5218261
845.5931439	49.4758515
845.7689771	71.85049093
845.944812	72.91307998
846.1206484	67.71799057
846.2964863	104.6715756
846.4723259	100.6225992
846.6481671	47.44265476
846.8240098	91.37979892
846.9998541	107.5439842
847.1757	93.45611492
847.3515475	59.34912424
847.5273965	74.48407753
847.7032472	87.02672108
847.8790994	73.28477824
848.0549532	64.63783493
848.2308086	70.81751234
848.4066655	51.49012513
848.5825241	100.511895
848.7583842	93.77147566
848.9342459	33.82255093
849.1101092	88.77270501
849.2859741	74.90927593
849.4618406	98.58949134
849.6377086	80.45610898
849.8135783	63.66165889
849.9894495	61.56594298
850.1653223	82.9941873
850.3411966	95.21530358
850.5170726	80.04550973
850.6929501	97.91071194
850.8688293	78.61857624
851.04471	55.16636997
851.2205922	97.41959148
851.3964761	105.6734715
851.5723616	27.20711946
851.7482486	73.8732986
851.9241372	53.6625528
852.1000274	131.8786187
852.2759192	64.27363512
852.4518126	86.74265312
852.6277075	89.42357764
852.803604	57.49136194
852.9795021	70.35283521
853.1554018	71.12504234
853.3313031	102.7231433
853.507206	60.62283517
853.6831104	102.7490006
853.8590164	30.07677848
854.034924	49.53868589
854.2108332	72.36707247
854.386744	89.6266605
854.5626563	88.45565401
854.7385703	84.88505198
854.9144858	97.10587005
855.0904029	36.47482785
855.2663216	84.17730988
855.4422418	92.90934257
855.6181637	110.5654495
855.7940871	63.00465924
855.9700121	61.09510673
856.1459387	47.65578952
856.3218669	99.00622288
856.4977966	68.64703893
856.673728	52.93500075
856.8496609	107.0450865
857.0255954	52.43627553
857.2015315	28.72764322
857.3774691	85.99867779
857.5534084	108.094831
857.7293492	79.39304675
857.9052916	115.1266323
858.0812356	91.2732284
858.2571812	66.2913735
858.4331284	73.67498121
858.6090771	102.8294877
858.7850275	73.27508522
858.9609794	58.58056566
859.1369329	95.63034737
859.3128879	63.91836935
859.4888446	61.08362861
859.6648028	44.79623715
859.8407626	111.7050071
860.0167241	125.6228975
860.192687	114.3455512
860.3686516	97.68760055
860.5446178	86.3644913
860.7205855	132.1374843
860.8965548	140.0715227
861.0725257	67.40161906
861.2484982	40.66342957
861.4244722	69.12453439
861.6004479	65.73444625
861.7764251	54.94704726
861.9524039	69.53861388
862.1283843	98.29030638
862.3043663	89.71814849
862.4803498	23.98579572
862.656335	103.6358816
862.8323217	74.70947995
863.00831	110.0021781
863.1842999	76.99237595
863.3602914	132.9068908
863.5362844	103.6043343
863.712279	75.09928964
863.8882753	74.6466741
864.0642731	138.5982272
864.2402724	79.91071648
864.4162734	99.66021512
864.5922759	91.01772774
864.7682801	75.72464144
864.9442858	86.86579604
865.1202931	114.8474883
865.2963019	110.8835603
865.4723124	130.9128303
865.6483244	93.35473813
865.824338	78.41822813
866.0003533	100.4131834
866.17637	21.45491317
866.3523884	148.4991155
866.5284084	92.86592323
866.7044299	29.13348144
866.880453	95.07829348
867.0564777	112.5113912
867.232504	160.3908773
867.4085318	106.5453806
867.5845613	168.0999602
867.7605923	59.11753307
867.9366249	88.54179515
868.1126591	80.51414911
868.2886949	113.2020272
868.4647322	137.1545658
868.6407712	104.8745388
868.8168117	41.74164252
868.9928538	85.20579072
869.1688975	125.8190398
869.3449427	89.05713322
869.5209896	106.2293976
869.697038	102.045143
869.873088	128.4780094
870.0491396	118.4744926
870.2251928	62.6209282
870.4012476	96.19190461
870.5773039	138.5725851
870.7533618	105.8874672
870.9294214	83.3010501
871.1054824	122.3812514
871.2815451	87.12253701
871.4576094	84.00205779
871.6336752	77.51452458
871.8097426	101.1147019
871.9858116	132.857847
872.1618822	115.7571255
872.3379544	148.8760344
872.5140281	93.53252829
872.6901035	116.5243202
872.8661804	138.7239354
873.0422589	81.59158238
873.2183389	170.7248668
873.3944206	79.88996425
873.5705039	119.9681058
873.7465887	50.56443064
873.9226751	123.4069092
874.0987631	99.03104168
874.2748526	95.05151039
874.4509438	137.0438479
874.6270365	116.9783527
874.8031309	140.1462215
874.9792268	115.3340726
875.1553242	68.00706688
875.3314233	93.07525662
875.507524	103.8866746
875.6836262	108.1530081
875.85973	116.140372
876.0358354	138.6680439
876.2119424	141.479015
876.3880509	136.5907597
876.5641611	98.42543635
876.7402728	92.78840671
876.9163861	84.24597917
877.092501	161.2816684
877.2686175	151.8754005
877.4447355	112.3784184
877.6208552	132.0474366
877.7969764	86.69888761
877.9730992	92.76343367
878.1492236	123.9096732
878.3253495	81.80297447
878.5014771	160.0206221
878.6776062	132.8880232
878.8537369	136.3487253
879.0298692	105.1206793
879.2060031	139.9915218
879.3821386	137.8418084
879.5582756	143.6509633
879.7344142	154.358055
879.9105544	74.07752689
880.0866962	51.93487361
880.2628396	113.6059054
880.4389845	123.7923334
880.6151311	160.6406356
880.7912792	91.34988269
880.9674289	83.71743703
881.1435802	122.7871127
881.3197331	155.2627473
881.4958875	164.5778098
881.6720435	129.9465687
881.8482011	140.1518693
882.0243603	83.4203244
882.2005211	150.6362697
882.3766835	147.6317109
882.5528474	78.30748041
882.7290129	87.26540304
882.90518	168.9154734
883.0813487	194.8159729
883.257519	107.6853447
883.4336909	132.5291627
883.6098643	141.2582064
883.7860393	138.237102
883.9622159	166.3287323
884.1383941	189.2793971
884.3145739	151.7947846
884.4907552	69.45321301
884.6669381	175.7969151
884.8431227	149.7790476
885.0193087	191.0307221
885.1954964	164.6991149
885.3716857	65.45074036
885.5478765	206.3571205
885.724069	138.4625396
885.900263	212.8159638
886.0764585	133.866794
886.2526557	142.9578635
886.4288545	121.6812051
886.6050548	152.2297967
886.7812567	90.64516441
886.9574602	180.6825436
887.1336653	96.68009547
887.309872	143.8340869
887.4860802	174.719228
887.66229	181.8402218
887.8385015	116.1803179
888.0147145	179.7515837
888.190929	149.6484284
888.3671452	127.7785042
888.5433629	49.58061657
888.7195823	96.3273894
888.8958032	124.8618045
889.0720256	142.7008291
889.2482497	129.2182427
889.4244754	140.7992689
889.6007026	84.32367483
889.7769314	121.9450622
889.9531618	173.1852666
890.1293938	89.13852052
890.3056274	163.9078422
890.4818625	118.2227942
890.6580992	184.0154225
890.8343376	96.28200841
891.0105775	190.6841615
891.1868189	59.61262215
891.363062	72.70181821
891.5393066	79.40162635
891.7155529	266.1776358
891.8918007	121.4711582
892.06805	114.5018732
892.244301	239.8085143
892.4205536	173.9883533
892.5968077	152.4602805
892.7730634	121.7789486
892.9493207	126.6135713
893.1255796	194.9651171
893.3018401	158.4868514
893.4781021	148.2873959
893.6543657	186.4470575
893.830631	210.7969484
894.0068977	106.8069561
894.1831661	156.7939194
894.3594361	44.24176017
894.5357076	69.61742992
894.7119807	210.5029894
894.8882555	117.1570999
895.0645317	71.85427905
895.2408096	104.6681064
895.4170891	214.2353257
895.5933701	180.9417232
895.7696527	249.5223442
895.9459369	167.0634289
896.1222227	220.9638157
896.2985101	136.5248845
896.474799	183.6830547
896.6510895	203.2029632
896.8273816	109.2125934
897.0036753	179.9449447
897.1799706	203.5536865
897.3562675	145.2717278
897.5325659	162.1112387
897.7088659	151.1610857
897.8851675	184.3829432
898.0614707	158.1019773
898.2377755	183.424743
898.4140818	147.2572463
898.5903898	223.4474768
898.7666993	139.9653111
898.9430104	140.8622603
899.1193231	178.8034143
899.2956373	220.8821801
899.4719532	122.4682664
899.6482706	164.8890316
899.8245896	212.0583224
