360.1506696	0.790987729
360.3220786	0
360.4934893	0
360.6649015	5.883226325
360.8363152	0
361.0077306	25.58919954
361.1791475	6.941746175
361.3505661	0
361.5219862	40.3084396
361.6934079	18.00406045
361.8648311	5.368302236
362.036256	12.72706206
362.2076824	23.09198875
362.3791104	35.20209106
362.55054	0
362.7219712	0
362.893404	10.81397917
363.0648383	44.05209934
363.2362743	0
363.4077118	48.24360599
363.5791509	18.71496785
363.7505915	49.66923511
363.9220338	87.14641668
364.0934776	0
364.2649231	32.50963983
364.4363701	7.072414814
364.6078187	3.454787039
364.7792688	81.7795632
364.9507206	50.07260101
365.1221739	78.67942443
365.2936288	20.12428952
365.4650853	32.21411073
365.6365434	0
365.8080031	61.77927963
365.9794643	30.76003805
366.1509272	16.41590806
366.3223916	9.168703638
366.4938576	0
366.6653252	34.44026217
366.8367943	74.9339579
367.0082651	0
367.1797374	32.57388873
367.3512113	0
367.5226868	31.89617713
367.6941638	0
367.8656425	70.29001271
368.0371227	27.21639942
368.2086046	18.52901873
368.380088	0
368.5515729	0
368.7230595	14.74772645
368.8945477	70.03774085
369.0660374	76.33762142
369.2375287	0
369.4090216	81.78089318
369.5805161	0
369.7520121	40.55252519
369.9235098	83.4790776
370.095009	54.82944562
370.2665098	95.87111713
370.4380122	64.76350862
370.6095162	9.235456795
370.7810217	0
370.9525288	8.347050259
371.1240376	50.15938472
371.2955479	21.72121606
371.4670597	0
371.6385732	2.357845081
371.8100883	0
371.9816049	26.20215726
372.1531231	0
372.3246429	14.19335052
372.4961643	0
372.6676872	4.558454619
372.8392118	6.530882155
373.0107379	69.07471741
373.1822656	0
373.3537949	50.1225021
373.5253257	0
373.6968582	40.04222966
373.8683922	23.16341954
374.0399279	0
374.2114651	48.34560926
374.3830038	0
374.5545442	0
374.7260861	71.14577845
374.8976297	2.871544856
375.0691748	60.39718994
375.2407215	0
375.4122698	19.11207282
375.5838196	0
375.7553711	55.49813821
375.9269241	3.894168479
376.0984787	8.071196059
376.2700349	16.53556013
376.4415926	0.655313715
376.613152	0
376.7847129	10.48158827
376.9562754	12.97454088
377.1278395	32.47355755
377.2994052	12.53758
377.4709725	89.82515068
377.6425413	0
377.8141118	36.85939194
377.9856838	0
378.1572574	56.18392876
378.3288325	25.08594672
378.5004093	76.44654686
378.6719876	0
378.8435676	11.41593137
379.0151491	1.065946599
379.1867322	60.15172569
379.3583168	5.193022181
379.5299031	32.08941521
379.7014909	16.78295902
379.8730803	0
380.0446713	0
380.2162639	0
380.3878581	47.71144801
380.5594538	1.478884043
380.7310511	0
380.9026501	23.05049674
381.0742506	0
381.2458526	45.02144701
381.4174563	0
381.5890615	0
381.7606683	60.61365994
381.9322768	30.74224014
382.1038867	19.33504314
382.2754983	81.75877816
382.4471115	21.58899209
382.6187262	58.71338475
382.7903425	9.718902817
382.9619604	0
383.1335799	20.78431971
383.305201	37.98386211
383.4768236	54.1539557
383.6484478	50.04598655
383.8200736	0
383.991701	48.95518383
384.16333	17.6728761
384.3349606	101.2049386
384.5065927	44.39629546
384.6782264	37.0098501
384.8498617	1.038517351
385.0214986	60.41614196
385.1931371	31.27255873
385.3647771	58.89146946
385.5364188	127.8898464
385.708062	0
385.8797068	0
386.0513532	72.01586861
386.2230011	0
386.3946507	0
386.5663018	71.3901406
386.7379545	0
386.9096088	37.5715199
387.0812647	125.4529888
387.2529221	0
387.4245812	77.496927
387.5962418	32.39813352
387.767904	48.81451473
387.9395678	0
388.1112332	31.64405812
388.2829001	2.409915052
388.4545686	0
388.6262388	52.84790313
388.7979105	46.20182024
388.9695837	30.42327218
389.1412586	39.51534124
389.312935	0
389.4846131	19.10940877
389.6562927	37.32172603
389.8279739	60.8463006
389.9996566	20.69254797
390.171341	56.39913002
390.3430269	75.47596855
390.5147145	45.078656
390.6864036	0
390.8580942	65.61556769
391.0297865	22.00448614
391.2014804	32.28177896
391.3731758	0
391.5448728	52.82979816
391.7165714	0
391.8882716	56.84495736
392.0599734	0
392.2316767	0
392.4033816	61.68654502
392.5750881	116.5719354
392.7467962	0
392.9185059	0
393.0902172	0
393.26193	49.31492997
393.4336444	36.98801177
393.6053604	96.87305234
393.777078	20.56003815
393.9487972	0
394.1205179	34.56104503
394.2922403	16.58421573
394.4639642	56.8025422
394.6356897	0
394.8074167	29.68987878
394.9791454	58.65808662
395.1508757	0
395.3226075	7.15149317
395.4943409	28.52218348
395.6660759	28.76720802
395.8378125	9.599905804
396.0095506	36.43007021
396.1812903	0
396.3530317	9.067625989
396.5247746	0
396.6965191	28.45458112
396.8682651	88.5050648
397.0400128	0
397.211762	20.05892047
397.3835128	38.63516693
397.5552652	0
397.7270192	15.69829602
397.8987748	0
398.0705319	36.41395746
398.2422906	0
398.4140509	24.87212828
398.5858128	0
398.7575763	63.1228592
398.9293414	18.54182056
399.101108	76.98255801
399.2728762	64.6646362
399.444646	35.79174252
399.6164174	51.82429219
399.7881904	60.73067034
399.9599649	14.17758132
400.1317411	64.14922375
400.3035188	0
400.4752981	27.44184962
400.6470789	52.27020187
400.8188614	46.95496601
400.9906454	41.10473401
401.1624311	71.14139828
401.3342183	0
401.5060071	71.87936362
401.6777974	15.99065414
401.8495894	0
402.0213829	16.0614458
402.1931781	44.01189018
402.3649748	4.140716675
402.536773	34.04810185
402.7085729	82.03350431
402.8803744	27.2128101
403.0521774	0
403.223982	61.11131033
403.3957882	0
403.567596	71.63757572
403.7394053	25.79331864
403.9112163	74.37582598
404.0830288	10.21073265
404.2548429	43.88378484
404.4266586	41.15239024
404.5984759	67.46530498
404.7702947	69.40644511
404.9421152	59.67252716
405.1139372	0
405.2857608	62.47497045
405.457586	50.57216413
405.6294127	10.22866587
405.8012411	71.35827109
405.973071	17.16881147
406.1449025	34.64367013
406.3167356	144.9776007
406.4885703	0
406.6604066	56.59266371
406.8322444	41.58900186
407.0040838	29.99028935
407.1759249	86.21276993
407.3477674	40.30148983
407.5196116	12.52774805
407.6914574	79.1374888
407.8633047	34.63929405
408.0351536	122.5645556
408.2070041	0
408.3788562	32.48884242
408.5507099	103.2532009
408.7225651	92.37569284
408.894422	50.31520559
409.0662804	77.56671807
409.2381404	45.75978867
409.4100019	107.7832712
409.5818651	61.27661968
409.7537298	89.12025455
409.9255962	83.25128703
410.0974641	75.90335304
410.2693336	70.40234123
410.4412046	107.4811233
410.6130773	74.33034087
410.7849515	88.21572639
410.9568274	84.58560708
411.1287048	112.2631401
411.3005837	116.7109743
411.4724643	129.0545026
411.6443464	80.89809332
411.8162302	67.06441991
411.9881155	72.16652075
412.1600024	72.35959823
412.3318909	33.79497174
412.5037809	134.8777862
412.6756726	138.046564
412.8475658	137.8197252
413.0194606	106.1300269
413.191357	115.5997415
413.363255	99.67641961
413.5351545	149.9091314
413.7070557	107.65972
413.8789584	123.8392712
414.0508627	146.8156291
414.2227686	115.7287965
414.394676	103.5807775
414.5665851	214.7645523
414.7384957	85.596742
414.9104079	148.8745901
415.0823217	91.79890031
415.2542371	147.8161664
415.426154	156.8902362
415.5980726	168.3032751
415.7699927	188.2399674
415.9419144	197.5393784
416.1138377	193.6877972
416.2857626	195.0175768
416.457689	211.9928517
416.6296171	201.2301382
416.8015467	211.7637775
416.9734779	204.492878
417.1454107	182.7845
417.317345	267.973027
417.489281	210.3002037
417.6612185	218.7119058
417.8331576	257.6295786
418.0050983	262.5902076
418.1770406	215.6570497
418.3489845	282.9621531
418.5209299	343.5722533
418.6928769	235.4885789
418.8648255	276.0083363
419.0367757	341.792248
419.2087275	287.7514467
419.3806808	277.2616281
419.5526358	330.0928534
419.7245923	313.5376801
419.8965504	300.8272555
420.0685101	378.7974751
420.2404713	357.1902428
420.4124342	321.9189877
420.5843986	361.4947067
420.7563646	352.5853516
420.9283322	363.3011149
421.1003014	367.6665244
421.2722722	377.0749767
421.4442445	438.9930888
421.6162184	396.6518531
421.7881939	442.0744379
421.960171	463.0019518
422.1321497	466.8413062
422.3041299	450.6621979
422.4761118	464.0408062
422.6480952	454.755075
422.8200802	486.1967812
422.9920668	492.5208996
423.1640549	444.4136322
423.3360447	563.0211629
423.508036	574.329915
423.6800289	533.4799294
423.8520234	560.9776577
424.0240195	705.0397791
424.1960172	547.897973
424.3680164	587.908493
424.5400172	647.9997527
424.7120196	653.1201293
424.8840236	669.3367054
425.0560292	650.4269967
425.2280363	640.1027465
425.4000451	709.4887816
425.5720554	713.4588481
425.7440673	746.397039
425.9160808	737.008458
426.0880958	827.5115185
426.2601125	768.3583703
426.4321307	750.7023225
426.6041505	806.6976394
426.7761719	720.9833953
426.9481949	866.2087549
427.1202194	800.4760847
427.2922456	811.3153313
427.4642733	927.5806618
427.6363026	868.1457383
427.8083335	997.0723122
427.980366	1026.60817
428.1524	956.6526795
428.3244357	1036.728644
428.4964729	1116.04486
428.6685117	1025.816787
428.8405521	1067.206366
429.012594	995.6219272
429.1846376	1304.521106
429.3566827	1150.881304
429.5287294	1131.224964
429.7007777	1193.742208
429.8728276	1163.147566
430.044879	1227.129156
430.2169321	1160.847849
430.3889867	1273.072653
430.5610429	1267.401292
430.7331007	1332.305638
430.9051601	1349.430051
431.077221	1347.851034
431.2492835	1347.408956
431.4213477	1450.792962
431.5934134	1422.229725
431.7654806	1515.119896
431.9375495	1439.204382
432.10962	1674.666942
432.281692	1519.705221
432.4537656	1737.705763
432.6258408	1611.283431
432.7979176	1616.942585
432.9699959	1737.009289
433.1420759	1801.857615
433.3141574	1801.95066
433.4862405	1749.306187
433.6583252	1824.005448
433.8304114	1917.326062
434.0024993	1961.999498
434.1745887	1921.332331
434.3466797	1957.493668
434.5187723	1995.059216
434.6908665	1923.197929
434.8629623	1994.340821
435.0350596	2122.172242
435.2071586	2141.746698
435.3792591	2226.596841
435.5513612	2408.406764
435.7234648	2190.999321
435.8955701	2453.601945
436.0676769	2341.610149
436.2397854	2415.697656
436.4118954	2354.499051
436.5840069	2476.610467
436.7561201	2407.788568
436.9282349	2772.20611
437.1003512	2627.853969
437.2724691	2642.06325
437.4445886	2646.757732
437.6167097	2651.804817
437.7888324	2739.19128
437.9609566	2695.171604
438.1330824	2818.474668
438.3052098	2922.277069
438.4773388	2890.160945
438.6494694	2955.951585
438.8216016	3375.552571
438.9937353	3107.52956
439.1658706	3251.776479
439.3380075	3217.327649
439.510146	3282.373661
439.6822861	3409.175669
439.8544277	3394.082584
440.026571	3426.483775
440.1987158	3571.641953
440.3708622	3644.41337
440.5430102	3870.705247
440.7151597	3853.356346
440.8873109	3860.439466
441.0594636	3779.923041
441.2316179	3994.306074
441.4037738	3977.679248
441.5759313	4155.280476
441.7480903	4219.949862
441.920251	4197.428602
442.0924132	4342.879735
442.264577	4392.348599
442.4367424	4338.229326
442.6089093	4531.883595
442.7810779	4720.842117
442.953248	4723.904212
443.1254197	4692.135887
443.297593	5121.67136
443.4697679	5152.711156
443.6419444	4944.35676
443.8141224	5431.058461
443.9863021	5416.625444
444.1584833	5613.600132
444.3306661	5647.712893
444.5028504	5912.93571
444.6750364	5905.756615
444.8472239	6223.450103
445.019413	6073.0038
445.1916038	5758.259687
445.363796	6040.005433
445.5359899	6367.765281
445.7081854	6568.619074
445.8803824	6942.116535
446.052581	7243.970998
446.2247812	6968.178333
446.396983	7392.646491
446.5691863	7435.099337
446.7413913	7861.174004
446.9135978	7420.438451
447.0858059	8071.890684
447.2580156	7915.631842
447.4302269	7619.682032
447.6024397	8238.46178
447.7746542	8755.16725
447.9468702	8878.691629
448.1190878	8775.341109
448.291307	9204.124994
448.4635278	9284.536657
448.6357501	9673.289715
448.807974	10280.32901
448.9801996	10025.78731
449.1524266	10483.05897
449.3246553	10267.20428
449.4968856	10873.95431
449.6691174	10878.73413
449.8413509	11001.17953
450.0135859	10889.16924
450.1858225	11763.97626
450.3580606	11536.08892
450.5303004	11616.66418
450.7025417	12019.74956
450.8747846	12280.23837
451.0470291	12233.36939
451.2192752	12384.12361
451.3915229	12828.73599
451.5637722	13077.59231
451.736023	12333.5748
451.9082754	12918.06323
452.0805294	13209.14943
452.252785	13462.22179
452.4250421	13895.20252
452.5973009	13946.68628
452.7695612	13828.51012
452.9418231	13758.22701
453.1140866	13845.8255
453.2863517	14290.96341
453.4586183	13923.48176
453.6308866	14826.04723
453.8031564	14605.46037
453.9754278	14824.76703
454.1477008	14714.76975
454.3199753	14893.79988
454.4922515	14650.24164
454.6645292	15100.16291
454.8368085	14724.61959
455.0090894	14976.9793
455.1813719	15256.39135
455.353656	14553.63115
455.5259416	14861.15276
455.6982288	14990.87895
455.8705176	15557.01783
456.042808	14921.54052
456.2151	15330.6268
456.3873936	14606.22637
456.5596887	14410.71668
456.7319854	14551.27553
456.9042837	14599.12257
457.0765836	14606.96888
457.2488851	14542.59178
457.4211881	14044.70868
457.5934928	14111.19564
457.765799	13589.83905
457.9381068	13646.60839
458.1104161	13756.71012
458.2827271	13188.17283
458.4550396	13147.17286
458.6273538	13507.38925
458.7996695	13209.11314
458.9719868	13036.74218
459.1443056	12411.61727
459.3166261	12506.49039
459.4889481	12874.65871
459.6612718	12220.98749
459.833597	12443.37193
460.0059237	11933.96567
460.1782521	12049.6424
460.3505821	11704.12659
460.5229136	12070.54135
460.6952467	10994.02833
460.8675814	11186.5378
461.0399177	11005.70625
461.2122555	11097.22174
461.384595	10882.83541
461.556936	10776.12887
461.7292786	10632.11167
461.9016228	10467.34974
462.0739686	10497.35823
462.2463159	10175.98683
462.4186649	10080.68408
462.5910154	10052.19127
462.7633675	9713.28765
462.9357212	9932.023541
463.1080764	9900.442998
463.2804333	9398.481689
463.4527917	9515.187875
463.6251517	9287.549763
463.7975133	9307.398286
463.9698765	9197.387402
464.1422413	9071.310162
464.3146076	9116.60096
464.4869755	8933.895623
464.659345	9293.169574
464.8317161	8914.689855
465.0040888	8682.136774
465.176463	8977.730334
465.3488389	8571.742782
465.5212163	8875.544203
465.6935953	8686.837175
465.8659759	8447.261212
466.038358	8631.360795
466.2107418	8464.463153
466.3831271	8383.732403
466.555514	8078.446595
466.7279025	8607.696293
466.9002926	8221.077832
467.0726843	8580.483506
467.2450775	8063.128123
467.4174723	8255.469047
467.5898687	8192.978549
467.7622667	8177.545623
467.9346663	8051.025408
468.1070675	8022.640568
468.2794702	8071.076487
468.4518745	7995.395307
468.6242804	8163.850104
468.7966879	8168.00554
468.969097	8001.941399
469.1415076	7830.887319
469.3139198	7877.482372
469.4863336	7968.378483
469.658749	7857.353225
469.831166	7937.450187
470.0035846	7730.302256
470.1760047	7466.363694
470.3484264	7803.696015
470.5208497	7622.705387
470.6932746	7601.874998
470.8657011	7429.6099
471.0381292	7671.395813
471.2105588	7455.722029
471.38299	7349.521129
471.5554228	7421.689822
471.7278572	7188.623257
471.9002932	7414.195499
472.0727307	7233.677937
472.2451698	7196.48846
472.4176106	7064.676582
472.5900528	7143.032098
472.7624967	7049.938069
472.9349422	7127.009
473.1073892	6950.55503
473.2798378	6721.838685
473.4522881	6788.356004
473.6247398	6818.692659
473.7971932	6610.459876
473.9696482	6452.244077
474.1421047	6529.833314
474.3145628	6558.003303
474.4870225	6280.752953
474.6594838	6439.979788
474.8319467	6230.455814
475.0044111	6290.717522
475.1768771	6268.276027
475.3493448	6112.2037
475.5218139	6181.265755
475.6942847	6020.114382
475.8667571	6012.632484
476.039231	6057.260803
476.2117065	5925.957728
476.3841836	5752.427417
476.5566623	5790.869715
476.7291426	5781.185311
476.9016245	5651.663881
477.0741079	5632.160054
477.2465929	5591.389932
477.4190795	5721.22155
477.5915677	5487.556276
477.7640575	5594.406351
477.9365488	5518.860727
478.1090417	5424.895857
478.2815362	5225.641162
478.4540323	5265.457791
478.62653	5454.270475
478.7990293	5222.498036
478.9715301	5215.227094
479.1440325	5262.937449
479.3165365	5173.491539
479.4890421	5222.854152
479.6615493	5084.272173
479.834058	5099.904329
480.0065684	5095.25138
480.1790803	5116.38264
480.3515938	5066.768681
480.5241089	5016.418964
480.6966255	4913.197119
480.8691438	5049.351155
481.0416636	4926.530587
481.214185	4938.987365
481.386708	5048.584761
481.5592326	5016.56975
481.7317588	4958.518478
481.9042865	4946.284415
482.0768158	4937.402545
482.2493467	4934.944626
482.4218792	4847.132386
482.5944133	4889.367691
482.7669489	4932.744385
482.9394862	4818.329733
483.112025	4841.908449
483.2845654	4950.689378
483.4571074	4910.162116
483.6296509	4914.91698
483.8021961	4835.083639
483.9747428	4886.497186
484.1472911	4833.444374
484.319841	4872.866127
484.4923925	4903.162514
484.6649455	4880.10066
484.8375002	4930.029113
485.0100564	4931.810115
485.1826142	5029.707911
485.3551736	4860.800364
485.5277346	4950.838488
485.7002971	4919.500665
485.8728612	4891.324818
486.045427	4876.038415
486.2179943	4953.363953
486.3905631	4856.302623
486.5631336	4927.330644
486.7357057	4931.882281
486.9082793	5014.906752
487.0808545	4801.432183
487.2534313	4981.291415
487.4260097	4972.07275
487.5985896	4917.233233
487.7711712	4975.708087
487.9437543	4921.217541
488.116339	4981.510486
488.2889253	4999.23896
488.4615131	4976.77153
488.6341026	4978.07395
488.8066936	4942.901845
488.9792862	4906.522445
489.1518804	4954.941407
489.3244762	4881.893885
489.4970736	5012.58916
489.6696725	4975.557507
489.8422731	5029.065217
490.0148752	4935.115205
490.1874789	4939.192204
490.3600841	4975.289709
490.532691	4933.313674
490.7052994	5010.953141
490.8779094	5013.748516
491.050521	4998.029567
491.2231342	4992.655396
491.395749	5059.94371
491.5683654	4967.916397
491.7409833	5025.982799
491.9136028	5043.096942
492.0862239	4993.461946
492.2588466	4927.091418
492.4314708	5003.278356
492.6040967	4985.93959
492.7767241	5054.716005
492.9493531	5008.733524
493.1219837	5123.610734
493.2946159	4988.879825
493.4672496	5022.221349
493.639885	4964.692661
493.8125219	4976.894995
493.9851604	4960.361673
494.1578005	4976.14615
494.3304422	5005.981412
494.5030854	5043.842784
494.6757302	5002.985083
494.8483767	5062.093873
495.0210247	5088.417838
495.1936742	4997.36483
495.3663254	4940.036597
495.5389781	5044.775215
495.7116325	5064.650146
495.8842884	5091.296666
496.0569459	5066.908701
496.229605	5071.132789
496.4022656	5007.114973
496.5749278	5102.161691
496.7475917	5070.245977
496.9202571	5049.641601
497.0929241	5117.114
497.2655926	5115.30656
497.4382628	5059.869904
497.6109345	5067.979893
497.7836078	5080.085971
497.9562827	5139.83335
498.1289592	5105.910546
498.3016373	5057.79768
498.4743169	5055.54468
498.6469981	5112.342354
498.8196809	5155.633021
498.9923653	5185.547895
499.1650513	5131.554145
499.3377389	5083.81089
499.510428	5109.690019
499.6831187	5162.835695
499.855811	5198.736017
500.0285049	5215.584741
500.2012004	5115.343376
500.3738974	5191.646582
500.5465961	5176.785526
500.7192963	5253.9016
500.8919981	5157.534239
501.0647014	5244.507353
501.2374064	5192.424092
501.410113	5275.995087
501.5828211	5225.880578
501.7555308	5273.405026
501.9282421	5203.900299
502.100955	5184.710593
502.2736694	5206.834917
502.4463854	5261.345453
502.6191031	5262.814858
502.7918223	5320.803431
502.9645431	5215.007507
503.1372654	5227.875062
503.3099894	5202.689375
503.4827149	5313.324552
503.655442	5301.830783
503.8281707	5288.130383
504.000901	5269.662193
504.1736329	5282.441127
504.3463663	5332.598461
504.5191013	5337.677924
504.6918379	5326.761241
504.8645761	5336.553266
505.0373159	5317.801186
505.2100572	5383.038675
505.3828002	5371.196117
505.5555447	5456.207395
505.7282908	5393.503386
505.9010385	5319.328002
506.0737878	5278.668993
506.2465386	5323.935595
506.419291	5345.835461
506.5920451	5321.561381
506.7648006	5305.678396
506.9375578	5366.620051
507.1103166	5347.228683
507.2830769	5318.35597
507.4558389	5347.947808
507.6286024	5423.449219
507.8013675	5340.540922
507.9741341	5432.412668
508.1469024	5400.571601
508.3196722	5340.201267
508.4924436	5344.032434
508.6652166	5370.049352
508.8379912	5341.291265
509.0107674	5364.01954
509.1835451	5392.90796
509.3563245	5332.133747
509.5291054	5264.895712
509.7018879	5379.715343
509.874672	5333.745724
510.0474576	5315.308942
510.2202449	5324.286133
510.3930337	5320.85877
510.5658241	5415.187015
510.7386161	5315.120298
510.9114097	5341.22561
511.0842048	5430.59361
511.2570015	5378.312058
511.4297999	5391.878637
511.6025998	5392.25495
511.7754013	5371.812681
511.9482043	5411.405677
512.121009	5358.246124
512.2938152	5300.659913
512.466623	5379.287105
512.6394324	5392.428957
512.8122434	5361.769968
512.9850559	5287.367409
513.1578701	5340.19163
513.3306858	5254.501114
513.5035031	5318.553249
513.676322	5339.909815
513.8491425	5334.04093
514.0219645	5349.932148
514.1947882	5319.467286
514.3676134	5250.746694
514.5404402	5338.038616
514.7132686	5344.927766
514.8860985	5332.435371
515.0589301	5352.603234
515.2317632	5290.800467
515.4045979	5302.449191
515.5774342	5320.736018
515.7502721	5280.826199
515.9231116	5263.961212
516.0959526	5332.193832
516.2687952	5267.56052
516.4416394	5239.939394
516.6144852	5312.569073
516.7873326	5308.061666
516.9601816	5294.286795
517.1330321	5287.227404
517.3058842	5256.078411
517.4787379	5254.275994
517.6515932	5271.905637
517.8244501	5317.634764
517.9973085	5275.967064
518.1701685	5258.335013
518.3430302	5247.793616
518.5158933	5289.503126
518.6887581	5321.918124
518.8616245	5260.282236
519.0344924	5241.195263
519.2073619	5263.673731
519.3802331	5299.468808
519.5531057	5229.487962
519.72598	5243.948222
519.8988559	5250.755828
520.0717333	5333.757647
520.2446123	5233.870809
520.4174929	5294.104278
520.5903751	5237.066079
520.7632589	5284.217767
520.9361442	5204.886331
521.1090311	5212.374804
521.2819197	5253.644584
521.4548098	5264.704942
521.6277014	5231.129267
521.8005947	5323.695209
521.9734895	5248.359709
522.146386	5278.422593
522.319284	5261.792324
522.4921836	5212.678437
522.6650847	5264.291673
522.8379875	5235.86657
523.0108918	5231.125033
523.1837977	5219.138804
523.3567052	5236.811264
523.5296143	5254.42516
523.702525	5228.965589
523.8754372	5255.969691
524.0483511	5220.058473
524.2212665	5209.52924
524.3941835	5236.459087
524.567102	5259.700563
524.7400222	5294.177801
524.9129439	5188.256536
525.0858673	5283.171975
525.2587922	5257.365788
525.4317187	5259.304639
525.6046467	5246.798733
525.7775764	5198.781791
525.9505076	5246.214363
526.1234404	5282.857606
526.2963748	5209.359368
526.4693108	5249.691382
526.6422484	5253.390281
526.8151875	5195.841463
526.9881283	5191.079699
527.1610706	5268.277577
527.3340145	5265.369309
527.5069599	5249.632132
527.679907	5270.736616
527.8528556	5200.893242
528.0258059	5210.234408
528.1987577	5194.439673
528.371711	5214.695536
528.544666	5263.55984
528.7176226	5235.285484
528.8905807	5225.283407
529.0635404	5204.157824
529.2365017	5270.163899
529.4094646	5206.703424
529.5824291	5211.319702
529.7553951	5194.766
529.9283627	5200.062977
530.101332	5238.454771
530.2743027	5217.975431
530.4472751	5149.46414
530.6202491	5298.593332
530.7932246	5240.077697
530.9662017	5176.485334
531.1391805	5212.737601
531.3121607	5199.883088
531.4851426	5194.894436
531.6581261	5225.180439
531.8311111	5253.922734
532.0040977	5206.554326
532.1770859	5186.944665
532.3500757	5166.545117
532.5230671	5259.10888
532.69606	5207.594403
532.8690545	5273.692902
533.0420506	5215.377455
533.2150483	5234.517013
533.3880476	5235.130081
533.5610485	5236.971206
533.7340509	5229.070122
533.9070549	5211.416262
534.0800605	5218.299952
534.2530677	5229.861028
534.4260765	5198.704627
534.5990868	5219.016594
534.7720988	5232.48337
534.9451123	5214.976994
535.1181274	5259.103164
535.2911441	5206.68035
535.4641623	5269.049038
535.6371822	5241.49852
535.8102036	5238.801693
535.9832266	5228.519026
536.1562512	5293.333507
536.3292774	5268.006934
536.5023052	5275.704659
536.6753345	5284.122128
536.8483654	5282.123988
537.0213979	5278.102283
537.194432	5240.7676
537.3674677	5264.53137
537.5405049	5269.397858
537.7135438	5243.201005
537.8865842	5295.045999
538.0596262	5270.719732
538.2326698	5380.802636
538.4057149	5248.649408
538.5787617	5285.808602
538.75181	5254.74101
538.9248599	5294.763175
539.0979114	5299.709426
539.2709645	5288.722227
539.4440191	5280.492375
539.6170754	5297.356477
539.7901332	5319.149379
539.9631926	5288.688155
540.1362536	5263.46543
540.3093161	5316.231325
540.4823803	5332.345592
540.655446	5336.983632
540.8285133	5322.306009
541.0015822	5340.925892
541.1746527	5275.11627
541.3477248	5278.237086
541.5207984	5335.512924
541.6938737	5373.044688
541.8669505	5389.104986
542.0400289	5289.460698
542.2131088	5350.991535
542.3861904	5405.148063
542.5592735	5357.185602
542.7323583	5394.978923
542.9054446	5325.348746
543.0785324	5341.278079
543.2516219	5384.539118
543.424713	5343.520222
543.5978056	5385.786056
543.7708998	5355.047949
543.9439956	5356.710333
544.117093	5333.644333
544.290192	5373.731116
544.4632925	5351.100659
544.6363946	5335.347138
544.8094983	5400.357344
544.9826036	5322.035244
545.1557105	5341.205834
545.328819	5366.099149
545.501929	5413.064478
545.6750406	5383.430355
545.8481538	5343.993983
546.0212686	5385.373764
546.194385	5340.178157
546.3675029	5372.480677
546.5406225	5375.435495
546.7137436	5376.294375
546.8868663	5312.158446
547.0599906	5347.433639
547.2331164	5335.230043
547.4062439	5328.127714
547.5793729	5353.014825
547.7525035	5304.285651
547.9256357	5376.972094
548.0987695	5412.297756
548.2719048	5334.222741
548.4450418	5371.280072
548.6181803	5356.931987
548.7913204	5327.401827
548.9644621	5340.611499
549.1376053	5339.569934
549.3107502	5340.846393
549.4838966	5333.826726
549.6570446	5376.16609
549.8301942	5425.963275
550.0033454	5373.164197
550.1764982	5372.575317
550.3496525	5369.283681
550.5228084	5355.389179
550.6959659	5386.636762
550.869125	5349.276558
551.0422857	5334.819248
551.215448	5450.427894
551.3886118	5408.891189
551.5617772	5406.590409
551.7349442	5346.193278
551.9081128	5360.7092
552.081283	5331.735609
552.2544547	5346.784476
552.4276281	5341.83499
552.600803	5370.387272
552.7739795	5367.050119
552.9471576	5370.682956
553.1203372	5381.569512
553.2935185	5459.109835
553.4667013	5349.832413
553.6398857	5377.04879
553.8130717	5368.571335
553.9862593	5354.637184
554.1594484	5442.939586
554.3326392	5371.654921
554.5058315	5402.041271
554.6790254	5380.624911
554.8522209	5378.490607
555.0254179	5366.203999
555.1986166	5349.930219
555.3718168	5411.951581
555.5450186	5387.641841
555.718222	5413.359778
555.891427	5425.752979
556.0646336	5366.68587
556.2378417	5380.121574
556.4110514	5369.486855
556.5842627	5418.158818
556.7574756	5397.162842
556.9306901	5372.756548
557.1039062	5392.606588
557.2771238	5407.264743
557.450343	5382.037626
557.6235638	5431.313326
557.7967862	5401.587921
557.9700102	5400.825998
558.1432357	5453.910322
558.3164628	5432.194277
558.4896916	5404.675954
558.6629219	5395.127418
558.8361537	5403.048652
559.0093872	5376.034876
559.1826222	5406.414796
559.3558589	5423.069124
559.5290971	5408.790388
559.7023369	5419.269016
559.8755782	5420.60597
560.0488212	5454.193655
560.2220657	5412.140395
560.3953118	5462.853229
560.5685595	5495.205807
560.7418088	5420.178126
560.9150597	5436.384317
561.0883121	5463.613999
561.2615662	5498.786192
561.4348218	5512.603153
561.608079	5471.144312
561.7813378	5452.876741
561.9545981	5445.676876
562.1278601	5475.068063
562.3011236	5496.249272
562.4743887	5497.986972
562.6476554	5466.147369
562.8209237	5511.464137
562.9941935	5483.546386
563.167465	5519.878587
563.340738	5478.694569
563.5140126	5493.926145
563.6872888	5450.217878
563.8605665	5516.402568
564.0338459	5502.392376
564.2071268	5506.345928
564.3804093	5493.430444
564.5536934	5518.57855
564.7269791	5498.737972
564.9002664	5485.164069
565.0735552	5495.370749
565.2468456	5520.576433
565.4201376	5480.92631
565.5934312	5489.318616
565.7667264	5492.15923
565.9400231	5520.109507
566.1133215	5512.276561
566.2866214	5526.913431
566.4599229	5528.297281
566.633226	5487.196431
566.8065306	5549.007097
566.9798369	5483.608736
567.1531447	5482.288453
567.3264541	5499.043629
567.4997651	5446.972155
567.6730777	5467.150286
567.8463919	5496.480757
568.0197076	5494.920836
568.1930249	5563.52247
568.3663438	5505.833197
568.5396643	5501.226991
568.7129864	5499.210854
568.8863101	5510.879597
569.0596353	5499.997339
569.2329621	5538.89884
569.4062905	5477.981381
569.5796205	5474.784695
569.7529521	5526.990789
569.9262852	5498.514448
570.0996199	5501.708338
570.2729563	5529.654629
570.4462941	5475.351694
570.6196336	5513.924204
570.7929747	5523.428444
570.9663173	5439.254331
571.1396616	5407.638135
571.3130074	5386.392225
571.4863547	5359.794032
571.6597037	5349.237383
571.8330543	5440.808885
572.0064064	5555.610241
572.1797601	5513.778747
572.3531154	5532.24385
572.5264723	5491.234189
572.6998308	5513.168139
572.8731908	5504.048888
573.0465525	5503.038288
573.2199157	5503.302017
573.3932805	5530.095748
573.5666468	5473.550581
573.7400148	5517.240204
573.9133843	5437.20817
574.0867555	5485.514951
574.2601282	5442.922446
574.4335025	5438.944418
574.6068783	5454.417897
574.7802558	5482.355077
574.9536348	5449.153178
575.1270154	5452.772583
575.3003976	5427.714829
575.4737814	5464.840835
575.6471668	5441.843925
575.8205537	5434.246596
575.9939423	5442.474438
576.1673324	5417.920242
576.3407241	5408.497215
576.5141173	5434.873452
576.6875122	5436.020173
576.8609086	5459.496488
577.0343067	5450.4737
577.2077063	5439.884819
577.3811075	5464.316427
577.5545102	5424.57008
577.7279146	5424.407986
577.9013205	5410.349843
578.074728	5428.959687
578.2481371	5410.820223
578.4215478	5412.688389
578.5949601	5430.321647
578.7683739	5394.568551
578.9417894	5404.774028
579.1152064	5425.204208
579.288625	5370.271257
579.4620451	5351.482991
579.6354669	5377.208368
579.8088902	5357.187617
579.9823152	5383.029192
580.1557417	5397.410511
580.3291698	5409.720628
580.5025994	5388.173883
580.6760307	5396.272912
580.8494635	5372.351247
581.0228979	5337.724729
581.1963339	5348.565989
581.3697715	5349.189599
581.5432107	5350.256734
581.7166514	5338.507376
581.8900937	5333.486755
582.0635377	5383.430891
582.2369832	5360.862245
582.4104302	5372.609806
582.5838789	5329.205861
582.7573291	5353.1071
582.9307809	5344.812128
583.1042344	5324.334225
583.2776893	5335.432452
583.4511459	5304.159073
583.6246041	5338.883662
583.7980638	5299.752445
583.9715251	5337.720213
584.144988	5298.6908
584.3184525	5263.148823
584.4919186	5317.645879
584.6653862	5283.105603
584.8388554	5338.088427
585.0123262	5319.91618
585.1857986	5277.732553
585.3592726	5304.166656
585.5327482	5290.979373
585.7062253	5258.946741
585.879704	5300.424323
586.0531843	5266.207517
586.2266662	5283.412084
586.4001497	5271.764053
586.5736347	5261.890302
586.7471214	5256.724789
586.9206096	5279.501344
587.0940994	5256.471556
587.2675908	5290.985673
587.4410837	5253.699167
587.6145783	5217.900298
587.7880744	5224.552273
587.9615721	5224.441294
588.1350714	5207.06496
588.3085723	5207.836597
588.4820748	5183.42379
588.6555788	5209.489019
588.8290844	5144.542327
589.0025916	5162.497652
589.1761004	5196.813292
589.3496108	5158.403308
589.5231227	5152.64427
589.6966363	5209.118143
589.8701514	5156.568584
590.0436681	5171.598162
590.2171864	5105.905006
590.3907062	5113.629249
590.5642277	5125.760822
590.7377507	5119.208157
590.9112753	5100.960929
591.0848015	5120.840782
591.2583293	5107.241966
591.4318586	5128.784569
591.6053896	5081.625119
591.7789221	5124.622467
591.9524562	5064.351446
592.1259919	5093.924584
592.2995291	5053.416865
592.473068	5033.459069
592.6466084	5078.154967
592.8201504	5050.956786
592.993694	5012.276861
593.1672392	5047.644858
593.340786	5036.925415
593.5143343	5018.468766
593.6878843	5049.253402
593.8614358	5032.742569
594.0349889	5008.584793
594.2085435	5011.47974
594.3820998	4974.800567
594.5556576	4999.590007
594.7292171	4977.323764
594.9027781	4984.829887
595.0763406	4973.829408
595.2499048	4944.104543
595.4234706	4920.732144
595.5970379	4940.692897
595.7706068	4951.471063
595.9441773	4913.111536
596.1177494	4908.671935
596.2913231	4956.510661
596.4648983	4883.940362
596.6384751	4900.550188
596.8120535	4883.203354
596.9856335	4888.922394
597.1592151	4848.775238
597.3327983	4872.190139
597.506383	4855.408615
597.6799693	4896.204101
597.8535572	4872.194021
598.0271467	4867.587178
598.2007378	4819.974172
598.3743304	4820.691418
598.5479247	4796.44679
598.7215205	4790.734653
598.8951179	4838.651638
599.0687168	4794.939631
599.2423174	4752.792901
599.4159196	4783.112234
599.5895233	4803.650201
599.7631286	4799.284816
599.9367355	4773.956217
600.110344	4778.265349
600.283954	4736.555048
600.4575657	4746.369797
600.6311789	4756.767176
600.8047937	4725.914763
600.9784101	4723.085031
601.152028	4691.911231
601.3256476	4721.705702
601.4992687	4692.514808
601.6728914	4647.471333
601.8465157	4660.650427
602.0201416	4690.95496
602.1937691	4665.466895
602.3673981	4708.385861
602.5410287	4692.724959
602.7146609	4648.940104
602.8882947	4637.845699
603.0619301	4586.377203
603.2355671	4616.473765
603.4092056	4587.589017
603.5828457	4599.131882
603.7564874	4526.986096
603.9301307	4558.994042
604.1037756	4559.562187
604.277422	4552.085506
604.4510701	4494.506428
604.6247197	4507.058248
604.7983709	4524.10088
604.9720237	4554.636141
605.145678	4542.63851
605.319334	4477.1898
605.4929915	4508.594599
605.6666506	4502.818768
605.8403113	4460.146176
606.0139736	4490.663141
606.1876374	4460.225118
606.3613028	4493.36345
606.5349699	4447.446949
606.7086385	4471.985805
606.8823087	4420.085448
607.0559804	4406.064344
607.2296538	4399.692925
607.4033287	4451.430071
607.5770052	4405.900733
607.7506833	4379.638098
607.924363	4372.298022
608.0980443	4363.709815
608.2717271	4329.126159
608.4454115	4354.722688
608.6190975	4321.999187
608.7927851	4333.714007
608.9664743	4295.417597
609.1401651	4305.296481
609.3138574	4300.305557
609.4875513	4270.536483
609.6612468	4264.799891
609.8349439	4290.686974
610.0086426	4261.506845
610.1823428	4266.579423
610.3560446	4237.718213
610.5297481	4219.45475
610.7034531	4248.406014
610.8771596	4202.854478
611.0508678	4218.930298
611.2245775	4184.295681
611.3982889	4172.09971
611.5720018	4166.047124
611.7457163	4158.384346
611.9194323	4169.024953
612.09315	4126.998579
612.2668692	4122.294894
612.44059	4116.693885
612.6143124	4092.926915
612.7880364	4100.272395
612.961762	4109.544071
613.1354891	4099.283653
613.3092179	4120.707298
613.4829482	4086.654817
613.6566801	4086.470511
613.8304136	4069.617007
614.0041486	4082.930448
614.1778853	4031.748424
614.3516235	4046.192276
614.5253633	4016.40071
614.6991047	4024.443053
614.8728477	4016.344126
615.0465922	3987.460447
615.2203383	3993.054397
615.3940861	3961.705419
615.5678354	3949.73887
615.7415863	3951.784287
615.9153387	3943.048387
616.0890928	3929.800983
616.2628484	3900.460804
616.4366056	3930.416661
616.6103644	3905.276196
616.7841248	3874.425858
616.9578867	3864.965704
617.1316503	3855.957567
617.3054154	3811.166231
617.4791821	3822.13996
617.6529504	3819.746902
617.8267203	3797.975881
618.0004917	3802.411129
618.1742648	3813.083983
618.3480394	3781.215552
618.5218156	3785.829761
618.6955934	3754.847259
618.8693727	3774.150325
619.0431537	3735.956364
619.2169362	3712.654075
619.3907203	3701.842987
619.564506	3711.200875
619.7382933	3682.519531
619.9120822	3701.183718
620.0858726	3686.180169
620.2596646	3641.733097
620.4334582	3644.278239
620.6072534	3657.957663
620.7810502	3631.984306
620.9548486	3644.863801
621.1286485	3554.54695
621.30245	3611.325548
621.4762531	3573.192059
621.6500578	3595.89712
621.8238641	3559.094942
621.9976719	3585.03221
622.1714813	3554.876584
622.3452923	3535.497473
622.5191049	3548.993407
622.6929191	3509.449042
622.8667349	3479.598122
623.0405522	3499.22921
623.2143711	3466.223867
623.3881917	3458.417179
623.5620137	3453.720874
623.7358374	3454.662
623.9096627	3443.393656
624.0834895	3413.869489
624.2573179	3398.546671
624.4311479	3392.658073
624.6049795	3345.684912
624.7788127	3376.113768
624.9526474	3358.858504
625.1264837	3366.81448
625.3003217	3359.240695
625.4741612	3311.261098
625.6480022	3295.337143
625.8218449	3295.4513
625.9956891	3299.008169
626.169535	3296.338733
626.3433824	3281.279145
626.5172313	3248.999584
626.6910819	3252.074115
626.8649341	3261.624071
627.0387878	3216.510137
627.2126431	3213.321388
627.3865	3224.389377
627.5603585	3209.022677
627.7342186	3171.751698
627.9080802	3192.830082
628.0819434	3156.213915
628.2558083	3157.769605
628.4296747	3148.740182
628.6035426	3153.858552
628.7774122	3130.091589
628.9512833	3115.929333
629.1251561	3123.812258
629.2990304	3096.471327
629.4729062	3095.973394
629.6467837	3063.787835
629.8206628	3051.449199
629.9945434	3027.783271
630.1684256	3037.624539
630.3423094	3029.301432
630.5161948	3008.101512
630.6900818	3009.95834
630.8639703	2996.003347
631.0378604	2966.874194
631.2117522	2960.149969
631.3856455	2966.606725
631.5595403	2953.145035
631.7334368	2946.571756
631.9073348	2915.458737
632.0812344	2918.034603
632.2551357	2910.431819
632.4290384	2894.398977
632.6029428	2872.810255
632.7768488	2921.421315
632.9507563	2860.7037
633.1246654	2844.611799
633.2985761	2844.955645
633.4724884	2828.472661
633.6464023	2835.216655
633.8203177	2792.922405
633.9942347	2826.98193
634.1681533	2775.888912
634.3420735	2779.876514
634.5159953	2745.935662
634.6899187	2744.726339
634.8638436	2737.301368
635.0377701	2717.325527
635.2116982	2705.666626
635.3856279	2690.417625
635.5595592	2706.211777
635.7334921	2674.477978
635.9074265	2644.961375
636.0813625	2645.400407
636.2553001	2635.913203
636.4292393	2614.634185
636.60318	2630.018875
636.7771224	2583.621647
636.9510663	2609.349452
637.1250118	2583.139478
637.2989589	2592.165014
637.4729076	2566.668722
637.6468579	2546.595522
637.8208097	2546.539161
637.9947631	2568.246296
638.1687181	2514.575
638.3426747	2513.702875
638.5166329	2505.3248
638.6905926	2494.402789
638.864554	2485.502869
639.0385169	2492.82388
639.2124814	2465.570883
639.3864475	2458.064753
639.5604151	2430.072354
639.7343844	2437.828202
639.9083552	2401.818198
640.0823276	2424.050039
640.2563016	2377.662857
640.4302772	2378.752058
640.6042543	2348.508607
640.7782331	2377.100501
640.9522134	2308.336021
641.1261953	2338.425118
641.3001788	2331.126769
641.4741639	2335.316076
641.6481505	2319.756687
641.8221387	2288.234884
641.9961286	2299.291885
642.17012	2293.535143
642.3441129	2249.440488
642.5181075	2281.652795
642.6921037	2257.956495
642.8661014	2239.786762
643.0401007	2219.849699
643.2141016	2205.920842
643.3881041	2201.517348
643.5621081	2193.745324
643.7361138	2182.332565
643.910121	2183.642554
644.0841298	2156.222837
644.2581402	2141.131357
644.4321521	2155.478326
644.6061657	2129.823413
644.7801808	2127.928846
644.9541975	2101.483904
645.1282158	2091.969819
645.3022357	2072.31304
645.4762572	2076.10265
645.6502802	2095.297597
645.8243048	2047.969946
645.9983311	2058.4853
646.1723589	2024.605719
646.3463882	2038.413288
646.5204192	2032.633429
646.6944517	2018.099873
646.8684858	1990.35925
647.0425215	1962.179704
647.2165588	1981.527634
647.3905977	1982.641221
647.5646382	1942.280187
647.7386802	1950.957732
647.9127238	1929.827989
648.086769	1951.905064
648.2608158	1916.008523
648.4348641	1893.573989
648.6089141	1903.187895
648.7829656	1902.928847
648.9570187	1920.940518
649.1310734	1883.557137
649.3051297	1869.2018
649.4791875	1872.521803
649.653247	1819.73669
649.827308	1838.143889
650.0013706	1815.030064
650.1754348	1819.089959
650.3495006	1800.713851
650.5235679	1785.093744
650.6976368	1778.523036
650.8717074	1782.631389
651.0457795	1744.663197
651.2198531	1751.994063
651.3939284	1743.432205
651.5680052	1736.702512
651.7420837	1734.387275
651.9161637	1743.839508
652.0902453	1717.831229
652.2643284	1691.135792
652.4384132	1678.952977
652.6124995	1691.856803
652.7865875	1661.35436
652.960677	1663.248502
653.134768	1659.7018
653.3088607	1648.668976
653.482955	1645.982842
653.6570508	1635.112257
653.8311482	1627.098887
654.0052472	1616.416788
654.1793478	1607.52331
654.35345	1584.610473
654.5275537	1581.020182
654.701659	1597.96226
654.8757659	1565.437144
655.0498744	1547.065694
655.2239845	1555.244279
655.3980962	1544.771233
655.5722094	1538.960967
655.7463242	1524.637975
655.9204406	1525.61187
656.0945586	1530.622268
656.2686782	1506.812544
656.4427993	1491.658779
656.616922	1481.051966
656.7910464	1476.832173
656.9651723	1477.635262
657.1392997	1484.375934
657.3134288	1453.1513
657.4875594	1444.556306
657.6616917	1441.490497
657.8358255	1441.674838
658.0099609	1413.16934
658.1840978	1417.287627
658.3582364	1402.642904
658.5323765	1398.229895
658.7065183	1386.634761
658.8806616	1399.280735
659.0548064	1367.979927
659.2289529	1381.959369
659.403101	1368.902113
659.5772506	1364.718178
659.7514018	1367.377588
659.9255546	1351.523469
660.099709	1329.204613
660.2738649	1331.559573
660.4480225	1312.249731
660.6221816	1313.965541
660.7963423	1298.317139
660.9705046	1306.086936
661.1446685	1284.344009
661.3188339	1291.982198
661.493001	1259.603357
661.6671696	1263.198112
661.8413398	1275.88244
662.0155116	1242.568717
662.1896849	1224.561948
662.3638599	1233.62726
662.5380364	1224.57371
662.7122145	1220.750725
662.8863942	1209.946112
663.0605755	1215.490399
663.2347584	1181.535653
663.4089428	1214.586103
663.5831288	1180.096745
663.7573165	1183.136515
663.9315056	1173.962651
664.1056964	1177.245614
664.2798888	1155.093025
664.4540827	1143.128175
664.6282782	1146.930898
664.8024753	1139.530122
664.976674	1127.985128
665.1508743	1136.566767
665.3250761	1112.075051
665.4992796	1119.48619
665.6734846	1109.201401
665.8476912	1105.119861
666.0218993	1080.934977
666.1961091	1065.43369
666.3703204	1063.968311
666.5445334	1074.432291
666.7187479	1055.831304
666.892964	1074.006729
667.0671816	1054.622661
667.2414009	1063.901655
667.4156217	1049.128103
667.5898442	1039.512427
667.7640682	1032.445559
667.9382937	1027.779885
668.1125209	1012.111765
668.2867497	1015.196016
668.46098	1016.501439
668.6352119	1003.242505
668.8094454	997.3786427
668.9836805	996.8821964
669.1579171	987.2928388
669.3321554	986.8663953
669.5063952	973.3083278
669.6806366	978.6653826
669.8548796	962.0106444
670.0291242	938.3249505
670.2033703	941.0973347
670.3776181	947.7117586
670.5518674	953.0092447
670.7261183	932.8274787
670.9003708	913.7516568
671.0746248	919.212692
671.2488805	901.0690751
671.4231377	893.8609516
671.5973965	888.9716931
671.7716569	907.0029745
671.9459189	884.5251426
672.1201824	893.6730574
672.2944476	887.9676324
672.4687143	894.9493018
672.6429826	851.2803962
672.8172525	860.6770606
672.991524	864.919742
673.165797	847.2451033
673.3400717	828.2082059
673.5143479	845.5905422
673.6886257	833.0414862
673.8629051	839.3707301
674.037186	823.4569667
674.2114686	802.805717
674.3857527	803.6048756
674.5600384	830.1699272
674.7343257	806.2865833
674.9086146	811.2702378
675.0829051	795.4577615
675.2571971	804.5630252
675.4314907	782.7197535
675.6057859	801.559547
675.7800827	786.560628
675.9543811	771.9601043
676.128681	754.9211063
676.3029826	759.0258586
676.4772857	750.5836421
676.6515904	746.7516877
676.8258967	739.1153545
677.0002045	750.3650215
677.174514	718.1235588
677.348825	727.378618
677.5231376	730.5298092
677.6974518	729.4419959
677.8717676	712.3648735
678.046085	723.7569272
678.2204039	713.4149787
678.3947244	702.1702783
678.5690465	698.2045147
678.7433702	693.0717844
678.9176955	672.6044442
679.0920224	683.8409484
679.2663508	676.8684686
679.4406808	670.1850391
679.6150124	660.8585002
679.7893456	658.4908833
679.9636804	635.5249556
680.1380167	663.186959
680.3123546	647.5201037
680.4866941	649.7368208
680.6610352	628.0524263
680.8353779	642.8798088
681.0097222	646.1863107
681.184068	636.9143678
681.3584154	610.5676663
681.5327644	627.1075014
681.707115	610.3184809
681.8814672	613.4920639
682.055821	623.6709076
682.2301763	601.9275441
682.4045332	597.9665494
682.5788917	602.1577167
682.7532518	588.2776111
682.9276135	604.2354503
683.1019767	577.9150922
683.2763415	587.2565657
683.4507079	578.2462217
683.6250759	582.1150345
683.7994455	573.769874
683.9738167	571.7570624
684.1481894	560.1690181
684.3225637	576.9791971
684.4969396	550.2232501
684.6713171	577.7643429
684.8456962	539.7765914
685.0200768	535.3004667
685.1944591	513.8496421
685.3688429	511.5185186
685.5432283	516.7469454
685.7176153	516.0054418
685.8920038	513.9189506
686.066394	533.0164949
686.2407857	541.1399382
686.415179	527.466962
686.5895739	530.949472
686.7639704	530.9859154
686.9383685	513.3261247
687.1127681	518.7712167
687.2871693	511.9741479
687.4615721	511.4856048
687.6359765	501.5149164
687.8103825	501.5212016
687.98479	489.7754736
688.1591992	485.119906
688.3336099	496.5866857
688.5080222	505.0598064
688.6824361	482.128921
688.8568515	480.2000574
689.0312686	475.8419665
689.2056872	480.3942677
689.3801074	459.9192163
689.5545292	469.6917669
689.7289526	452.3706025
689.9033775	457.6366049
690.0778041	454.9516442
690.2522322	464.8947123
690.4266619	450.2181029
690.6010932	466.0792694
690.7755261	447.5881752
690.9499605	441.3369472
691.1243965	437.1451398
691.2988342	430.1235733
691.4732734	438.3097251
691.6477141	420.6978115
691.8221565	407.0823838
691.9966005	403.4936748
692.171046	391.5967446
692.3454931	386.7399587
692.5199418	407.7942436
692.6943921	429.6933786
692.8688439	468.0785864
693.0432974	495.5236407
693.2177524	455.9793557
693.392209	382.8823045
693.5666672	292.0759077
693.7411269	196.6935386
693.9155883	158.6149867
694.0900512	132.3351019
694.2645157	107.1101222
694.4389818	92.26148289
694.6134495	81.10382771
694.7879188	92.01714239
694.9623896	92.72499326
695.1368621	123.1886155
695.3113361	148.1053321
695.4858117	224.5993305
695.6602888	315.5824401
695.8347676	393.8572149
696.0092479	440.770626
696.1837299	514.2569913
696.3582134	524.1624293
696.5326984	578.8668035
696.7071851	553.3716486
696.8816734	542.8682735
697.0561632	515.1489434
697.2306546	528.9476187
697.4051476	494.7313588
697.5796422	488.1164284
697.7541384	432.5476066
697.9286361	416.7906265
698.1031354	387.6851713
698.2776363	390.1736781
698.4521388	376.9209566
698.6266429	361.5395165
698.8011486	334.3845616
698.9756558	346.434438
699.1501646	323.238986
699.324675	309.3188774
699.499187	298.8105503
699.6737006	301.2907838
699.8482157	321.7842675
700.0227325	324.4738266
700.1972508	327.5813627
700.3717707	320.7939613
700.5462922	317.1320697
700.7208152	308.8627295
700.8953399	295.1791884
701.0698661	297.3088466
701.2443939	311.2661308
701.4189233	306.2545583
701.5934543	298.5929101
701.7679868	307.7402775
701.942521	293.9416546
702.1170567	288.1177398
702.291594	281.2467882
702.4661329	281.5940811
702.6406733	294.0955461
702.8152154	272.9883654
702.989759	284.8199365
703.1643042	272.6175855
703.338851	269.9199819
703.5133994	280.6877107
703.6879494	278.8249099
703.8625009	281.0648559
704.037054	274.4069173
704.2116088	275.5684749
704.386165	258.191296
704.5607229	267.7157246
704.7352824	255.6330234
704.9098434	258.4396896
705.084406	254.8309437
705.2589702	263.072801
705.433536	264.5856847
705.6081034	256.2327252
705.7826723	257.1455322
705.9572429	245.4569811
706.131815	248.2569412
706.3063887	256.3100603
706.480964	241.6632337
706.6555408	232.9914955
706.8301193	215.5961622
707.0046993	229.4697302
707.1792809	234.0215629
707.3538641	250.4199875
707.5284489	237.0029419
707.7030352	245.2486011
707.8776232	233.2309033
708.0522127	247.6694059
708.2268038	236.4780948
708.4013965	236.889363
708.5759907	223.05485
708.7505866	234.5451461
708.925184	227.2901309
709.099783	234.0424306
709.2743836	220.8574092
709.4489858	234.2432808
709.6235896	215.7716447
709.7981949	215.0135811
709.9728018	218.4937538
710.1474104	209.6568298
710.3220204	219.0953274
710.4966321	223.084805
710.6712454	207.5957386
710.8458602	204.4778723
711.0204766	213.1267599
711.1950946	206.259258
711.3697142	197.7992138
711.5443354	196.9228718
711.7189581	197.9599002
711.8935825	193.5921398
712.0682084	202.5122324
712.2428359	196.6763343
712.417465	187.794082
712.5920956	205.4864985
712.7667279	187.6280113
712.9413617	204.0543132
713.1159971	190.8745358
713.2906341	196.6164552
713.4652727	178.4414542
713.6399128	195.5899728
713.8145545	181.6513431
713.9891979	212.37187
714.1638428	194.0557836
714.3384893	206.7908521
714.5131373	187.4864066
714.687787	180.2053478
714.8624382	190.5330611
715.037091	172.4511531
715.2117454	160.2188128
715.3864014	150.005604
715.5610589	153.0876713
715.7357181	153.9196119
715.9103788	136.689476
716.0850411	141.1207299
716.259705	138.6087857
716.4343705	157.0083799
716.6090375	154.3268616
716.7837062	189.1707239
716.9583764	168.0438685
717.1330482	176.0662756
717.3077216	169.1029963
717.4823966	166.1234778
717.6570731	165.4052867
717.8317512	163.2797185
718.0064309	152.0208985
718.1811122	169.3452848
718.3557951	153.3573888
718.5304796	162.9009312
718.7051656	158.8647236
718.8798532	145.8635979
719.0545425	154.584312
719.2292332	163.3687991
719.4039256	156.4311351
719.5786196	148.6062372
719.7533151	154.3704784
719.9280122	146.4060052
720.1027109	146.8092588
720.2774112	150.8036243
720.4521131	142.9369194
720.6268165	140.4835417
720.8015216	128.1603596
720.9762282	143.2418698
721.1509364	132.7978751
721.3256461	122.6827346
721.5003575	131.8815638
721.6750704	148.2441314
721.849785	129.247268
722.0245011	135.2421419
722.1992188	129.4963248
722.373938	130.7296571
722.5486589	124.2182481
722.7233813	120.0754925
722.8981053	116.373645
723.0728309	125.0535647
723.2475581	126.061703
723.4222869	128.392409
723.5970172	126.3786127
723.7717492	121.0987864
723.9464827	115.5682413
724.1212178	129.5104156
724.2959545	107.7015936
724.4706927	109.4229526
724.6454326	104.5564598
724.820174	123.2185146
724.994917	118.896996
725.1696616	115.1517881
725.3444078	108.5192815
725.5191555	113.3342975
725.6939048	108.4911049
725.8686558	115.6101186
726.0434083	113.768816
726.2181623	111.4770888
726.392918	117.5444774
726.5676753	102.9892376
726.7424341	110.1467
726.9171945	118.304866
727.0919565	111.4058879
727.2667201	101.5481265
727.4414852	107.531617
727.616252	95.91170041
727.7910203	109.8045612
727.9657902	113.4945812
728.1405617	119.7015049
728.3153348	110.6385029
728.4901094	103.228281
728.6648857	109.116403
728.8396635	105.8634353
729.0144429	97.66036477
729.1892239	104.4228304
729.3640064	112.2064998
729.5387906	102.1771143
729.7135763	102.8287904
729.8883636	96.74805086
730.0631525	95.89704136
730.237943	92.67951808
730.412735	99.82847274
730.5875287	100.5730908
730.7623239	86.31786799
730.9371207	92.58700139
731.1119191	101.7172194
731.2867191	84.40271388
731.4615206	89.28462149
731.6363238	87.79235449
731.8111285	87.71421261
731.9859348	87.25422953
732.1607427	92.92697644
732.3355521	103.8406391
732.5103632	89.81040667
732.6851758	82.25612945
732.85999	78.76798031
733.0348058	81.28902887
733.2096232	82.80101346
733.3844421	80.65763748
733.5592627	81.78219887
733.7340848	70.87322811
733.9089085	91.48811426
734.0837338	83.03448206
734.2585607	80.938099
734.4333891	73.28155433
734.6082192	64.42476952
734.7830508	78.6459897
734.957884	92.49258118
735.1327188	69.0972346
735.3075551	69.80646742
735.4823931	77.17525847
735.6572326	57.4468284
735.8320737	56.72010414
736.0069164	64.47980921
736.1817607	64.87625331
736.3566065	78.48885961
736.531454	73.58295922
736.706303	89.87505606
736.8811536	81.2848598
737.0560058	84.78102178
737.2308596	66.84123823
737.4057149	70.52286575
737.5805718	66.05736192
737.7554304	71.66791342
737.9302905	70.00054918
738.1051521	75.25317365
738.2800154	78.1182648
738.4548803	75.44149521
738.6297467	60.03764227
738.8046147	64.94232941
738.9794843	67.51086914
739.1543555	70.11699926
739.3292282	74.3844692
739.5041026	76.10260643
739.6789785	74.45968554
739.853856	71.78814937
740.0287351	68.79003672
740.2036158	59.97762067
740.378498	53.74221089
740.5533818	77.22278916
740.7282673	72.39114342
740.9031543	70.73565184
741.0780428	61.16341884
741.252933	70.81738276
741.4278247	72.09353091
741.6027181	69.10299566
741.777613	57.71486611
741.9525095	63.78289577
742.1274076	62.96062823
742.3023072	57.85327902
742.4772084	60.25616759
742.6521113	67.80019601
742.8270157	59.09828929
743.0019217	54.71537942
743.1768292	67.36500342
743.3517384	56.13308469
743.5266491	69.99832707
743.7015614	56.66148105
743.8764753	52.26404018
744.0513908	56.17475701
744.2263079	58.64074963
744.4012265	72.59655559
744.5761468	52.07253499
744.7510686	61.85852626
744.925992	47.20566909
745.1009169	50.78189695
745.2758435	48.74475144
745.4507716	64.40762503
745.6257013	53.00013527
745.8006327	65.68304134
745.9755655	61.02331352
746.1505	57.27091989
746.3254361	42.76715804
746.5003737	42.84913365
746.6753129	55.80730815
746.8502537	52.59102615
747.0251961	42.3585351
747.2001401	46.92194812
747.3750856	44.11543291
747.5500327	61.0756496
747.7249814	36.40923581
747.8999317	40.66720246
748.0748836	54.05129709
748.2498371	46.34057956
748.4247921	36.97715343
748.5997487	46.09958269
748.7747069	47.00143324
748.9496667	53.14460554
749.1246281	43.90649029
749.299591	51.05590789
749.4745556	50.90842948
749.6495217	47.85873877
749.8244894	40.49763706
749.9994587	38.71717971
750.1744295	45.4302035
750.349402	40.12040357
750.524376	44.15877176
750.6993516	49.15377701
750.8743288	31.78711791
751.0493076	38.87582521
751.2242879	38.48592405
751.3992699	63.47165705
751.5742534	46.59025676
751.7492385	32.01891393
751.9242252	44.24470531
752.0992134	44.22091726
752.2742033	45.19451161
752.4491947	57.44432523
752.6241877	35.29058171
752.7991823	45.61627895
752.9741785	45.58020516
753.1491763	43.373884
753.3241756	35.20677583
753.4991766	37.80665225
753.6741791	41.29545127
753.8491832	49.17282486
754.0241888	45.20021155
754.1991961	30.54650554
754.3742049	53.38433204
754.5492153	33.73672211
754.7242274	36.22952888
754.8992409	31.77921536
755.0742561	38.96788401
755.2492729	27.58165711
755.4242912	47.46364447
755.5993111	46.48313431
755.7743326	30.78787851
755.9493557	40.42511879
756.1243803	31.17991767
756.2994066	41.38817202
756.4744344	27.04864308
756.6494638	35.40651591
756.8244948	31.99681255
756.9995274	39.8496666
757.1745615	37.13173271
757.3495973	48.629612
757.5246346	40.6736179
757.6996735	36.09134691
757.874714	50.87237
758.0497561	31.40174469
758.2247997	32.80229625
758.3998449	22.679406
758.5748918	25.40588451
758.7499402	36.84798389
758.9249901	23.46736687
759.1000417	41.55332426
759.2750948	40.5135383
759.4501496	36.5649507
759.6252059	46.40808237
759.8002638	25.46500911
759.9753232	34.39918561
760.1503843	39.6573713
760.3254469	40.76558933
760.5005112	47.33014984
760.675577	40.20588785
760.8506443	30.70483472
761.0257133	31.40441533
761.2007839	34.30138412
761.375856	32.34076235
761.5509297	19.39848428
761.726005	40.21280519
761.9010819	25.29223273
762.0761603	18.55683697
762.2512404	39.01404883
762.426322	22.09842209
762.6014052	20.38143845
762.77649	10.74190774
762.9515764	21.30969631
763.1266643	24.85309128
763.3017539	26.76498035
763.476845	33.18081992
763.6519377	25.18586873
763.827032	32.48297447
764.0021278	35.9948967
764.1772253	26.40803238
764.3523243	17.46406757
764.5274249	26.29708404
764.7025271	20.26717938
764.8776309	22.000415
765.0527363	28.54931761
765.2278432	16.77601011
765.4029517	35.06216895
765.5780619	10.09473142
765.7531735	25.80738298
765.9282868	20.9120358
766.1034017	27.24098716
766.2785181	17.17136688
766.4536361	34.76353079
766.6287557	10.77969881
766.8038769	24.47332019
766.9789997	8.326475402
767.154124	25.8249411
767.32925	19.60345746
767.5043775	21.99292428
767.6795066	28.11226518
767.8546373	25.30860437
768.0297695	39.57797742
768.2049034	41.0904057
768.3800388	17.42989325
768.5551758	11.28550542
768.7303144	8.152956111
768.9054546	25.15157872
769.0805963	32.67854186
769.2557396	32.38042766
769.4308846	20.75845076
769.6060311	14.10137943
769.7811791	26.76506293
769.9563288	17.32491345
770.1314801	8.910375363
770.3066329	20.06807969
770.4817873	22.84864468
770.6569433	37.19839923
770.8321009	21.63867713
771.00726	28.74607271
771.1824208	28.95807861
771.3575831	26.94564714
771.532747	6.239106787
771.7079125	22.46416378
771.8830796	25.31459257
772.0582482	28.82269468
772.2334185	26.80020024
772.4085903	22.54616877
772.5837637	28.37264785
772.7589387	42.84537265
772.9341152	19.00898664
773.1092934	19.50659714
773.2844731	16.13600636
773.4596544	14.06311056
773.6348373	36.09016157
773.8100218	16.70860194
773.9852079	20.69889055
774.1603955	16.85620334
774.3355847	20.7211847
774.5107755	30.33368215
774.6859679	26.23514136
774.8611619	36.88445849
775.0363575	18.31964454
775.2115546	30.0888999
775.3867533	16.33908242
775.5619536	12.14461594
775.7371555	3.268950065
775.912359	23.03975737
776.087564	15.25839761
776.2627706	21.49353158
776.4379789	16.34937574
776.6131886	19.33239209
776.7884	28.9896272
776.963613	36.85601242
777.1388275	8.574921654
777.3140436	10.99446594
777.4892614	13.2759782
777.6644806	23.8094511
777.8397015	14.4873357
778.014924	24.5869516
778.190148	30.76991067
778.3653736	10.24705288
778.5406008	28.77169289
778.7158296	18.12821498
778.89106	19.69435233
779.0662919	26.73715857
779.2415255	14.60406275
779.4167606	10.32553123
779.5919973	26.3686854
779.7672355	23.20976503
779.9424754	24.24366696
780.1177168	45.08849192
780.2929599	10.52855212
780.4682045	31.17977132
780.6434507	16.60209691
780.8186984	29.90212722
780.9939478	11.12781464
781.1691987	36.7522229
781.3444512	47.55208961
781.5197053	23.93878785
781.694961	18.82788806
781.8702183	25.61943436
782.0454771	9.400038581
782.2207376	16.12532641
782.3959996	16.42579911
782.5712632	10.19411126
782.7465283	6.224194793
782.9217951	19.87613344
783.0970634	16.11179141
783.2723334	17.96429145
783.4476049	18.37092317
783.622878	12.37858904
783.7981526	32.6992829
783.9734289	23.13048404
784.1487067	35.01878572
784.3239861	17.65083701
784.4992671	19.5890486
784.6745497	16.04245628
784.8498339	28.02052856
785.0251196	35.66428038
785.200407	25.54344131
785.3756959	20.49301094
785.5509864	11.84681826
785.7262784	22.30272894
785.9015721	0
786.0768673	31.51991195
786.2521642	12.11580615
786.4274626	7.494278812
786.6027626	9.318067973
786.7780641	12.38574442
786.9533673	18.54521682
787.128672	14.3618537
787.3039783	20.90430722
787.4792862	32.31605804
787.6545957	9.085095539
787.8299068	33.43348
788.0052194	16.03400729
788.1805337	13.14231944
788.3558495	19.58471123
788.5311669	19.74196344
788.7064858	0.395812964
788.8818064	11.91100796
789.0571285	8.013206973
789.2324523	8.442708973
789.4077776	21.03416354
789.5831045	23.36733583
789.7584329	21.34300634
789.933763	12.5742693
790.1090946	33.96977917
790.2844278	19.86571524
790.4597626	17.32253666
790.635099	19.17746565
790.810437	12.42483334
790.9857765	8.902091759
791.1611176	23.95692746
791.3364604	35.76179929
791.5118047	31.32006206
791.6871505	6.565630876
791.862498	10.30296631
792.037847	17.14420452
792.2131976	9.993948729
792.3885499	7.102184514
792.5639036	14.5816181
792.739259	16.18366935
792.914616	14.63575141
793.0899745	10.38541845
793.2653346	0.48250292
793.4406963	12.03823541
793.6160596	34.21187014
793.7914245	0.440326702
793.9667909	18.82211824
794.1421589	5.698016752
794.3175285	19.30717743
794.4928997	21.72328447
794.6682725	25.4132756
794.8436469	22.65558248
795.0190228	9.774778168
795.1944003	15.79679805
795.3697794	0
795.5451601	0
795.7205424	17.416311
795.8959262	15.1132838
796.0713117	29.11198318
796.2466987	0.033186171
796.4220873	15.94868612
796.5974775	28.46734062
796.7728692	2.112627723
796.9482626	23.52388756
797.1236575	19.81750831
797.299054	5.430514482
797.4744521	15.54316048
797.6498518	20.92218171
797.825253	22.79533955
798.0006559	0.493853628
798.1760603	10.51750044
798.3514663	22.30309838
798.5268739	0
798.7022831	8.604628597
798.8776938	37.39189761
799.0531062	17.08461913
799.2285201	20.88443226
799.4039356	27.9993858
799.5793526	16.6211095
799.7547713	0
799.9301916	0.292209111
800.1056134	22.50256037
800.2810368	12.50800039
800.4564618	4.369815308
800.6318884	0
800.8073165	0
800.9827463	4.760274081
801.1581776	34.00233098
801.3336105	0
801.509045	2.777696261
801.684481	16.59752068
801.8599187	17.60231088
802.0353579	3.881119417
802.2107987	11.57874837
802.3862411	22.36238408
802.5616851	8.881436305
802.7371307	14.41776044
802.9125778	42.01247996
803.0880266	0
803.2634769	27.59923899
803.4389288	10.37540515
803.6143822	0
803.7898373	7.734321315
803.9652939	21.90445003
804.1407521	24.61158279
804.3162119	25.47371905
804.4916733	0
804.6671363	20.73138996
804.8426009	6.65866426
805.018067	17.91590744
805.1935347	4.580108723
805.369004	6.97378131
805.5444749	7.627514253
805.7199473	9.216401905
805.8954214	29.71530563
806.070897	0
806.2463742	5.083198419
806.421853	15.31868366
806.5973334	0.649668688
806.7728153	0
806.9482989	12.95888561
807.123784	42.27199394
807.2992707	34.69938328
807.474759	9.898339792
807.6502489	0
807.8257403	7.4927288
808.0012333	14.76316406
808.176728	38.38891461
808.3522242	27.93093445
808.5277219	8.697219085
808.7032213	5.133287076
808.8787222	13.41093753
809.0542248	7.984185088
809.2297289	40.34879633
809.4052346	0
809.5807418	10.84059388
809.7562507	0
809.9317611	26.96875237
810.1072732	19.34607049
810.2827868	25.73051945
810.4583019	0
810.6338187	19.86538338
810.8093371	17.85645973
810.984857	29.40018197
811.1603785	15.29578926
811.3359016	14.1454131
811.5114263	0
811.6869525	23.69190367
811.8624804	11.48842532
812.0380098	8.791797358
812.2135408	27.45103061
812.3890734	7.372454595
812.5646076	22.9115789
812.7401433	3.476904681
812.9156807	0.869167152
813.0912196	7.606719953
813.2667601	0
813.4423022	25.7737679
813.6178459	17.66999418
813.7933911	0
813.9689379	25.51759087
814.1444864	28.66507298
814.3200364	10.66645866
814.4955879	3.727581323
814.6711411	8.318369561
814.8466958	0
815.0222522	6.144579428
815.1978101	9.41315381
815.3733696	17.176025
815.5489306	12.83898039
815.7244933	3.151370483
815.9000575	9.315190366
816.0756233	0
816.2511907	11.59769371
816.4267597	16.78934728
816.6023303	31.14264103
816.7779025	45.54826731
816.9534762	0
817.1290515	0
817.3046284	0
817.4802069	10.46801635
817.6557869	35.02792831
817.8313686	0
818.0069518	26.71563469
818.1825366	0.885649902
818.358123	28.59723505
818.533711	0
818.7093005	31.66824675
818.8848917	0
819.0604844	30.80201837
819.2360787	6.033867846
819.4116746	16.19567232
819.587272	0
819.7628711	24.09155103
819.9384717	0
820.1140739	17.92491063
820.2896777	13.34971889
820.4652831	11.55429743
820.6408901	0
820.8164986	0
820.9921087	8.643878622
821.1677204	0
821.3433337	6.382280714
821.5189486	0
821.6945651	22.48351072
821.8701831	27.80428212
822.0458027	2.773152369
822.2214239	0
822.3970467	16.86593573
822.5726711	26.70720594
822.748297	15.26266951
822.9239245	4.446162095
823.0995537	30.45496263
823.2751844	45.16200206
823.4508166	0
823.6264505	29.96571478
823.8020859	0
823.977723	2.094109003
824.1533616	18.02368173
824.3290018	9.786287426
824.5046435	0
824.6802869	17.82983772
824.8559318	42.44727524
825.0315783	26.56889022
825.2072264	3.377335395
825.3828761	23.51985752
825.5585274	34.79652536
825.7341802	34.59353484
825.9098347	0
826.0854907	0.0112962
826.2611483	2.441519806
826.4368075	0.39719712
826.6124682	0
826.7881306	12.14531441
826.9637945	33.81924776
827.13946	10.189454
827.3151271	41.45571068
827.4907958	23.59106425
827.666466	0.046542693
827.8421378	13.30816536
828.0178113	0
828.1934863	8.936141411
828.3691628	17.52823938
828.544841	16.71115727
828.7205208	0
828.8962021	12.14808216
829.071885	22.17649086
829.2475695	18.87361528
829.4232556	17.26844269
829.5989432	20.0839914
829.7746325	31.06961619
829.9503233	33.88755089
830.1260157	32.70566305
830.3017097	6.737465523
830.4774053	0
830.6531024	38.73703457
830.8288012	4.184296207
831.0045015	5.385887058
831.1802034	7.361574807
831.3559069	0
831.5316119	16.2136248
831.7073186	17.41990092
831.8830268	5.795270367
832.0587366	0
832.234448	0
832.410161	56.33327112
832.5858755	16.88518729
832.7615917	11.79865586
832.9373094	35.65422609
833.1130287	1.15562849
833.2887496	11.0890428
833.4644721	18.58426977
833.6401961	15.74579373
833.8159218	0
833.991649	0
834.1673778	19.20761041
834.3431082	38.39802958
834.5188401	6.792135001
834.6945737	0
834.8703088	33.01484503
835.0460455	0
835.2217838	13.42865221
835.3975237	9.39169458
835.5732652	8.593356392
835.7490082	0
835.9247528	50.13999437
836.100499	15.49085679
836.2762468	34.42572305
836.4519962	10.94423605
836.6277471	31.73396577
836.8034997	0
836.9792538	62.59996539
837.1550095	0
837.3307668	32.36943809
837.5065256	0.725230583
837.6822861	53.61749106
837.8580481	32.5523137
838.0338117	15.90990019
838.2095769	6.841349466
838.3853437	32.66370311
838.5611121	0
838.736882	13.25540679
838.9126535	37.72314062
839.0884266	0.100251739
839.2642013	35.86362205
839.4399776	45.14981634
839.6157554	0
839.7915349	7.22072881
839.9673159	0
840.1430985	1.647151209
840.3188827	7.369185192
840.4946684	12.91652573
840.6704558	15.57298207
840.8462447	43.24800402
841.0220352	61.46668276
841.1978273	17.27974235
841.373621	4.433966844
841.5494162	33.2322798
841.7252131	6.21326862
841.9010115	25.20647416
842.0768115	0
842.2526131	21.03359667
842.4284163	0
842.604221	19.21509821
842.7800274	0
842.9558353	6.157609036
843.1316448	6.258094971
843.3074559	5.841840506
843.4832685	9.136434905
843.6590828	35.79228187
843.8348986	0
844.010716	30.39031058
844.186535	9.274206893
844.3623556	24.05604801
844.5381777	0
844.7140015	46.05110519
844.8898268	36.61060899
845.0656537	38.58660409
845.2414822	38.00403574
845.4173123	47.1623625
845.5931439	15.97794935
845.7689771	16.19526057
845.944812	0
846.1206484	45.94194774
846.2964863	22.95442259
846.4723259	39.79062022
846.6481671	18.88915637
846.8240098	26.89472119
846.9998541	20.74747639
847.1757	0
847.3515475	0
847.5273965	23.76951283
847.7032472	36.44451048
847.8790994	31.09188697
848.0549532	23.51033449
848.2308086	44.02902669
848.4066655	34.03601561
848.5825241	9.769255801
848.7583842	10.78742709
848.9342459	9.513135148
849.1101092	9.606285728
849.2859741	67.74055658
849.4618406	0
849.6377086	31.14310316
849.8135783	0
849.9894495	39.20689216
850.1653223	32.28378698
850.3411966	40.31376938
850.5170726	0
850.6929501	0
850.8688293	56.51137473
851.04471	43.1107262
851.2205922	31.92956455
851.3964761	66.67411706
851.5723616	0
851.7482486	35.98282404
851.9241372	5.971009527
852.1000274	63.19033841
852.2759192	29.4381836
852.4518126	28.95054853
852.6277075	27.71268782
852.803604	19.54900247
852.9795021	59.20358312
853.1554018	15.00935466
853.3313031	17.58425139
853.507206	11.47755453
853.6831104	6.624780664
853.8590164	0
854.034924	34.51681571
854.2108332	4.50224795
854.386744	10.31204231
854.5626563	25.35350065
854.7385703	30.67391186
854.9144858	17.32858891
855.0904029	0
855.2663216	36.88220154
855.4422418	33.93547463
855.6181637	56.87624217
855.7940871	0
855.9700121	24.20595736
856.1459387	0
856.3218669	11.335915
856.4977966	0
856.673728	0
856.8496609	33.45570904
857.0255954	23.94700045
857.2015315	15.8200921
857.3774691	0
857.5534084	13.46938966
857.7293492	17.45883839
857.9052916	38.4359854
858.0812356	36.14938123
858.2571812	0
858.4331284	0.6302327
858.6090771	15.21597132
858.7850275	21.57750725
858.9609794	42.6887296
859.1369329	13.67855999
859.3128879	15.52791963
859.4888446	33.22036557
859.6648028	0
859.8407626	53.78605301
860.0167241	37.02752061
860.192687	25.94850432
860.3686516	52.3686822
860.5446178	18.97933065
860.7205855	36.95170997
860.8965548	29.59967891
861.0725257	44.58976822
861.2484982	34.64853027
861.4244722	0
861.6004479	20.04455889
861.7764251	68.61444791
861.9524039	24.96308812
862.1283843	0
862.3043663	42.99059799
862.4803498	2.3015809
862.656335	74.59331273
862.8323217	33.20047883
863.00831	10.53190599
863.1842999	39.39582195
863.3602914	33.23044856
863.5362844	29.34738679
863.712279	21.32347423
863.8882753	0
864.0642731	43.55446037
864.2402724	19.90367213
864.4162734	69.42475756
864.5922759	39.01250411
864.7682801	59.48412962
864.9442858	20.79513912
865.1202931	60.70877705
865.2963019	4.457708393
865.4723124	45.20319463
865.6483244	45.57086703
865.824338	11.52009956
866.0003533	29.61647088
866.17637	0
866.3523884	56.64260786
866.5284084	33.14991203
866.7044299	41.62562836
866.880453	7.428442251
867.0564777	29.11414813
867.232504	40.80165336
867.4085318	33.98060095
867.5845613	6.019539303
867.7605923	10.54673315
867.9366249	55.63375242
868.1126591	0
868.2886949	41.11838966
868.4647322	0
868.6407712	29.98832302
868.8168117	19.3851498
868.9928538	0
869.1688975	0
869.3449427	87.42486963
869.5209896	38.23096439
869.697038	32.29057557
869.873088	39.6240989
870.0491396	38.1884985
870.2251928	24.50971267
870.4012476	43.08107153
870.5773039	56.36953713
870.7533618	65.41752755
870.9294214	37.04496499
871.1054824	40.91917633
871.2815451	3.2297536
871.4576094	57.96367653
871.6336752	48.60532051
871.8097426	0
871.9858116	47.21530237
872.1618822	56.46756472
872.3379544	45.98099248
872.5140281	44.67319136
872.6901035	0
872.8661804	54.77032085
873.0422589	59.08823885
873.2183389	93.1628416
873.3944206	0
873.5705039	0
873.7465887	0
873.9226751	35.96682714
874.0987631	0
874.2748526	64.4599049
874.4509438	7.981951831
874.6270365	23.51746519
874.8031309	81.76289537
874.9792268	34.49509551
875.1553242	13.64708025
875.3314233	68.0346457
875.507524	40.11188705
875.6836262	33.39477845
875.85973	0
876.0358354	88.94183198
876.2119424	15.65861355
876.3880509	79.85585049
876.5641611	0
876.7402728	20.33515536
876.9163861	0
877.092501	81.25767126
877.2686175	45.39403705
877.4447355	0
877.6208552	26.91954814
877.7969764	54.26623758
877.9730992	0
878.1492236	30.18613943
878.3253495	24.69336577
878.5014771	84.12500362
878.6776062	29.74525801
878.8537369	55.32113918
879.0298692	0
879.2060031	0
879.3821386	48.91997878
879.5582756	30.75446614
879.7344142	63.11739319
879.9105544	69.62922381
880.0866962	72.16493614
880.2628396	21.72686522
880.4389845	20.85819751
880.6151311	38.41998194
880.7912792	26.23164206
880.9674289	3.291711345
881.1435802	41.92527283
881.3197331	131.0594907
881.4958875	43.15169219
881.6720435	67.96055299
881.8482011	66.63466466
882.0243603	82.94326757
882.2005211	102.5130458
882.3766835	66.3172206
882.5528474	0
882.7290129	41.12526416
882.90518	29.92713536
883.0813487	114.4192745
883.257519	19.47500364
883.4336909	0
883.6098643	78.50040522
883.7860393	0
883.9622159	51.6472307
884.1383941	38.44974897
884.3145739	56.26204923
884.4907552	4.300708059
884.6669381	30.05915004
884.8431227	106.2092768
885.0193087	69.96912876
885.1954964	5.415280125
885.3716857	49.5123279
885.5478765	91.70302714
885.724069	128.9027344
885.900263	47.83398791
886.0764585	23.92866638
886.2526557	76.96368556
886.4288545	56.64427591
886.6050548	70.0177219
886.7812567	22.65201584
886.9574602	105.225199
887.1336653	48.18631359
887.309872	48.54417698
887.4860802	90.60729492
887.66229	104.3371767
887.8385015	79.26872763
888.0147145	143.8874159
888.190929	96.05458499
888.3671452	88.45408799
888.5433629	34.653019
888.7195823	117.2672993
888.8958032	50.2736519
889.0720256	66.92811189
889.2482497	69.73546475
889.4244754	0
889.6007026	53.05165317
889.7769314	113.8308916
889.9531618	116.5960037
890.1293938	113.999129
890.3056274	56.04504236
890.4818625	134.7546756
890.6580992	172.1092396
890.8343376	11.45659766
891.0105775	112.4042729
891.1868189	58.43411014
891.363062	110.5585256
891.5393066	75.71595804
891.7155529	138.6017271
891.8918007	52.2157927
892.06805	16.91894986
892.244301	105.815753
892.4205536	58.54418977
892.5968077	114.9391425
892.7730634	113.0943844
892.9493207	143.4356854
893.1255796	44.64536273
893.3018401	111.2634461
893.4781021	135.7013956
893.6543657	39.16583478
893.830631	132.2379246
894.0068977	50.91980832
894.1831661	86.76788326
894.3594361	71.9641187
894.5357076	60.52438415
894.7119807	83.24348982
894.8882555	78.77344488
895.0645317	74.76302063
895.2408096	21.21686827
895.4170891	85.27417009
895.5933701	137.9313662
895.7696527	174.5413084
895.9459369	99.86365078
896.1222227	167.1887585
896.2985101	113.5209522
896.474799	147.7348704
896.6510895	187.3342227
896.8273816	127.5986856
897.0036753	119.5143979
897.1799706	88.57599743
897.3562675	17.5776155
897.5325659	165.9498881
897.7088659	109.2991732
897.8851675	253.0254781
898.0614707	91.81202186
898.2377755	114.309041
898.4140818	69.39656467
898.5903898	154.2142543
898.7666993	169.3636187
898.9430104	135.8782603
899.1193231	162.7191361
899.2956373	83.34529108
899.4719532	46.37127793
899.6482706	167.1342742
899.8245896	163.2788094
