360.1506696	27.99224927
360.3220786	0
360.4934893	7.333610117
360.6649015	19.23704229
360.8363152	32.30745696
361.0077306	0
361.1791475	17.89209319
361.3505661	0
361.5219862	35.08670319
361.6934079	25.46394825
361.8648311	8.625084749
362.036256	7.514180525
362.2076824	0
362.3791104	46.75994563
362.55054	37.25788212
362.7219712	49.94250351
362.893404	0
363.0648383	0
363.2362743	0
363.4077118	25.01310639
363.5791509	47.49754554
363.7505915	11.57502784
363.9220338	43.28903174
364.0934776	32.24380448
364.2649231	0
364.4363701	52.8897824
364.6078187	0
364.7792688	58.8080508
364.9507206	6.13743764
365.1221739	35.54338376
365.2936288	29.40366281
365.4650853	23.83340409
365.6365434	0
365.8080031	6.738245532
365.9794643	0
366.1509272	0
366.3223916	0
366.4938576	0
366.6653252	25.19834152
366.8367943	74.89537824
367.0082651	0
367.1797374	24.45477068
367.3512113	31.15188701
367.5226868	20.32745559
367.6941638	37.15420029
367.8656425	17.32257951
368.0371227	34.21500108
368.2086046	8.16036584
368.380088	0
368.5515729	0
368.7230595	8.247788105
368.8945477	29.75717889
369.0660374	0
369.2375287	30.81836295
369.4090216	17.68048451
369.5805161	36.8529458
369.7520121	0
369.9235098	30.8204543
370.095009	105.7978961
370.2665098	32.73487107
370.4380122	91.63188948
370.6095162	0
370.7810217	53.32652052
370.9525288	41.00422084
371.1240376	0
371.2955479	0
371.4670597	3.234415418
371.6385732	128.6671486
371.8100883	9.091144219
371.9816049	27.68898987
372.1531231	0
372.3246429	0
372.4961643	1.037545212
372.6676872	0
372.8392118	15.24930259
373.0107379	13.5721901
373.1822656	9.315591535
373.3537949	2.766644534
373.5253257	0
373.6968582	20.76210874
373.8683922	0
374.0399279	21.24697863
374.2114651	0
374.3830038	47.62649589
374.5545442	2.677527895
374.7260861	16.4118033
374.8976297	3.857445782
375.0691748	48.43447836
375.2407215	60.30490394
375.4122698	0
375.5838196	30.30032097
375.7553711	98.38412251
375.9269241	27.71547644
376.0984787	0
376.2700349	0
376.4415926	51.34737865
376.613152	18.03273424
376.7847129	67.48490584
376.9562754	0
377.1278395	7.927824904
377.2994052	34.85485301
377.4709725	52.41914534
377.6425413	0
377.8141118	23.17206438
377.9856838	7.097403512
378.1572574	54.37987719
378.3288325	0.047451057
378.5004093	65.95704612
378.6719876	30.1095243
378.8435676	0
379.0151491	64.39701597
379.1867322	58.1485469
379.3583168	43.5062886
379.5299031	6.149901491
379.7014909	29.89950724
379.8730803	0
380.0446713	48.40606827
380.2162639	21.883548
380.3878581	38.84669367
380.5594538	74.34894772
380.7310511	86.13651378
380.9026501	33.80381855
381.0742506	53.05501864
381.2458526	0
381.4174563	0
381.5890615	0
381.7606683	25.2499848
381.9322768	0
382.1038867	0
382.2754983	2.727304277
382.4471115	64.82519437
382.6187262	0
382.7903425	0
382.9619604	7.11550278
383.1335799	0
383.305201	13.27280084
383.4768236	0
383.6484478	70.4213585
383.8200736	75.30934359
383.991701	24.45798251
384.16333	0
384.3349606	15.35196751
384.5065927	0
384.6782264	8.522243265
384.8498617	0
385.0214986	3.463277031
385.1931371	84.74789795
385.3647771	58.23561052
385.5364188	83.07692599
385.708062	0
385.8797068	23.85959001
386.0513532	163.9346411
386.2230011	0
386.3946507	99.52645151
386.5663018	20.32684526
386.7379545	154.9655896
386.9096088	13.10167747
387.0812647	76.48942839
387.2529221	0
387.4245812	0
387.5962418	0
387.767904	45.48838595
387.9395678	0
388.1112332	43.17621298
388.2829001	0
388.4545686	0
388.6262388	0
388.7979105	7.492105035
388.9695837	0
389.1412586	35.72564243
389.312935	18.15004424
389.4846131	0
389.6562927	34.84387911
389.8279739	33.86083013
389.9996566	0.414804766
390.171341	29.29660947
390.3430269	33.10475292
390.5147145	0
390.6864036	0
390.8580942	28.75032176
391.0297865	36.52260607
391.2014804	97.22707898
391.3731758	25.73458475
391.5448728	0
391.7165714	129.2225269
391.8882716	0
392.0599734	52.34162958
392.2316767	34.99359259
392.4033816	1.009429358
392.5750881	0
392.7467962	35.01095066
392.9185059	11.63979721
393.0902172	75.76930097
393.26193	97.50877056
393.4336444	14.3807238
393.6053604	37.10081698
393.777078	11.50972684
393.9487972	0
394.1205179	0
394.2922403	28.39750854
394.4639642	32.81991791
394.6356897	62.63692058
394.8074167	0
394.9791454	55.83817621
395.1508757	0
395.3226075	53.5920184
395.4943409	0
395.6660759	64.4146832
395.8378125	0
396.0095506	72.20206902
396.1812903	0
396.3530317	0
396.5247746	0
396.6965191	0
396.8682651	3.965682747
397.0400128	5.372992816
397.211762	19.8601174
397.3835128	14.39996463
397.5552652	12.17739818
397.7270192	26.56340863
397.8987748	0
398.0705319	76.42264684
398.2422906	0
398.4140509	55.0597657
398.5858128	39.8038472
398.7575763	0
398.9293414	48.00109531
399.101108	6.631952866
399.2728762	29.28621504
399.444646	18.9455007
399.6164174	69.05276953
399.7881904	36.76939629
399.9599649	0
400.1317411	3.037405105
400.3035188	0
400.4752981	47.43695407
400.6470789	41.15451091
400.8188614	48.83910931
400.9906454	53.17171601
401.1624311	33.82345238
401.3342183	24.16478087
401.5060071	24.39632316
401.6777974	2.382828706
401.8495894	0
402.0213829	25.93700159
402.1931781	58.97755385
402.3649748	48.49526504
402.536773	19.35767507
402.7085729	16.94559199
402.8803744	31.21120244
403.0521774	11.29846827
403.223982	34.15685133
403.3957882	0
403.567596	91.45114994
403.7394053	33.19455157
403.9112163	19.09720634
404.0830288	0
404.2548429	54.74736663
404.4266586	0
404.5984759	49.78831886
404.7702947	38.48881183
404.9421152	8.259736617
405.1139372	0.295704041
405.2857608	57.22692133
405.457586	0
405.6294127	0
405.8012411	53.31514727
405.973071	0
406.1449025	0
406.3167356	33.48783449
406.4885703	27.87524414
406.6604066	11.55683332
406.8322444	34.23295163
407.0040838	27.70765858
407.1759249	47.00895837
407.3477674	14.13692292
407.5196116	0
407.6914574	55.69587056
407.8633047	44.88805681
408.0351536	39.66577476
408.2070041	53.54098863
408.3788562	0
408.5507099	38.793376
408.7225651	56.9081895
408.894422	20.38541218
409.0662804	51.88153127
409.2381404	0
409.4100019	13.60909303
409.5818651	26.77147491
409.7537298	45.83236991
409.9255962	40.24083807
410.0974641	47.06952754
410.2693336	33.88406661
410.4412046	0
410.6130773	0
410.7849515	41.69038124
410.9568274	89.95588322
411.1287048	63.53493214
411.3005837	42.18266693
411.4724643	60.58487547
411.6443464	0
411.8162302	61.69176688
411.9881155	105.825308
412.1600024	0
412.3318909	23.42413626
412.5037809	33.864715
412.6756726	6.842794015
412.8475658	38.65218236
413.0194606	55.44943565
413.191357	100.168607
413.363255	33.2734339
413.5351545	76.05273303
413.7070557	68.38068245
413.8789584	26.96282015
414.0508627	58.5216814
414.2227686	35.73946765
414.394676	27.79627126
414.5665851	84.14181124
414.7384957	118.0576794
414.9104079	29.18432218
415.0823217	18.65674851
415.2542371	52.69674656
415.426154	52.34892049
415.5980726	76.40836872
415.7699927	78.89652321
415.9419144	98.57705084
416.1138377	83.12744539
416.2857626	44.94543324
416.457689	98.67706009
416.6296171	119.6254108
416.8015467	55.66995341
416.9734779	51.33592896
417.1454107	27.23864071
417.317345	125.6294791
417.489281	68.50489459
417.6612185	83.92413854
417.8331576	90.76526783
418.0050983	54.12358295
418.1770406	130.2175477
418.3489845	34.98244694
418.5209299	125.2385886
418.6928769	152.2146761
418.8648255	99.3322362
419.0367757	134.7265099
419.2087275	140.0587203
419.3806808	140.0402664
419.5526358	89.65199132
419.7245923	104.5287313
419.8965504	124.5594745
420.0685101	95.36816495
420.2404713	129.0939157
420.4124342	148.3952888
420.5843986	159.2234849
420.7563646	203.2626128
420.9283322	196.1623162
421.1003014	131.9042945
421.2722722	152.5954696
421.4442445	176.7485136
421.6162184	107.7214848
421.7881939	227.32582
421.960171	203.9591231
422.1321497	234.2092207
422.3041299	181.0960766
422.4761118	241.2748676
422.6480952	171.1094571
422.8200802	194.9912241
422.9920668	221.7932879
423.1640549	190.8043715
423.3360447	212.335447
423.508036	192.6222804
423.6800289	246.3218334
423.8520234	252.7417311
424.0240195	243.8317016
424.1960172	242.063347
424.3680164	230.3541153
424.5400172	216.0305177
424.7120196	286.7824253
424.8840236	246.3096248
425.0560292	294.2722262
425.2280363	225.764894
425.4000451	295.5602637
425.5720554	292.9323052
425.7440673	344.9577514
425.9160808	295.2094927
426.0880958	340.9400886
426.2601125	302.3809131
426.4321307	342.5465057
426.6041505	318.2677111
426.7761719	323.5614588
426.9481949	395.3130168
427.1202194	426.1823889
427.2922456	406.0853469
427.4642733	333.8705082
427.6363026	428.7727268
427.8083335	399.2575443
427.980366	416.0810645
428.1524	426.2769635
428.3244357	460.6166082
428.4964729	538.2017416
428.6685117	460.5287411
428.8405521	502.4005041
429.012594	478.4551967
429.1846376	599.8914821
429.3566827	540.4278073
429.5287294	479.3202441
429.7007777	543.6940579
429.8728276	530.8498476
430.044879	558.8198739
430.2169321	587.3888132
430.3889867	634.3527655
430.5610429	625.4795839
430.7331007	676.7628728
430.9051601	589.8396214
431.077221	670.3645906
431.2492835	691.8375457
431.4213477	744.5041714
431.5934134	732.5325361
431.7654806	727.6735077
431.9375495	713.0702725
432.10962	760.0010888
432.281692	734.6668756
432.4537656	932.9906162
432.6258408	806.4157281
432.7979176	794.1212564
432.9699959	870.4156594
433.1420759	904.8359981
433.3141574	934.6408121
433.4862405	942.4876689
433.6583252	914.5294883
433.8304114	987.9581282
434.0024993	1027.687663
434.1745887	1051.931194
434.3466797	1008.988297
434.5187723	1047.163412
434.6908665	1064.527836
434.8629623	1079.236824
435.0350596	1195.930707
435.2071586	1195.467605
435.3792591	1234.957094
435.5513612	1295.12458
435.7234648	1255.036571
435.8955701	1287.374097
436.0676769	1262.058633
436.2397854	1357.746396
436.4118954	1342.653235
436.5840069	1403.519082
436.7561201	1311.081314
436.9282349	1571.56414
437.1003512	1499.891931
437.2724691	1493.201395
437.4445886	1531.701525
437.6167097	1534.407479
437.7888324	1547.276035
437.9609566	1509.380719
438.1330824	1618.618372
438.3052098	1674.071892
438.4773388	1672.848818
438.6494694	1731.270927
438.8216016	1945.375741
438.9937353	1820.617062
439.1658706	1868.361352
439.3380075	1856.068863
439.510146	1860.974271
439.6822861	2080.956263
439.8544277	1974.132575
440.026571	2038.761389
440.1987158	2086.563376
440.3708622	2167.176997
440.5430102	2311.719209
440.7151597	2338.160474
440.8873109	2348.290683
441.0594636	2248.745938
441.2316179	2407.34573
441.4037738	2399.054417
441.5759313	2501.000631
441.7480903	2545.654684
441.920251	2510.163622
442.0924132	2631.834235
442.264577	2688.943529
442.4367424	2616.208752
442.6089093	2726.967955
442.7810779	2815.993061
442.953248	2773.572708
443.1254197	2856.920689
443.297593	3121.230463
443.4697679	3140.959039
443.6419444	2911.528687
443.8141224	3221.459975
443.9863021	3314.335187
444.1584833	3381.312291
444.3306661	3472.77975
444.5028504	3584.036
444.6750364	3529.832367
444.8472239	3690.023782
445.019413	3680.677625
445.1916038	3479.733006
445.363796	3711.796307
445.5359899	3858.692343
445.7081854	4004.887254
445.8803824	4213.366176
446.052581	4464.907702
446.2247812	4359.197253
446.396983	4560.33559
446.5691863	4592.892094
446.7413913	4752.137615
446.9135978	4604.352507
447.0858059	4981.102159
447.2580156	4884.832174
447.4302269	4763.73114
447.6024397	5203.755741
447.7746542	5355.290206
447.9468702	5666.527795
448.1190878	5506.263936
448.291307	5833.375505
448.4635278	5932.855029
448.6357501	6050.427067
448.807974	6564.774086
448.9801996	6478.479826
449.1524266	6645.232838
449.3246553	6681.034244
449.4968856	7027.266322
449.6691174	7049.398799
449.8413509	7221.988862
450.0135859	7196.310975
450.1858225	7765.370403
450.3580606	7499.890439
450.5303004	7721.168645
450.7025417	8021.40014
450.8747846	8226.04174
451.0470291	8224.770348
451.2192752	8345.389529
451.3915229	8754.592365
451.5637722	8938.614962
451.736023	8617.431337
451.9082754	8897.542513
452.0805294	9076.398891
452.252785	9455.265977
452.4250421	9792.607087
452.5973009	9957.606446
452.7695612	9839.595827
452.9418231	9822.50213
453.1140866	9976.771392
453.2863517	10264.33449
453.4586183	10245.83185
453.6308866	10850.6076
453.8031564	10767.03584
453.9754278	10957.82492
454.1477008	10993.63975
454.3199753	11083.22948
454.4922515	10966.20735
454.6645292	11492.08219
454.8368085	11165.4891
455.0090894	11426.41274
455.1813719	11637.69929
455.353656	11243.65118
455.5259416	11391.35153
455.6982288	11636.01444
455.8705176	12192.58088
456.042808	11579.47833
456.2151	11989.46904
456.3873936	11510.01033
456.5596887	11520.28009
456.7319854	11484.10319
456.9042837	11575.09418
457.0765836	11660.17308
457.2488851	11601.65429
457.4211881	11260.06134
457.5934928	11218.81302
457.765799	10788.87514
457.9381068	10898.81414
458.1104161	10982.30404
458.2827271	10517.17193
458.4550396	10623.1047
458.6273538	10946.60006
458.7996695	10550.20994
458.9719868	10444.73663
459.1443056	10049.6941
459.3166261	10092.68332
459.4889481	10202.30687
459.6612718	9722.915874
459.833597	9962.657761
460.0059237	9565.715971
460.1782521	9540.413341
460.3505821	9276.740824
460.5229136	9600.882024
460.6952467	8705.914256
460.8675814	8934.804161
461.0399177	8734.745758
461.2122555	8664.912775
461.384595	8504.079405
461.556936	8407.862032
461.7292786	8323.658591
461.9016228	8147.495025
462.0739686	8147.5052
462.2463159	7834.326569
462.4186649	7827.753226
462.5910154	7678.399429
462.7633675	7484.80506
462.9357212	7509.935977
463.1080764	7569.035355
463.2804333	7155.286445
463.4527917	7174.609227
463.6251517	6987.60925
463.7975133	6999.941072
463.9698765	6979.92062
464.1422413	6812.557064
464.3146076	6832.851494
464.4869755	6698.132789
464.659345	6850.730916
464.8317161	6615.831571
465.0040888	6421.566509
465.176463	6642.695535
465.3488389	6302.849623
465.5212163	6500.590517
465.6935953	6410.52131
465.8659759	6286.194694
466.038358	6354.515982
466.2107418	6251.757487
466.3831271	6154.710625
466.555514	5965.151464
466.7279025	6374.005966
466.9002926	6062.249302
467.0726843	6336.040468
467.2450775	5945.611381
467.4174723	6104.501325
467.5898687	6081.547169
467.7622667	6126.08625
467.9346663	5972.92773
468.1070675	6004.278027
468.2794702	5986.93891
468.4518745	5943.157419
468.6242804	6137.703762
468.7966879	6084.587819
468.969097	6018.125492
469.1415076	5864.454207
469.3139198	5890.445486
469.4863336	5984.653961
469.658749	5863.885448
469.831166	6011.044314
470.0035846	5849.215673
470.1760047	5765.713104
470.3484264	5890.925034
470.5208497	5781.29261
470.6932746	5846.451552
470.8657011	5696.579154
471.0381292	5808.770851
471.2105588	5737.769652
471.38299	5684.236157
471.5554228	5718.979108
471.7278572	5512.537363
471.9002932	5672.292728
472.0727307	5547.710227
472.2451698	5490.105888
472.4176106	5439.412922
472.5900528	5489.373095
472.7624967	5455.335224
472.9349422	5504.243718
473.1073892	5333.185093
473.2798378	5252.784082
473.4522881	5296.318766
473.6247398	5219.980091
473.7971932	5136.64167
473.9696482	5030.183647
474.1421047	5074.322794
474.3145628	5096.74056
474.4870225	4911.81227
474.6594838	5034.681857
474.8319467	4855.021213
475.0044111	4818.113345
475.1768771	4885.78679
475.3493448	4749.590099
475.5218139	4804.192475
475.6942847	4657.426864
475.8667571	4706.446432
476.039231	4659.356653
476.2117065	4661.350653
476.3841836	4489.870807
476.5566623	4497.200208
476.7291426	4466.495256
476.9016245	4390.640757
477.0741079	4355.814776
477.2465929	4387.677906
477.4190795	4395.779603
477.5915677	4239.163703
477.7640575	4323.83289
477.9365488	4341.409896
478.1090417	4209.62747
478.2815362	4056.506951
478.4540323	4118.352044
478.62653	4255.6152
478.7990293	4064.328764
478.9715301	4084.089815
479.1440325	4068.269479
479.3165365	4013.27625
479.4890421	3999.052908
479.6615493	3961.2287
479.834058	3967.09655
480.0065684	3895.618295
480.1790803	3909.816105
480.3515938	3913.885991
480.5241089	3865.384613
480.6966255	3847.997761
480.8691438	3855.225458
481.0416636	3841.608541
481.214185	3808.923555
481.386708	3878.616502
481.5592326	3868.498198
481.7317588	3850.918194
481.9042865	3808.749432
482.0768158	3856.640897
482.2493467	3884.614291
482.4218792	3815.816777
482.5944133	3837.349984
482.7669489	3881.490396
482.9394862	3739.871151
483.112025	3789.41555
483.2845654	3879.466264
483.4571074	3829.132826
483.6296509	3921.382322
483.8021961	3770.622168
483.9747428	3862.697983
484.1472911	3815.595437
484.319841	3895.187194
484.4923925	3833.134147
484.6649455	3844.067264
484.8375002	3884.821334
485.0100564	3927.184784
485.1826142	3954.941789
485.3551736	3871.850461
485.5277346	3948.273861
485.7002971	3882.224546
485.8728612	3893.164437
486.045427	3798.122568
486.2179943	3913.115168
486.3905631	3872.41917
486.5631336	3909.836547
486.7357057	3904.309393
486.9082793	3964.633744
487.0808545	3750.665145
487.2534313	3924.503484
487.4260097	3870.711416
487.5985896	3921.046327
487.7711712	3925.055067
487.9437543	3867.682356
488.116339	3909.897513
488.2889253	4003.052845
488.4615131	3939.782536
488.6341026	3946.037376
488.8066936	3898.504678
488.9792862	3884.918286
489.1518804	3933.091051
489.3244762	3847.083708
489.4970736	3946.756011
489.6696725	3989.622368
489.8422731	3955.108411
490.0148752	3957.003358
490.1874789	3935.869727
490.3600841	3983.663703
490.532691	3920.635633
490.7052994	3952.262392
490.8779094	3951.48251
491.050521	3987.707992
491.2231342	3992.179783
491.395749	3991.402782
491.5683654	3935.779981
491.7409833	3933.799398
491.9136028	4000.477995
492.0862239	3984.74555
492.2588466	3926.050187
492.4314708	3880.242459
492.6040967	4028.710316
492.7767241	3967.600516
492.9493531	3926.715631
493.1219837	4022.215882
493.2946159	3904.918384
493.4672496	3973.637776
493.639885	3922.065662
493.8125219	3965.346037
493.9851604	3911.345828
494.1578005	3950.335435
494.3304422	3983.248654
494.5030854	4024.618728
494.6757302	3958.779694
494.8483767	3949.574003
495.0210247	3990.595688
495.1936742	3978.021343
495.3663254	3966.071021
495.5389781	3985.867179
495.7116325	3963.130388
495.8842884	3953.40566
496.0569459	3992.471873
496.229605	3949.085631
496.4022656	3900.421198
496.5749278	4002.194491
496.7475917	3936.93682
496.9202571	3986.959461
497.0929241	3982.890951
497.2655926	4008.496677
497.4382628	3945.264213
497.6109345	3941.865496
497.7836078	3968.983811
497.9562827	3954.93422
498.1289592	3934.743624
498.3016373	3928.843825
498.4743169	3915.108604
498.6469981	3997.460768
498.8196809	3954.89301
498.9923653	4016.307421
499.1650513	3949.650806
499.3377389	3933.91714
499.510428	3941.23445
499.6831187	3945.635278
499.855811	4007.629821
500.0285049	4021.917499
500.2012004	3971.573504
500.3738974	3985.268385
500.5465961	3954.188988
500.7192963	4039.144497
500.8919981	3938.342305
501.0647014	3982.983651
501.2374064	3987.732313
501.410113	3996.960923
501.5828211	4015.759228
501.7555308	4001.548974
501.9282421	4009.463968
502.100955	3925.801306
502.2736694	3975.640233
502.4463854	4040.390035
502.6191031	4010.22274
502.7918223	4027.635151
502.9645431	3989.202497
503.1372654	3981.277848
503.3099894	3957.707908
503.4827149	4022.04185
503.655442	3948.773357
503.8281707	4026.696908
504.000901	3984.700198
504.1736329	4067.697422
504.3463663	4048.993661
504.5191013	3997.391682
504.6918379	3972.054853
504.8645761	4032.828403
505.0373159	3974.971417
505.2100572	4040.461124
505.3828002	4036.421885
505.5555447	4078.282048
505.7282908	4004.501446
505.9010385	4019.908392
506.0737878	3942.664521
506.2465386	4012.229243
506.419291	4006.32978
506.5920451	4035.719238
506.7648006	3966.109645
506.9375578	3943.306185
507.1103166	4001.524577
507.2830769	4009.962746
507.4558389	4006.131826
507.6286024	4030.276972
507.8013675	3983.514927
507.9741341	3973.969478
508.1469024	4026.977493
508.3196722	3964.96512
508.4924436	3959.717334
508.6652166	3988.478781
508.8379912	3949.839833
509.0107674	4000.015444
509.1835451	3992.311057
509.3563245	3971.530797
509.5291054	3934.521691
509.7018879	4035.474315
509.874672	3983.625975
510.0474576	3953.305102
510.2202449	3973.311671
510.3930337	3964.61897
510.5658241	3980.702646
510.7386161	3922.182537
510.9114097	3936.073142
511.0842048	3978.391887
511.2570015	3892.750827
511.4297999	3956.498969
511.6025998	3930.693241
511.7754013	3966.335349
511.9482043	3979.259398
512.121009	3907.677669
512.2938152	3912.374649
512.466623	3914.652993
512.6394324	3954.416995
512.8122434	3905.330338
512.9850559	3889.043619
513.1578701	3936.75906
513.3306858	3897.893461
513.5035031	3900.460399
513.676322	3884.101084
513.8491425	3878.91581
514.0219645	3914.671762
514.1947882	3841.349177
514.3676134	3851.408717
514.5404402	3928.19237
514.7132686	3870.542947
514.8860985	3894.927299
515.0589301	3866.047114
515.2317632	3862.039987
515.4045979	3853.645054
515.5774342	3885.515688
515.7502721	3807.412798
515.9231116	3789.367465
516.0959526	3837.934868
516.2687952	3814.096006
516.4416394	3805.086
516.6144852	3837.624484
516.7873326	3837.216597
516.9601816	3810.301264
517.1330321	3797.4375
517.3058842	3849.614875
517.4787379	3809.445757
517.6515932	3805.629877
517.8244501	3820.636564
517.9973085	3771.701109
518.1701685	3815.178828
518.3430302	3777.649444
518.5158933	3834.533081
518.6887581	3832.57959
518.8616245	3791.58849
519.0344924	3784.934969
519.2073619	3791.884839
519.3802331	3789.182429
519.5531057	3744.065454
519.72598	3745.354655
519.8988559	3753.153446
520.0717333	3810.516362
520.2446123	3707.787695
520.4174929	3778.131148
520.5903751	3729.025417
520.7632589	3774.952038
520.9361442	3729.768599
521.1090311	3698.013842
521.2819197	3757.52414
521.4548098	3708.234144
521.6277014	3696.590149
521.8005947	3731.392336
521.9734895	3733.122933
522.146386	3762.936631
522.319284	3738.662468
522.4921836	3746.916743
522.6650847	3729.081006
522.8379875	3740.113296
523.0108918	3695.752336
523.1837977	3726.394249
523.3567052	3745.415809
523.5296143	3726.140055
523.702525	3716.294054
523.8754372	3687.565048
524.0483511	3703.602593
524.2212665	3693.492982
524.3941835	3710.362862
524.567102	3689.150799
524.7400222	3705.366959
524.9129439	3645.292548
525.0858673	3682.362589
525.2587922	3690.078563
525.4317187	3671.661703
525.6046467	3756.041374
525.7775764	3679.374835
525.9505076	3679.806147
526.1234404	3671.924935
526.2963748	3708.965616
526.4693108	3667.39115
526.6422484	3710.071994
526.8151875	3675.063238
526.9881283	3644.05171
527.1610706	3682.211201
527.3340145	3674.336608
527.5069599	3681.516588
527.679907	3677.411281
527.8528556	3652.163831
528.0258059	3648.291559
528.1987577	3639.74273
528.371711	3619.616763
528.544666	3689.267137
528.7176226	3662.662583
528.8905807	3671.643583
529.0635404	3654.08249
529.2365017	3602.33651
529.4094646	3622.763495
529.5824291	3595.430453
529.7553951	3619.873087
529.9283627	3613.9343
530.101332	3634.405219
530.2743027	3644.604506
530.4472751	3636.926043
530.6202491	3653.812378
530.7932246	3630.954594
530.9662017	3591.885339
531.1391805	3616.99264
531.3121607	3604.203309
531.4851426	3636.345196
531.6581261	3615.018818
531.8311111	3616.727646
532.0040977	3633.363194
532.1770859	3608.836221
532.3500757	3605.738152
532.5230671	3625.072082
532.69606	3640.180518
532.8690545	3616.458851
533.0420506	3609.772425
533.2150483	3619.704314
533.3880476	3619.751894
533.5610485	3618.350038
533.7340509	3607.315823
533.9070549	3618.753508
534.0800605	3587.001155
534.2530677	3576.096706
534.4260765	3616.536863
534.5990868	3578.290874
534.7720988	3614.473131
534.9451123	3567.399609
535.1181274	3599.745512
535.2911441	3583.434996
535.4641623	3598.638642
535.6371822	3627.705459
535.8102036	3612.035789
535.9832266	3631.23319
536.1562512	3628.747922
536.3292774	3596.615562
536.5023052	3574.930934
536.6753345	3589.625573
536.8483654	3600.99743
537.0213979	3617.09884
537.194432	3584.174364
537.3674677	3595.451167
537.5405049	3605.956601
537.7135438	3565.484086
537.8865842	3595.234647
538.0596262	3638.403034
538.2326698	3612.423289
538.4057149	3603.723032
538.5787617	3582.837322
538.75181	3624.028377
538.9248599	3596.855383
539.0979114	3626.948369
539.2709645	3600.174649
539.4440191	3614.261789
539.6170754	3648.821521
539.7901332	3593.167282
539.9631926	3606.659852
540.1362536	3606.217499
540.3093161	3595.385107
540.4823803	3610.91278
540.655446	3645.117728
540.8285133	3585.245065
541.0015822	3616.747582
541.1746527	3609.449006
541.3477248	3646.156792
541.5207984	3645.572262
541.6938737	3643.618373
541.8669505	3656.27695
542.0400289	3592.282293
542.2131088	3616.020718
542.3861904	3601.412507
542.5592735	3577.448221
542.7323583	3603.063519
542.9054446	3626.679188
543.0785324	3608.533752
543.2516219	3604.851981
543.424713	3564.452344
543.5978056	3585.023465
543.7708998	3563.603278
543.9439956	3600.487948
544.117093	3559.627888
544.290192	3559.567
544.4632925	3568.884471
544.6363946	3544.034786
544.8094983	3579.10431
544.9826036	3598.174607
545.1557105	3579.480516
545.328819	3586.165625
545.501929	3553.383236
545.6750406	3534.403785
545.8481538	3574.116592
546.0212686	3587.253563
546.194385	3535.684005
546.3675029	3518.593683
546.5406225	3556.794014
546.7137436	3524.667321
546.8868663	3561.303822
547.0599906	3519.90414
547.2331164	3508.222544
547.4062439	3503.303376
547.5793729	3522.705412
547.7525035	3487.865414
547.9256357	3557.417653
548.0987695	3560.843538
548.2719048	3495.287326
548.4450418	3504.602243
548.6181803	3475.729146
548.7913204	3502.979109
548.9644621	3519.34454
549.1376053	3504.757463
549.3107502	3492.774343
549.4838966	3504.908898
549.6570446	3501.587385
549.8301942	3510.785963
550.0033454	3492.671021
550.1764982	3481.535514
550.3496525	3469.176096
550.5228084	3519.555447
550.6959659	3485.446478
550.869125	3472.116835
551.0422857	3480.60491
551.215448	3492.955585
551.3886118	3476.700678
551.5617772	3489.351422
551.7349442	3477.577325
551.9081128	3467.538528
552.081283	3462.124302
552.2544547	3416.103013
552.4276281	3440.117995
552.600803	3455.769653
552.7739795	3455.19431
552.9471576	3430.995808
553.1203372	3448.734057
553.2935185	3479.863052
553.4667013	3422.276608
553.6398857	3420.583987
553.8130717	3423.486859
553.9862593	3400.048034
554.1594484	3424.590094
554.3326392	3395.368024
554.5058315	3394.735238
554.6790254	3405.1571
554.8522209	3388.791567
555.0254179	3373.717915
555.1986166	3380.594592
555.3718168	3371.095199
555.5450186	3362.938636
555.718222	3366.270355
555.891427	3372.406337
556.0646336	3349.966878
556.2378417	3352.378564
556.4110514	3358.530514
556.5842627	3358.417698
556.7574756	3331.302091
556.9306901	3348.229488
557.1039062	3385.680401
557.2771238	3394.240756
557.450343	3339.259307
557.6235638	3363.940634
557.7967862	3323.220134
557.9700102	3362.024348
558.1432357	3333.359836
558.3164628	3332.383806
558.4896916	3351.231589
558.6629219	3310.686391
558.8361537	3345.174136
559.0093872	3293.124307
559.1826222	3326.347115
559.3558589	3317.999822
559.5290971	3304.439568
559.7023369	3289.34682
559.8755782	3288.73805
560.0488212	3305.90823
560.2220657	3292.771063
560.3953118	3262.856986
560.5685595	3312.145782
560.7418088	3267.728324
560.9150597	3299.784379
561.0883121	3272.379622
561.2615662	3272.592009
561.4348218	3263.695022
561.608079	3238.860742
561.7813378	3263.925386
561.9545981	3240.399995
562.1278601	3253.423068
562.3011236	3260.325881
562.4743887	3225.22001
562.6476554	3249.532435
562.8209237	3232.472796
562.9941935	3236.578308
563.167465	3239.108232
563.340738	3181.944132
563.5140126	3228.956765
563.6872888	3229.596812
563.8605665	3188.669321
564.0338459	3198.478549
564.2071268	3215.919848
564.3804093	3199.117595
564.5536934	3193.429444
564.7269791	3190.474483
564.9002664	3157.731624
565.0735552	3143.137483
565.2468456	3148.796424
565.4201376	3173.618597
565.5934312	3141.64569
565.7667264	3142.225228
565.9400231	3131.460817
566.1133215	3156.040899
566.2866214	3129.5621
566.4599229	3153.44254
566.633226	3113.217664
566.8065306	3149.209195
566.9798369	3079.088512
567.1531447	3129.988481
567.3264541	3093.708274
567.4997651	3093.62316
567.6730777	3077.789947
567.8463919	3070.698321
568.0197076	3040.807958
568.1930249	3059.206174
568.3663438	3061.170685
568.5396643	3090.301297
568.7129864	3044.264479
568.8863101	3023.216813
569.0596353	3036.638643
569.2329621	3050.855685
569.4062905	2997.258396
569.5796205	2997.939994
569.7529521	3021.725159
569.9262852	3027.794039
570.0996199	3012.106822
570.2729563	2965.200361
570.4462941	2965.864871
570.6196336	3024.513285
570.7929747	2931.805553
570.9663173	2896.503124
571.1396616	2884.51683
571.3130074	2885.569989
571.4863547	2891.088299
571.6597037	2910.219647
571.8330543	2957.352549
572.0064064	2941.498093
572.1797601	2933.237845
572.3531154	2916.568594
572.5264723	2912.001898
572.6998308	2918.742999
572.8731908	2906.55076
573.0465525	2928.907731
573.2199157	2870.11262
573.3932805	2897.264011
573.5666468	2883.498957
573.7400148	2881.402522
573.9133843	2843.238418
574.0867555	2845.147383
574.2601282	2820.788695
574.4335025	2821.791591
574.6068783	2836.8636
574.7802558	2836.03932
574.9536348	2815.775708
575.1270154	2818.684004
575.3003976	2803.031899
575.4737814	2803.51413
575.6471668	2793.611922
575.8205537	2772.258947
575.9939423	2761.537025
576.1673324	2766.885332
576.3407241	2769.066747
576.5141173	2775.173364
576.6875122	2758.860461
576.8609086	2755.148769
577.0343067	2742.733469
577.2077063	2756.422164
577.3811075	2757.078228
577.5545102	2743.493236
577.7279146	2722.154399
577.9013205	2715.551593
578.074728	2709.900635
578.2481371	2700.883985
578.4215478	2696.745319
578.5949601	2729.505417
578.7683739	2662.194675
578.9417894	2677.903621
579.1152064	2673.630468
579.288625	2658.129506
579.4620451	2658.71411
579.6354669	2688.764524
579.8088902	2644.91086
579.9823152	2659.967409
580.1557417	2635.182676
580.3291698	2648.317107
580.5025994	2628.476957
580.6760307	2633.369431
580.8494635	2620.030605
581.0228979	2608.263241
581.1963339	2579.863405
581.3697715	2618.458667
581.5432107	2602.301455
581.7166514	2599.529433
581.8900937	2591.084221
582.0635377	2601.407292
582.2369832	2586.597044
582.4104302	2584.400835
582.5838789	2550.577581
582.7573291	2588.110727
582.9307809	2572.958988
583.1042344	2526.017081
583.2776893	2533.948064
583.4511459	2560.598758
583.6246041	2545.670944
583.7980638	2548.23174
583.9715251	2525.282005
584.144988	2564.479098
584.3184525	2530.274701
584.4919186	2527.023042
584.6653862	2522.600144
584.8388554	2537.063254
585.0123262	2496.432669
585.1857986	2505.335148
585.3592726	2494.825125
585.5327482	2510.445296
585.7062253	2519.943391
585.879704	2507.177301
586.0531843	2462.433691
586.2266662	2470.893083
586.4001497	2473.668493
586.5736347	2477.248159
586.7471214	2483.089637
586.9206096	2470.875611
587.0940994	2448.136221
587.2675908	2470.781026
587.4410837	2471.487737
587.6145783	2455.377473
587.7880744	2435.505263
587.9615721	2428.396019
588.1350714	2438.369394
588.3085723	2424.199227
588.4820748	2406.745869
588.6555788	2429.870659
588.8290844	2426.09535
589.0025916	2401.885073
589.1761004	2395.915088
589.3496108	2409.195375
589.5231227	2373.82013
589.6966363	2407.039004
589.8701514	2389.195144
590.0436681	2392.64351
590.2171864	2359.941909
590.3907062	2402.257438
590.5642277	2378.801111
590.7377507	2381.310775
590.9112753	2342.126452
591.0848015	2373.548567
591.2583293	2376.417101
591.4318586	2359.4632
591.6053896	2350.860165
591.7789221	2363.408442
591.9524562	2360.229168
592.1259919	2359.409069
592.2995291	2331.993815
592.473068	2328.873665
592.6466084	2331.647128
592.8201504	2362.21799
592.993694	2337.204013
593.1672392	2331.000044
593.340786	2342.076628
593.5143343	2321.795932
593.6878843	2342.526776
593.8614358	2323.804839
594.0349889	2330.070116
594.2085435	2310.551159
594.3820998	2298.816747
594.5556576	2321.840067
594.7292171	2314.337996
594.9027781	2316.437078
595.0763406	2293.51057
595.2499048	2309.83601
595.4234706	2298.830282
595.5970379	2293.520232
595.7706068	2310.406756
595.9441773	2271.194391
596.1177494	2296.140579
596.2913231	2293.817208
596.4648983	2279.360707
596.6384751	2306.249629
596.8120535	2289.136951
596.9856335	2271.447316
597.1592151	2254.392843
597.3327983	2298.37115
597.506383	2269.105565
597.6799693	2268.22804
597.8535572	2261.946969
598.0271467	2288.755598
598.2007378	2277.964996
598.3743304	2252.613999
598.5479247	2262.944794
598.7215205	2262.152298
598.8951179	2275.477164
599.0687168	2281.013594
599.2423174	2260.545334
599.4159196	2292.429274
599.5895233	2257.468742
599.7631286	2262.720416
599.9367355	2255.571815
600.110344	2249.641207
600.283954	2268.276691
600.4575657	2258.94243
600.6311789	2235.689305
600.8047937	2237.305714
600.9784101	2271.861899
601.152028	2233.274624
601.3256476	2257.224876
601.4992687	2240.767806
601.6728914	2219.613374
601.8465157	2237.54278
602.0201416	2253.728162
602.1937691	2240.675067
602.3673981	2241.225555
602.5410287	2248.507384
602.7146609	2242.137145
602.8882947	2231.796683
603.0619301	2243.124986
603.2355671	2241.549174
603.4092056	2236.797083
603.5828457	2246.711641
603.7564874	2228.290753
603.9301307	2238.653068
604.1037756	2214.74131
604.277422	2241.016764
604.4510701	2194.534731
604.6247197	2241.622178
604.7983709	2223.618448
604.9720237	2252.854433
605.145678	2240.606227
605.319334	2240.721709
605.4929915	2258.998725
605.6666506	2242.42809
605.8403113	2223.952895
606.0139736	2248.322884
606.1876374	2229.235391
606.3613028	2257.327567
606.5349699	2238.810057
606.7086385	2253.702229
606.8823087	2211.337587
607.0559804	2223.328541
607.2296538	2224.00233
607.4033287	2254.995169
607.5770052	2226.834646
607.7506833	2230.978409
607.924363	2224.88207
608.0980443	2224.056307
608.2717271	2244.568222
608.4454115	2230.360414
608.6190975	2211.558645
608.7927851	2246.946741
608.9664743	2216.780883
609.1401651	2228.815671
609.3138574	2218.816102
609.4875513	2216.000832
609.6612468	2233.852686
609.8349439	2236.641859
610.0086426	2233.9261
610.1823428	2241.942461
610.3560446	2247.998674
610.5297481	2249.278661
610.7034531	2227.536069
610.8771596	2227.324439
611.0508678	2209.282663
611.2245775	2243.249686
611.3982889	2239.486482
611.5720018	2223.997458
611.7457163	2235.618231
611.9194323	2257.455339
612.09315	2227.259127
612.2668692	2247.795327
612.44059	2225.515762
612.6143124	2247.490798
612.7880364	2252.225402
612.961762	2236.888214
613.1354891	2246.220944
613.3092179	2250.40554
613.4829482	2251.768097
613.6566801	2281.259728
613.8304136	2253.352405
614.0041486	2280.899873
614.1778853	2231.317777
614.3516235	2267.182759
614.5253633	2238.916543
614.6991047	2253.703513
614.8728477	2281.714095
615.0465922	2276.856953
615.2203383	2274.28059
615.3940861	2266.127725
615.5678354	2247.552995
615.7415863	2242.506952
615.9153387	2264.596763
616.0890928	2247.093331
616.2628484	2273.154198
616.4366056	2256.032322
616.6103644	2271.74064
616.7841248	2247.216557
616.9578867	2245.078268
617.1316503	2275.112585
617.3054154	2240.663412
617.4791821	2267.37632
617.6529504	2245.645828
617.8267203	2253.944849
618.0004917	2256.084718
618.1742648	2286.22034
618.3480394	2258.52945
618.5218156	2276.185906
618.6955934	2263.936274
618.8693727	2276.156373
619.0431537	2274.597855
619.2169362	2271.379358
619.3907203	2290.977642
619.564506	2262.10918
619.7382933	2270.515093
619.9120822	2264.268209
620.0858726	2258.033117
620.2596646	2276.29753
620.4334582	2261.618373
620.6072534	2293.828047
620.7810502	2277.942544
620.9548486	2264.654469
621.1286485	2279.277301
621.30245	2282.620513
621.4762531	2247.295569
621.6500578	2298.879189
621.8238641	2271.888082
621.9976719	2289.171347
622.1714813	2248.196311
622.3452923	2273.889657
622.5191049	2273.687314
622.6929191	2249.157781
622.8667349	2269.598703
623.0405522	2280.916688
623.2143711	2275.565407
623.3881917	2274.258139
623.5620137	2245.456285
623.7358374	2280.238008
623.9096627	2287.803996
624.0834895	2275.742981
624.2573179	2258.763129
624.4311479	2279.166415
624.6049795	2262.408209
624.7788127	2309.300223
624.9526474	2281.197546
625.1264837	2306.321548
625.3003217	2262.46967
625.4741612	2271.397473
625.6480022	2265.365026
625.8218449	2303.13517
625.9956891	2283.066041
626.169535	2294.220279
626.3433824	2255.54834
626.5172313	2304.110325
626.6910819	2292.305281
626.8649341	2289.972594
627.0387878	2262.294258
627.2126431	2281.529892
627.3865	2281.218419
627.5603585	2279.774356
627.7342186	2271.131175
627.9080802	2283.188984
628.0819434	2261.736623
628.2558083	2257.503306
628.4296747	2274.169799
628.6035426	2291.534424
628.7774122	2254.720203
628.9512833	2280.355715
629.1251561	2281.742893
629.2990304	2322.507432
629.4729062	2265.758332
629.6467837	2287.647587
629.8206628	2271.205619
629.9945434	2277.032131
630.1684256	2281.087398
630.3423094	2264.26843
630.5161948	2274.515567
630.6900818	2284.652241
630.8639703	2285.046353
631.0378604	2268.076293
631.2117522	2278.267629
631.3856455	2269.140263
631.5595403	2268.830248
631.7334368	2280.396388
631.9073348	2288.792689
632.0812344	2287.20839
632.2551357	2284.052933
632.4290384	2277.352167
632.6029428	2255.162585
632.7768488	2264.656404
632.9507563	2245.197504
633.1246654	2269.943445
633.2985761	2257.105501
633.4724884	2254.117589
633.6464023	2289.574058
633.8203177	2252.109508
633.9942347	2262.485548
634.1681533	2272.672097
634.3420735	2256.676941
634.5159953	2279.349794
634.6899187	2250.276128
634.8638436	2264.195458
635.0377701	2210.581722
635.2116982	2237.584915
635.3856279	2232.27821
635.5595592	2244.083318
635.7334921	2231.102356
635.9074265	2245.394285
636.0813625	2242.486315
636.2553001	2255.395061
636.4292393	2232.48728
636.60318	2226.684817
636.7771224	2239.776496
636.9510663	2251.210058
637.1250118	2226.601198
637.2989589	2242.641803
637.4729076	2217.060817
637.6468579	2225.277878
637.8208097	2232.350414
637.9947631	2199.770554
638.1687181	2232.578226
638.3426747	2235.882203
638.5166329	2226.345267
638.6905926	2228.256842
638.864554	2233.384005
639.0385169	2237.50892
639.2124814	2215.307905
639.3864475	2232.545734
639.5604151	2226.758042
639.7343844	2233.874631
639.9083552	2186.27729
640.0823276	2206.932088
640.2563016	2194.968184
640.4302772	2200.479845
640.6042543	2178.450055
640.7782331	2197.524384
640.9522134	2180.356347
641.1261953	2212.626868
641.3001788	2180.318505
641.4741639	2181.883148
641.6481505	2174.543867
641.8221387	2160.459986
641.9961286	2198.550938
642.17012	2187.791674
642.3441129	2162.121472
642.5181075	2180.955542
642.6921037	2176.689445
642.8661014	2160.189953
643.0401007	2149.37293
643.2141016	2165.036987
643.3881041	2167.636755
643.5621081	2172.44051
643.7361138	2148.932582
643.910121	2158.138469
644.0841298	2147.434566
644.2581402	2155.900019
644.4321521	2137.829274
644.6061657	2159.313632
644.7801808	2140.62644
644.9541975	2145.431465
645.1282158	2137.634988
645.3022357	2143.695064
645.4762572	2131.552706
645.6502802	2134.418656
645.8243048	2123.351515
645.9983311	2134.596833
646.1723589	2117.614575
646.3463882	2130.101916
646.5204192	2116.744021
646.6944517	2090.657938
646.8684858	2091.491167
647.0425215	2108.248761
647.2165588	2075.474764
647.3905977	2076.83264
647.5646382	2078.978011
647.7386802	2082.56592
647.9127238	2071.292111
648.086769	2065.646267
648.2608158	2056.003405
648.4348641	2059.412963
648.6089141	2051.415632
648.7829656	2052.645343
648.9570187	2041.095704
649.1310734	2059.406244
649.3051297	2061.667789
649.4791875	2042.0856
649.653247	2037.549236
649.827308	2043.43047
650.0013706	2018.705979
650.1754348	2038.921202
650.3495006	2003.572636
650.5235679	2027.350463
650.6976368	2020.432407
650.8717074	2000.868963
651.0457795	1977.456531
651.2198531	1993.636597
651.3939284	1986.308568
651.5680052	1980.020526
651.7420837	1980.823298
651.9161637	2001.34983
652.0902453	1965.618232
652.2643284	1970.874126
652.4384132	1952.577242
652.6124995	1958.190305
652.7865875	1961.793141
652.960677	1966.825177
653.134768	1933.036965
653.3088607	1952.382514
653.482955	1940.611363
653.6570508	1937.046939
653.8311482	1923.013224
654.0052472	1940.861057
654.1793478	1909.92144
654.35345	1927.711834
654.5275537	1910.279348
654.701659	1909.688135
654.8757659	1913.086275
655.0498744	1908.828532
655.2239845	1906.990366
655.3980962	1891.410995
655.5722094	1886.941306
655.7463242	1889.571462
655.9204406	1904.260658
656.0945586	1862.485181
656.2686782	1859.631122
656.4427993	1873.177118
656.616922	1865.310286
656.7910464	1862.830767
656.9651723	1871.902549
657.1392997	1864.097027
657.3134288	1854.322477
657.4875594	1850.054913
657.6616917	1845.699533
657.8358255	1832.862151
658.0099609	1841.033378
658.1840978	1841.144584
658.3582364	1809.021156
658.5323765	1829.983604
658.7065183	1799.577615
658.8806616	1824.286718
659.0548064	1786.132871
659.2289529	1792.065187
659.403101	1791.210663
659.5772506	1780.039695
659.7514018	1789.925025
659.9255546	1794.287148
660.099709	1763.096679
660.2738649	1785.243234
660.4480225	1764.546493
660.6221816	1781.324314
660.7963423	1760.889653
660.9705046	1771.025929
661.1446685	1753.194767
661.3188339	1749.946981
661.493001	1742.657106
661.6671696	1736.26316
661.8413398	1729.99556
662.0155116	1724.118197
662.1896849	1720.258257
662.3638599	1730.846073
662.5380364	1703.240768
662.7122145	1722.912825
662.8863942	1702.543599
663.0605755	1701.075028
663.2347584	1665.135463
663.4089428	1707.972718
663.5831288	1662.91014
663.7573165	1679.579087
663.9315056	1674.513432
664.1056964	1690.158682
664.2798888	1646.94692
664.4540827	1653.810056
664.6282782	1672.132768
664.8024753	1648.241926
664.976674	1639.557139
665.1508743	1623.58804
665.3250761	1621.391376
665.4992796	1614.70526
665.6734846	1628.667924
665.8476912	1638.641395
666.0218993	1612.361946
666.1961091	1627.781058
666.3703204	1589.946907
666.5445334	1600.363991
666.7187479	1596.813084
666.892964	1578.898928
667.0671816	1586.690629
667.2414009	1585.984288
667.4156217	1565.220033
667.5898442	1575.949309
667.7640682	1572.029746
667.9382937	1563.139985
668.1125209	1532.767403
668.2867497	1568.760905
668.46098	1537.205796
668.6352119	1520.51994
668.8094454	1535.969846
668.9836805	1540.164635
669.1579171	1523.361265
669.3321554	1527.275561
669.5063952	1508.855378
669.6806366	1522.23986
669.8548796	1496.59917
670.0291242	1501.420809
670.2033703	1499.332588
670.3776181	1494.257545
670.5518674	1488.399436
670.7261183	1499.298979
670.9003708	1448.911609
671.0746248	1467.761575
671.2488805	1444.847544
671.4231377	1464.441006
671.5973965	1437.443244
671.7716569	1430.295945
671.9459189	1439.371287
672.1201824	1447.329854
672.2944476	1426.04714
672.4687143	1429.24451
672.6429826	1402.818851
672.8172525	1414.440493
672.991524	1407.30812
673.165797	1410.281845
673.3400717	1389.447908
673.5143479	1398.808573
673.6886257	1383.085473
673.8629051	1393.930168
674.037186	1361.086958
674.2114686	1378.60661
674.3857527	1362.524329
674.5600384	1356.653889
674.7343257	1355.745985
674.9086146	1355.70627
675.0829051	1343.194375
675.2571971	1336.542956
675.4314907	1329.722815
675.6057859	1347.236627
675.7800827	1319.823082
675.9543811	1328.221535
676.128681	1296.323933
676.3029826	1295.548185
676.4772857	1289.701636
676.6515904	1293.851101
676.8258967	1273.961963
677.0002045	1288.938627
677.174514	1266.330149
677.348825	1275.009061
677.5231376	1273.591186
677.6974518	1263.447273
677.8717676	1249.476932
678.046085	1250.846234
678.2204039	1247.919293
678.3947244	1238.297443
678.5690465	1226.736001
678.7433702	1235.039651
678.9176955	1206.783601
679.0920224	1216.585288
679.2663508	1200.344078
679.4406808	1202.258675
679.6150124	1188.036906
679.7893456	1178.412005
679.9636804	1180.874651
680.1380167	1179.285108
680.3123546	1181.203001
680.4866941	1175.25383
680.6610352	1166.165906
680.8353779	1173.565369
681.0097222	1161.40478
681.184068	1169.094242
681.3584154	1156.242588
681.5327644	1146.496685
681.707115	1124.37073
681.8814672	1139.501152
682.055821	1131.551434
682.2301763	1127.792274
682.4045332	1129.099398
682.5788917	1122.849457
682.7532518	1113.342352
682.9276135	1117.928889
683.1019767	1093.847055
683.2763415	1101.679487
683.4507079	1097.23964
683.6250759	1093.809154
683.7994455	1090.859071
683.9738167	1091.970216
684.1481894	1073.064646
684.3225637	1074.349709
684.4969396	1068.064465
684.6713171	1054.885679
684.8456962	1000.565654
685.0200768	980.377268
685.1944591	973.8077248
685.3688429	975.3779102
685.5432283	966.3386434
685.7176153	1004.354532
685.8920038	1035.107446
686.066394	1038.158158
686.2407857	1032.038447
686.415179	1034.998853
686.5895739	1029.200677
686.7639704	1023.726429
686.9383685	989.5958682
687.1127681	1031.149315
687.2871693	986.7754107
687.4615721	987.3299614
687.6359765	996.4844916
687.8103825	984.74503
687.98479	974.3003627
688.1591992	963.4662076
688.3336099	973.779519
688.5080222	979.941408
688.6824361	963.7696681
688.8568515	963.4453652
689.0312686	943.3882342
689.2056872	958.0306456
689.3801074	967.3615303
689.5545292	949.7783026
689.7289526	923.2474539
689.9033775	930.4135286
690.0778041	909.0072325
690.2522322	930.707712
690.4266619	916.3605569
690.6010932	928.5278891
690.7755261	887.0814741
690.9499605	891.6533401
691.1243965	887.3139713
691.2988342	901.4530624
691.4732734	853.3265664
691.6477141	831.8533681
691.8221565	801.0331098
691.9966005	802.0187773
692.171046	774.9217997
692.3454931	810.2685323
692.5199418	867.0361977
692.6943921	951.0944081
692.8688439	961.3259888
693.0432974	878.445829
693.2177524	701.1725548
693.392209	499.2811028
693.5666672	352.2097668
693.7411269	271.531195
693.9155883	209.3305819
694.0900512	200.7143604
694.2645157	159.1731738
694.4389818	181.1981878
694.6134495	201.4211926
694.7879188	211.8611648
694.9623896	298.0586572
695.1368621	400.6257064
695.3113361	507.7211712
695.4858117	666.9500396
695.6602888	834.0080383
695.8347676	968.9448348
696.0092479	1092.941971
696.1837299	1208.881395
696.3582134	1231.878307
696.5326984	1256.500749
696.7071851	1187.752894
696.8816734	1173.295296
697.0561632	1120.57245
697.2306546	1092.502634
697.4051476	1030.206038
697.5796422	993.4874372
697.7541384	940.1988619
697.9286361	915.4921943
698.1031354	877.4988065
698.2776363	854.089513
698.4521388	789.80751
698.6266429	750.3940004
698.8011486	738.4753191
698.9756558	714.5633419
699.1501646	692.2669044
699.324675	675.1004915
699.499187	673.3927035
699.6737006	691.7548572
699.8482157	711.5212823
700.0227325	710.9541134
700.1972508	688.2824553
700.3717707	663.7942278
700.5462922	650.9513799
700.7208152	660.2819214
700.8953399	642.1414349
701.0698661	663.190747
701.2443939	666.8581398
701.4189233	652.8923269
701.5934543	639.1839614
701.7679868	654.1225937
701.942521	628.9360564
702.1170567	638.9043256
702.291594	641.7347268
702.4661329	634.2688016
702.6406733	631.5025354
702.8152154	624.3900142
702.989759	618.9330773
703.1643042	629.0759015
703.338851	621.0511036
703.5133994	634.559486
703.6879494	620.5549765
703.8625009	629.4580127
704.037054	599.6392178
704.2116088	597.1433678
704.386165	583.5690542
704.5607229	589.4463687
704.7352824	592.272028
704.9098434	590.1471383
705.084406	596.4123694
705.2589702	592.8094829
705.433536	586.2289779
705.6081034	575.5773125
705.7826723	578.3266601
705.9572429	575.3538062
706.131815	564.6541879
706.3063887	545.3353577
706.480964	525.583279
706.6555408	531.4145194
706.8301193	517.493082
707.0046993	534.7511544
707.1792809	540.3877059
707.3538641	554.4752908
707.5284489	542.4858826
707.7030352	554.4577322
707.8776232	543.2421897
708.0522127	544.9528924
708.2268038	523.2587824
708.4013965	537.1069402
708.5759907	517.3887789
708.7505866	541.08335
708.925184	513.8297882
709.099783	538.2317864
709.2743836	525.0646808
709.4489858	523.3484087
709.6235896	515.603211
709.7981949	497.7424939
709.9728018	509.190049
710.1474104	506.2607315
710.3220204	494.5710746
710.4966321	511.6331344
710.6712454	476.6069686
710.8458602	493.0473844
711.0204766	470.1206364
711.1950946	471.829691
711.3697142	472.1066304
711.5443354	468.1770203
711.7189581	442.1838255
711.8935825	470.4137712
712.0682084	470.7770626
712.2428359	465.8583513
712.417465	461.0544921
712.5920956	467.7551655
712.7667279	463.3826833
712.9413617	450.0776512
713.1159971	449.5829897
713.2906341	459.8162293
713.4652727	448.5693963
713.6399128	466.1457785
713.8145545	472.7818789
713.9891979	476.9323619
714.1638428	456.0877815
714.3384893	460.6399051
714.5131373	442.4361112
714.687787	454.1645191
714.8624382	425.4057414
715.037091	406.4438309
715.2117454	388.2792575
715.3864014	379.9189295
715.5610589	373.7274833
715.7357181	362.4172376
715.9103788	365.8738119
716.0850411	365.7715716
716.259705	383.6832515
716.4343705	410.6600318
716.6090375	414.3878855
716.7837062	424.2434038
716.9583764	427.195604
717.1330482	440.4733128
717.3077216	409.8992671
717.4823966	418.8710643
717.6570731	398.9135422
717.8317512	417.0018571
718.0064309	400.0444655
718.1811122	410.3399067
718.3557951	403.5172064
718.5304796	391.3392058
718.7051656	378.7950354
718.8798532	382.890596
719.0545425	373.8692367
719.2292332	373.1508261
719.4039256	369.6294096
719.5786196	382.6397
719.7533151	375.7673303
719.9280122	371.3683852
720.1027109	349.1190313
720.2774112	346.0362504
720.4521131	351.1455765
720.6268165	353.6384047
720.8015216	333.3431622
720.9762282	332.1496423
721.1509364	323.6528018
721.3256461	337.5487446
721.5003575	354.7239822
721.6750704	351.1723633
721.849785	343.1740431
722.0245011	339.358361
722.1992188	328.9352371
722.373938	333.0445947
722.5486589	318.6637852
722.7233813	323.4008825
722.8981053	324.4949575
723.0728309	312.1614152
723.2475581	304.5791205
723.4222869	302.7329818
723.5970172	288.2478832
723.7717492	300.9919396
723.9464827	308.6943537
724.1212178	299.8183692
724.2959545	301.2884308
724.4706927	284.5782526
724.6454326	289.1133646
724.820174	311.2253584
724.994917	286.8886109
725.1696616	293.1128834
725.3444078	290.2358322
725.5191555	304.804386
725.6939048	292.029033
725.8686558	278.7325613
726.0434083	289.4630931
726.2181623	291.2379659
726.392918	278.3599333
726.5676753	276.491671
726.7424341	273.9879782
726.9171945	268.9969266
727.0919565	268.3844388
727.2667201	275.1583066
727.4414852	267.9846394
727.616252	276.3120578
727.7910203	272.6601132
727.9657902	275.2627132
728.1405617	266.3245163
728.3153348	272.7009941
728.4901094	264.7367078
728.6648857	272.0153813
728.8396635	262.1243963
729.0144429	258.6727422
729.1892239	269.8008841
729.3640064	267.7378525
729.5387906	259.9110655
729.7135763	255.8138461
729.8883636	242.9778312
730.0631525	252.4927576
730.237943	240.4675789
730.412735	259.107686
730.5875287	249.8106114
730.7623239	226.3080557
730.9371207	236.5428974
731.1119191	246.8295559
731.2867191	235.4801444
731.4615206	242.718855
731.6363238	225.2604966
731.8111285	217.9213547
731.9859348	236.996437
732.1607427	251.135896
732.3355521	246.7619685
732.5103632	229.1907322
732.6851758	217.2255463
732.85999	209.8405396
733.0348058	207.8924346
733.2096232	207.3978089
733.3844421	214.9408588
733.5592627	213.2509572
733.7340848	198.9666751
733.9089085	212.3249045
734.0837338	188.4913928
734.2585607	194.0768496
734.4333891	208.2525752
734.6082192	204.9830515
734.7830508	207.9166443
734.957884	209.2269514
735.1327188	173.8472147
735.3075551	182.4141976
735.4823931	170.4239447
735.6572326	165.6222231
735.8320737	165.8030541
736.0069164	183.4304213
736.1817607	196.4758071
736.3566065	225.5368155
736.531454	235.1165068
736.706303	221.9078281
736.8811536	191.9642595
737.0560058	187.2624791
737.2308596	170.7938009
737.4057149	197.7022816
737.5805718	212.7898567
737.7554304	213.496496
737.9302905	197.6291941
738.1051521	173.6404191
738.2800154	174.3195934
738.4548803	185.6319645
738.6297467	171.3018209
738.8046147	191.8213321
738.9794843	189.5286664
739.1543555	189.924005
739.3292282	193.4360098
739.5041026	189.7512271
739.6789785	174.8849312
739.853856	179.8668742
740.0287351	175.5742285
740.2036158	181.401296
740.378498	180.6277682
740.5533818	191.0084397
740.7282673	178.5331788
740.9031543	178.5648472
741.0780428	165.7954664
741.252933	181.2713819
741.4278247	167.8456293
741.6027181	163.403724
741.777613	161.2942561
741.9525095	162.2300086
742.1274076	155.5160008
742.3023072	157.438308
742.4772084	140.6709553
742.6521113	149.2406601
742.8270157	151.7668772
743.0019217	163.5640016
743.1768292	165.9607788
743.3517384	153.2858212
743.5266491	147.0519068
743.7015614	149.7750634
743.8764753	153.0198444
744.0513908	154.4486281
744.2263079	152.2638245
744.4012265	144.1144457
744.5761468	146.567837
744.7510686	148.8497077
744.925992	131.5585421
745.1009169	153.6568044
745.2758435	152.1217744
745.4507716	151.761835
745.6257013	143.9749738
745.8006327	140.658018
745.9755655	132.2734305
746.1505	130.4684514
746.3254361	139.5747923
746.5003737	134.6397636
746.6753129	129.7049295
746.8502537	134.2227064
747.0251961	127.8184199
747.2001401	133.1933648
747.3750856	137.3108446
747.5500327	150.8334136
747.7249814	126.8965752
747.8999317	130.1858315
748.0748836	133.0517344
748.2498371	118.1774753
748.4247921	124.4321152
748.5997487	130.0160583
748.7747069	118.7884468
748.9496667	121.7218725
749.1246281	114.4988502
749.299591	113.4208315
749.4745556	118.1603287
749.6495217	121.0725651
749.8244894	122.2145825
749.9994587	124.7800829
750.1744295	119.6693511
750.349402	117.97802
750.524376	100.7012844
750.6993516	120.9512423
750.8743288	113.6075469
751.0493076	116.4971505
751.2242879	98.73331904
751.3992699	118.9687604
751.5742534	109.7909743
751.7492385	110.2334168
751.9242252	99.46149069
752.0992134	114.3620154
752.2742033	113.131696
752.4491947	104.6184093
752.6241877	105.7074512
752.7991823	113.7065115
752.9741785	126.4385855
753.1491763	93.99109921
753.3241756	109.5239473
753.4991766	105.5054896
753.6741791	106.9685166
753.8491832	114.6205479
754.0241888	97.87243856
754.1991961	88.96610375
754.3742049	92.25817886
754.5492153	106.4569804
754.7242274	86.01639598
754.8992409	100.9800602
755.0742561	88.43029666
755.2492729	103.8042459
755.4242912	110.7653045
755.5993111	115.0959194
755.7743326	98.73222778
755.9493557	93.00771962
756.1243803	84.07943391
756.2994066	100.3280787
756.4744344	84.54989943
756.6494638	83.38002887
756.8244948	85.82709875
756.9995274	107.867738
757.1745615	89.21479169
757.3495973	89.15535116
757.5246346	96.13420822
757.6996735	94.65544874
757.874714	93.63484506
758.0497561	89.96798938
758.2247997	87.82667878
758.3998449	84.91156616
758.5748918	85.80848793
758.7499402	78.75108607
758.9249901	99.73332433
759.1000417	94.65973032
759.2750948	68.23873708
759.4501496	90.04037265
759.6252059	92.0756543
759.8002638	88.36025557
759.9753232	71.9645766
760.1503843	91.83574185
760.3254469	92.81873755
760.5005112	86.10021157
760.675577	67.33428641
760.8506443	74.25639489
761.0257133	82.10372181
761.2007839	81.08911544
761.375856	77.68821739
761.5509297	82.04159186
761.726005	75.65374248
761.9010819	80.90188473
762.0761603	68.93510973
762.2512404	68.27089237
762.426322	67.16272757
762.6014052	73.32050518
762.77649	72.98946362
762.9515764	68.44217392
763.1266643	77.29939347
763.3017539	90.67122625
763.476845	70.52607094
763.6519377	69.19444797
763.827032	64.83715787
764.0021278	78.98066485
764.1772253	60.09697633
764.3523243	55.29408152
764.5274249	62.41558692
764.7025271	73.68622459
764.8776309	63.36130699
765.0527363	74.33385167
765.2278432	69.41653282
765.4029517	63.65923638
765.5780619	52.25027598
765.7531735	60.60863758
765.9282868	62.75306476
766.1034017	48.6055766
766.2785181	52.90035135
766.4536361	64.53557849
766.6287557	72.48183353
766.8038769	51.77562064
766.9789997	49.76559954
767.154124	64.27088635
767.32925	57.16339243
767.5043775	76.58399806
767.6795066	69.80481863
767.8546373	74.30348535
768.0297695	65.05563027
768.2049034	69.7133585
768.3800388	60.04485494
768.5551758	54.60735653
768.7303144	56.53128211
768.9054546	61.27674118
769.0805963	58.62467647
769.2557396	44.97036479
769.4308846	31.58412988
769.6060311	53.92509951
769.7811791	49.85841329
769.9563288	49.37886742
770.1314801	60.87707749
770.3066329	69.96035207
770.4817873	44.87208706
770.6569433	54.25436656
770.8321009	40.91554308
771.00726	61.90844367
771.1824208	60.52862327
771.3575831	46.62308135
771.532747	42.51326391
771.7079125	45.85473667
771.8830796	40.1846499
772.0582482	51.83250785
772.2334185	51.2537311
772.4085903	48.51757679
772.5837637	52.01081988
772.7589387	52.81389284
772.9341152	50.27822074
773.1092934	47.60468609
773.2844731	43.79719672
773.4596544	42.13745761
773.6348373	59.13110816
773.8100218	26.48896867
773.9852079	49.51618541
774.1603955	44.0414266
774.3355847	65.99126302
774.5107755	52.4594402
774.6859679	51.16531738
774.8611619	56.09805222
775.0363575	26.75424012
775.2115546	32.6252617
775.3867533	48.91706457
775.5619536	49.14851486
775.7371555	27.49848193
775.912359	44.77701182
776.087564	40.54879259
776.2627706	50.16027961
776.4379789	44.16562283
776.6131886	53.04160367
776.7884	34.63841364
776.963613	40.65762725
777.1388275	43.60250745
777.3140436	20.85826564
777.4892614	31.28850884
777.6644806	44.78453676
777.8397015	37.30791699
778.014924	41.36824181
778.190148	40.07877822
778.3653736	39.4629606
778.5406008	39.24444789
778.7158296	34.01959605
778.89106	49.53594064
779.0662919	40.78951281
779.2415255	31.93081527
779.4167606	40.6107902
779.5919973	32.61219153
779.7672355	30.20861094
779.9424754	59.16048853
780.1177168	54.36350486
780.2929599	42.10708014
780.4682045	36.62357074
780.6434507	56.71206938
780.8186984	24.26104157
780.9939478	39.48048774
781.1691987	32.2439039
781.3444512	26.11844926
781.5197053	20.9073137
781.694961	29.12646929
781.8702183	44.22762832
782.0454771	31.31336385
782.2207376	43.77857337
782.3959996	35.81192345
782.5712632	43.41693421
782.7465283	20.19530085
782.9217951	43.36749181
783.0970634	33.75981425
783.2723334	52.90986697
783.4476049	10.92602036
783.622878	50.8924508
783.7981526	42.58645029
783.9734289	33.49862972
784.1487067	25.35043946
784.3239861	25.85044943
784.4992671	48.81113067
784.6745497	36.72688746
784.8498339	34.23965599
785.0251196	33.66818574
785.200407	19.80998648
785.3756959	43.19098877
785.5509864	22.47707137
785.7262784	33.27618244
785.9015721	26.33192084
786.0768673	57.56090154
786.2521642	36.91347134
786.4274626	33.76603869
786.6027626	22.26067288
786.7780641	24.02702105
786.9533673	25.60079118
787.128672	34.12095904
787.3039783	15.14424544
787.4792862	29.99088107
787.6545957	39.67484366
787.8299068	22.25262925
788.0052194	38.13992721
788.1805337	19.93733128
788.3558495	23.0261051
788.5311669	35.39019774
788.7064858	15.27166603
788.8818064	30.81251059
789.0571285	33.68229256
789.2324523	37.68024775
789.4077776	40.8939358
789.5831045	35.40990464
789.7584329	11.65277653
789.933763	7.159620064
790.1090946	25.73193225
790.2844278	28.17270515
790.4597626	30.45790642
790.635099	46.88750991
790.810437	11.97571497
790.9857765	20.11172546
791.1611176	31.24095465
791.3364604	38.82865409
791.5118047	30.99477625
791.6871505	22.47469041
791.862498	31.97185109
792.037847	26.74014446
792.2131976	27.45614293
792.3885499	32.05596507
792.5639036	0
792.739259	28.6867146
792.914616	34.75169245
793.0899745	24.533255
793.2653346	16.95991204
793.4406963	29.46432616
793.6160596	18.08315005
793.7914245	0
793.9667909	30.3124914
794.1421589	30.89467388
794.3175285	37.24678905
794.4928997	34.62325396
794.6682725	21.78375296
794.8436469	27.26195368
795.0190228	27.71985615
795.1944003	31.47206668
795.3697794	0
795.5451601	19.93550262
795.7205424	24.95637443
795.8959262	0.002203247
796.0713117	9.95445778
796.2466987	20.04837549
796.4220873	27.26496563
796.5974775	29.4854061
796.7728692	16.5531492
796.9482626	4.820800151
797.1236575	18.66363956
797.299054	0
797.4744521	8.028833539
797.6498518	34.74918897
797.825253	25.14489756
798.0006559	34.40518835
798.1760603	24.85189535
798.3514663	46.03564391
798.5268739	0
798.7022831	39.34996442
798.8776938	22.88487513
799.0531062	24.11448406
799.2285201	33.38517968
799.4039356	16.35306565
799.5793526	15.29451527
799.7547713	22.57835484
799.9301916	17.20612349
800.1056134	33.16543797
800.2810368	3.414353612
800.4564618	2.214304409
800.6318884	19.41047551
800.8073165	0
800.9827463	27.71480135
801.1581776	11.86439326
801.3336105	11.42685993
801.509045	0
801.684481	17.04799922
801.8599187	23.27815224
802.0353579	15.81795567
802.2107987	33.47170431
802.3862411	15.71574003
802.5616851	10.82985369
802.7371307	0
802.9125778	21.17146643
803.0880266	11.03901723
803.2634769	15.77564782
803.4389288	15.32635631
803.6143822	7.779739621
803.7898373	0
803.9652939	10.42873931
804.1407521	0
804.3162119	32.79606203
804.4916733	0
804.6671363	26.77326213
804.8426009	15.57812827
805.018067	30.65307272
805.1935347	30.93447106
805.369004	0
805.5444749	22.75615824
805.7199473	36.71456608
805.8954214	6.031635483
806.070897	8.129780629
806.2463742	7.150829741
806.421853	1.947536383
806.5973334	28.40446039
806.7728153	36.51370617
806.9482989	0
807.123784	0.725642444
807.2992707	19.32066906
807.474759	32.93400874
807.6502489	0
807.8257403	33.23326775
808.0012333	30.58603227
808.176728	33.52015839
808.3522242	29.82108015
808.5277219	0
808.7032213	28.39489969
808.8787222	22.46236671
809.0542248	18.03432995
809.2297289	11.02618433
809.4052346	1.485906399
809.5807418	52.89901924
809.7562507	19.07000399
809.9317611	32.38452215
810.1072732	0
810.2827868	12.56373904
810.4583019	0
810.6338187	35.59244967
810.8093371	0
810.984857	23.91647594
811.1603785	22.99050377
811.3359016	0
811.5114263	3.863613706
811.6869525	19.57722879
811.8624804	0
812.0380098	20.30271999
812.2135408	0
812.3890734	14.78274154
812.5646076	17.54652665
812.7401433	0
812.9156807	0
813.0912196	20.72837584
813.2667601	11.58798173
813.4423022	20.53044594
813.6178459	21.69545444
813.7933911	4.123106154
813.9689379	17.42593245
814.1444864	19.03733143
814.3200364	20.51300359
814.4955879	0
814.6711411	18.10960917
814.8466958	0
815.0222522	0
815.1978101	24.31145781
815.3733696	18.96124058
815.5489306	0
815.7244933	3.495083749
815.9000575	0.216421312
816.0756233	0
816.2511907	0
816.4267597	15.79409765
816.6023303	40.67080313
816.7779025	30.29359427
816.9534762	1.503018784
817.1290515	0
817.3046284	0
817.4802069	0
817.6557869	4.2373941
817.8313686	0
818.0069518	13.71738767
818.1825366	20.45845219
818.358123	16.70151507
818.533711	14.77052545
818.7093005	19.53482166
818.8848917	0
819.0604844	3.457739476
819.2360787	0
819.4116746	11.34691397
819.587272	0
819.7628711	12.3507506
819.9384717	12.5624943
820.1140739	16.21108486
820.2896777	0
820.4652831	25.97815838
820.6408901	6.84811496
820.8164986	11.24582531
820.9921087	0
821.1677204	8.891947272
821.3433337	0
821.5189486	9.55806614
821.6945651	25.2392832
821.8701831	10.45003903
822.0458027	10.61343886
822.2214239	0.008169199
822.3970467	0
822.5726711	0
822.748297	0
822.9239245	17.56607045
823.0995537	9.596032332
823.2751844	12.87892271
823.4508166	0
823.6264505	47.10733836
823.8020859	0
823.977723	1.363296414
824.1533616	27.15449863
824.3290018	33.57656132
824.5046435	0
824.6802869	23.08177646
824.8559318	0
825.0315783	12.660332
825.2072264	8.378267829
825.3828761	24.15933668
825.5585274	0
825.7341802	17.02597161
825.9098347	11.10880732
826.0854907	8.498261167
826.2611483	0
826.4368075	20.12763342
826.6124682	12.63377702
826.7881306	17.67507364
826.9637945	13.43529864
827.13946	26.19921704
827.3151271	16.3888595
827.4907958	28.33239085
827.666466	16.00364004
827.8421378	0
828.0178113	32.20403438
828.1934863	23.40547933
828.3691628	0
828.544841	8.162360672
828.7205208	18.6799083
828.8962021	9.371243882
829.071885	0
829.2475695	1.04573479
829.4232556	3.253859054
829.5989432	13.54474014
829.7746325	0
829.9503233	20.56645762
830.1260157	21.08996587
830.3017097	14.34578593
830.4774053	31.18611372
830.6531024	20.82571708
830.8288012	0
831.0045015	0
831.1802034	0
831.3559069	24.98227111
831.5316119	57.63463727
831.7073186	0
831.8830268	2.741876309
832.0587366	40.25285525
832.234448	21.02667084
832.410161	6.521699618
832.5858755	3.582867873
832.7615917	0
832.9373094	28.77009478
833.1130287	7.339299291
833.2887496	2.670889547
833.4644721	12.86907905
833.6401961	8.916484208
833.8159218	0
833.991649	0
834.1673778	27.52207528
834.3431082	32.81482191
834.5188401	15.42023001
834.6945737	27.55052627
834.8703088	10.73419262
835.0460455	0
835.2217838	29.38785351
835.3975237	0
835.5732652	35.15465417
835.7490082	0
835.9247528	62.76168184
836.100499	4.507881651
836.2762468	19.27818996
836.4519962	0
836.6277471	11.34219495
836.8034997	0
836.9792538	14.79649023
837.1550095	0
837.3307668	45.40849714
837.5065256	1.692130807
837.6822861	3.835634209
837.8580481	47.14838124
838.0338117	4.541111026
838.2095769	0
838.3853437	42.32524103
838.5611121	6.95320553
838.736882	0
838.9126535	4.931742798
839.0884266	0
839.2642013	33.96748625
839.4399776	29.7794132
839.6157554	25.13141986
839.7915349	0
839.9673159	0
840.1430985	61.2806042
840.3188827	6.161433768
840.4946684	54.2587078
840.6704558	9.382739382
840.8462447	54.9449799
841.0220352	26.68705534
841.1978273	4.370855919
841.373621	4.092472766
841.5494162	32.32841937
841.7252131	0
841.9010115	11.80429003
842.0768115	38.84267864
842.2526131	0
842.4284163	22.7917401
842.604221	23.31048916
842.7800274	0.663266606
842.9558353	16.3784803
843.1316448	25.19120341
843.3074559	17.71125641
843.4832685	14.05224136
843.6590828	0
843.8348986	21.20956162
844.010716	0
844.186535	9.051710256
844.3623556	13.13383219
844.5381777	0
844.7140015	34.34377148
844.8898268	7.508700588
845.0656537	21.90099787
845.2414822	9.699675506
845.4173123	47.0463289
845.5931439	12.53834384
845.7689771	0
845.944812	19.10265402
846.1206484	73.15038646
846.2964863	43.77067324
846.4723259	44.89685032
846.6481671	44.87988559
846.8240098	41.77409572
846.9998541	4.95233959
847.1757	0
847.3515475	0
847.5273965	0
847.7032472	34.96296853
847.8790994	43.08913251
848.0549532	10.579528
848.2308086	41.90020898
848.4066655	19.78482466
848.5825241	26.66772026
848.7583842	27.21221087
848.9342459	56.48038223
849.1101092	0
849.2859741	46.46864617
849.4618406	8.925916549
849.6377086	30.84646135
849.8135783	32.39110237
849.9894495	53.64529337
850.1653223	67.99543271
850.3411966	3.688087869
850.5170726	0
850.6929501	0
850.8688293	32.72508272
851.04471	27.69257299
851.2205922	0
851.3964761	7.693757362
851.5723616	0
851.7482486	20.01418723
851.9241372	37.03468814
852.1000274	67.07580698
852.2759192	53.21797107
852.4518126	23.17800634
852.6277075	14.14463598
852.803604	38.12878626
852.9795021	7.600849781
853.1554018	0
853.3313031	11.80036194
853.507206	33.16548713
853.6831104	0
853.8590164	51.77243413
854.034924	31.60671769
854.2108332	0
854.386744	21.63497335
854.5626563	37.54575986
854.7385703	5.92841237
854.9144858	16.86600543
855.0904029	0
855.2663216	49.77501872
855.4422418	30.55916392
855.6181637	0
855.7940871	8.157089465
855.9700121	0
856.1459387	58.91269048
856.3218669	48.58542651
856.4977966	0
856.673728	47.27230048
856.8496609	0
857.0255954	25.27985433
857.2015315	24.32147621
857.3774691	0
857.5534084	51.8738207
857.7293492	18.04340576
857.9052916	0
858.0812356	0
858.2571812	0
858.4331284	7.132202804
858.6090771	2.467445185
858.7850275	12.44123849
858.9609794	10.40416023
859.1369329	0
859.3128879	0
859.4888446	77.13157927
859.6648028	62.85777173
859.8407626	0
860.0167241	39.62966278
860.192687	45.07636089
860.3686516	70.60960622
860.5446178	31.84375157
860.7205855	26.84048269
860.8965548	35.87235874
861.0725257	16.18412293
861.2484982	0
861.4244722	6.427710899
861.6004479	0
861.7764251	51.73761267
861.9524039	36.71774769
862.1283843	1.534878536
862.3043663	11.78006847
862.4803498	0
862.656335	82.27320673
862.8323217	0
863.00831	12.39993761
863.1842999	4.614313089
863.3602914	19.69543972
863.5362844	43.84784929
863.712279	5.077978254
863.8882753	32.74205799
864.0642731	25.49314708
864.2402724	0
864.4162734	47.25838718
864.5922759	14.89669364
864.7682801	22.14362172
864.9442858	23.28358488
865.1202931	19.31720588
865.2963019	0.857540139
865.4723124	14.36253624
865.6483244	13.99875972
865.824338	3.864359996
866.0003533	0
866.17637	32.01891409
866.3523884	31.34199626
866.5284084	69.97254795
866.7044299	27.62050724
866.880453	16.2221438
867.0564777	8.306185261
867.232504	32.47848835
867.4085318	10.72188283
867.5845613	26.18583561
867.7605923	0
867.9366249	23.11100098
868.1126591	17.99184784
868.2886949	0
868.4647322	16.03071391
868.6407712	62.74082545
868.8168117	15.6239388
868.9928538	46.2568539
869.1688975	41.08097569
869.3449427	19.0198266
869.5209896	13.57833722
869.697038	61.62769848
869.873088	0
870.0491396	88.42058265
870.2251928	25.92996499
870.4012476	46.61286339
870.5773039	0
870.7533618	4.064349459
870.9294214	31.63911352
871.1054824	12.0087244
871.2815451	12.46938881
871.4576094	74.00185259
871.6336752	30.88255364
871.8097426	5.300346881
871.9858116	0
872.1618822	2.492550207
872.3379544	51.21345645
872.5140281	46.80878099
872.6901035	22.31623307
872.8661804	44.56960667
873.0422589	0
873.2183389	106.5690851
873.3944206	88.95630566
873.5705039	67.18617798
873.7465887	19.96693647
873.9226751	57.14250945
874.0987631	64.93043235
874.2748526	25.50783417
874.4509438	5.149866587
874.6270365	84.05239757
874.8031309	29.20753184
874.9792268	8.911759199
875.1553242	30.70093285
875.3314233	43.19558598
875.507524	0
875.6836262	25.42879744
875.85973	0
876.0358354	37.45405155
876.2119424	35.51459406
876.3880509	8.676992304
876.5641611	21.42925129
876.7402728	127.885336
876.9163861	50.19190874
877.092501	86.60026476
877.2686175	73.9289218
877.4447355	20.99466429
877.6208552	0.70162068
877.7969764	65.01220916
877.9730992	63.16957302
878.1492236	40.18175901
878.3253495	37.95111722
878.5014771	76.81341431
878.6776062	4.929703881
878.8537369	18.5511802
879.0298692	0
879.2060031	95.05297662
879.3821386	28.4764946
879.5582756	84.37432284
879.7344142	43.66020194
879.9105544	49.6863663
880.0866962	70.80778626
880.2628396	0
880.4389845	40.25728367
880.6151311	84.96638992
880.7912792	6.849023613
880.9674289	66.16988653
881.1435802	91.34322214
881.3197331	57.65702206
881.4958875	77.8226707
881.6720435	113.9432955
881.8482011	93.28247868
882.0243603	103.6407115
882.2005211	96.25839095
882.3766835	95.37543514
882.5528474	5.430444404
882.7290129	102.5522784
882.90518	91.91698732
883.0813487	89.95491653
883.257519	8.051591846
883.4336909	52.49478547
883.6098643	56.93102605
883.7860393	50.53065919
883.9622159	36.16367498
884.1383941	52.24234992
884.3145739	66.22765765
884.4907552	49.84030624
884.6669381	47.97355814
884.8431227	66.09021989
885.0193087	0
885.1954964	22.47302098
885.3716857	37.00750417
885.5478765	87.55858831
885.724069	45.82183195
885.900263	141.4823166
886.0764585	116.4010433
886.2526557	14.02949308
886.4288545	0.25583248
886.6050548	55.0834252
886.7812567	41.77326079
886.9574602	90.87455263
887.1336653	87.29010768
887.309872	67.00513779
887.4860802	107.677227
887.66229	137.6040907
887.8385015	81.06924295
888.0147145	131.0231476
888.190929	66.89041395
888.3671452	123.5469543
888.5433629	90.45289468
888.7195823	173.7704458
888.8958032	138.5409034
889.0720256	158.2632115
889.2482497	8.883290134
889.4244754	103.7238167
889.6007026	116.4933392
889.7769314	80.9907227
889.9531618	117.4179257
890.1293938	34.11400062
890.3056274	24.53013565
890.4818625	101.451678
890.6580992	226.621693
890.8343376	73.46717464
891.0105775	64.11676085
891.1868189	115.4463662
891.363062	96.76288232
891.5393066	136.0547663
891.7155529	98.31865929
891.8918007	89.11076303
892.06805	137.5361022
892.244301	120.5434892
892.4205536	75.63676295
892.5968077	139.7168533
892.7730634	55.00916284
892.9493207	196.4930302
893.1255796	98.98719346
893.3018401	114.5219804
893.4781021	139.9779327
893.6543657	152.5598976
893.830631	107.0064273
894.0068977	59.68905367
894.1831661	109.1513483
894.3594361	123.3282355
894.5357076	54.67778075
894.7119807	94.65285427
894.8882555	102.2831468
895.0645317	138.6239957
895.2408096	54.75108066
895.4170891	137.4982122
895.5933701	63.56659155
895.7696527	210.1456971
895.9459369	160.6506825
896.1222227	209.9599129
896.2985101	59.22384126
896.474799	85.26437176
896.6510895	121.5998926
896.8273816	107.4462358
897.0036753	200.4893086
897.1799706	101.0559993
897.3562675	89.23947998
897.5325659	98.42315036
897.7088659	128.1948076
897.8851675	145.6697751
898.0614707	157.4965964
898.2377755	129.5055861
898.4140818	105.8652096
898.5903898	123.7824989
898.7666993	160.4610916
898.9430104	125.638884
899.1193231	49.8843431
899.2956373	89.4024561
899.4719532	42.3504606
899.6482706	114.171745
899.8245896	162.0281367
