360.1506696	96.90228653
360.3220786	284.5742626
360.4934893	446.2230559
360.6649015	57.70630251
360.8363152	112.7686759
361.0077306	113.8950677
361.1791475	85.91825797
361.3505661	217.8387806
361.5219862	133.148675
361.6934079	136.3221382
361.8648311	60.94553555
362.036256	99.90111873
362.2076824	63.90220114
362.3791104	81.59286069
362.55054	103.8260236
362.7219712	264.8758315
362.893404	105.0043802
363.0648383	90.60272686
363.2362743	40.06235352
363.4077118	279.598062
363.5791509	107.0681953
363.7505915	142.0854746
363.9220338	196.9526734
364.0934776	95.66242597
364.2649231	134.628018
364.4363701	114.9574264
364.6078187	119.629969
364.7792688	137.5292444
364.9507206	98.40153604
365.1221739	116.1247883
365.2936288	101.5641628
365.4650853	161.1284655
365.6365434	45.56207036
365.8080031	196.4038024
365.9794643	124.5597857
366.1509272	94.64012438
366.3223916	105.9096296
366.4938576	178.4036037
366.6653252	85.80713558
366.8367943	176.5097723
367.0082651	65.05552476
367.1797374	126.3212117
367.3512113	141.4279724
367.5226868	76.49269031
367.6941638	109.7517675
367.8656425	104.4941504
368.0371227	91.46169317
368.2086046	83.98109897
368.380088	211.991872
368.5515729	17.85170424
368.7230595	108.739664
368.8945477	169.3996405
369.0660374	256.9066748
369.2375287	162.313763
369.4090216	245.0504449
369.5805161	285.8052596
369.7520121	192.6323031
369.9235098	54.38184623
370.095009	152.3930783
370.2665098	172.7041829
370.4380122	119.0959362
370.6095162	228.512364
370.7810217	152.6748262
370.9525288	95.76994047
371.1240376	167.5267936
371.2955479	164.3620969
371.4670597	158.6765457
371.6385732	151.5697462
371.8100883	162.5534971
371.9816049	106.6516334
372.1531231	187.8903519
372.3246429	143.2769789
372.4961643	134.017641
372.6676872	70.88105694
372.8392118	140.9513009
373.0107379	155.7972453
373.1822656	119.4692014
373.3537949	155.2629338
373.5253257	137.5487218
373.6968582	45.02987429
373.8683922	104.1209172
374.0399279	149.5767639
374.2114651	166.1316189
374.3830038	119.6637824
374.5545442	110.5409672
374.7260861	122.7578643
374.8976297	93.7527807
375.0691748	105.845117
375.2407215	74.72943482
375.4122698	119.80493
375.5838196	157.9358217
375.7553711	147.8808592
375.9269241	154.1810369
376.0984787	269.2853288
376.2700349	103.1913219
376.4415926	133.8613573
376.613152	115.4530702
376.7847129	161.844697
376.9562754	147.2022602
377.1278395	151.7981663
377.2994052	131.9295112
377.4709725	115.6519609
377.6425413	53.07108858
377.8141118	157.3077444
377.9856838	150.9528634
378.1572574	120.0318843
378.3288325	146.6622127
378.5004093	78.81601526
378.6719876	218.9514336
378.8435676	131.2136936
379.0151491	139.0395188
379.1867322	205.3068869
379.3583168	264.3945073
379.5299031	199.0703531
379.7014909	116.2093534
379.8730803	235.5048677
380.0446713	158.7289191
380.2162639	288.4652421
380.3878581	163.4362893
380.5594538	155.8660192
380.7310511	159.0493815
380.9026501	160.7396916
381.0742506	233.2624301
381.2458526	95.42190864
381.4174563	362.3211198
381.5890615	349.3101843
381.7606683	198.7060319
381.9322768	215.1691865
382.1038867	177.2042402
382.2754983	171.9152948
382.4471115	55.41310549
382.6187262	106.1794689
382.7903425	168.2775265
382.9619604	25.63732136
383.1335799	155.6468351
383.305201	65.97284985
383.4768236	132.3858855
383.6484478	107.5800886
383.8200736	86.68477217
383.991701	183.9644977
384.16333	88.23808623
384.3349606	144.8135522
384.5065927	117.7928735
384.6782264	159.7067266
384.8498617	151.9032986
385.0214986	172.2847559
385.1931371	177.4656688
385.3647771	142.9842481
385.5364188	175.3482937
385.708062	253.8557462
385.8797068	283.3458185
386.0513532	200.5746372
386.2230011	156.1471502
386.3946507	135.949288
386.5663018	111.3439613
386.7379545	159.670697
386.9096088	121.727088
387.0812647	219.46953
387.2529221	214.909602
387.4245812	278.6443066
387.5962418	150.6906261
387.767904	193.8100169
387.9395678	149.4166921
388.1112332	181.3497676
388.2829001	125.7332969
388.4545686	544.484039
388.6262388	89.9074781
388.7979105	285.7606452
388.9695837	92.6263065
389.1412586	72.50619103
389.312935	203.1735494
389.4846131	34.16010016
389.6562927	100.932614
389.8279739	182.9487975
389.9996566	59.8282437
390.171341	28.76837804
390.3430269	147.5935783
390.5147145	108.7828694
390.6864036	121.0590485
390.8580942	160.7595165
391.0297865	83.97270983
391.2014804	246.8793095
391.3731758	42.11789926
391.5448728	112.2832173
391.7165714	199.6540373
391.8882716	149.0350581
392.0599734	41.50674594
392.2316767	394.0565216
392.4033816	138.5023786
392.5750881	60.16603067
392.7467962	189.3849515
392.9185059	213.7612914
393.0902172	106.336268
393.26193	196.2878771
393.4336444	118.6843709
393.6053604	195.4827217
393.777078	177.1567742
393.9487972	249.131326
394.1205179	237.1213208
394.2922403	97.39659122
394.4639642	139.39643
394.6356897	205.1155259
394.8074167	185.7287621
394.9791454	93.58177051
395.1508757	171.1065414
395.3226075	57.77742876
395.4943409	139.3819022
395.6660759	67.38773985
395.8378125	95.0051029
396.0095506	135.4922685
396.1812903	25.00298719
396.3530317	187.1160115
396.5247746	27.58364744
396.6965191	53.89084856
396.8682651	120.1840013
397.0400128	254.0098302
397.211762	141.4360106
397.3835128	126.6865218
397.5552652	44.01192469
397.7270192	123.6994718
397.8987748	140.0011642
398.0705319	153.5762023
398.2422906	212.6025316
398.4140509	125.7682655
398.5858128	115.1305099
398.7575763	93.05868941
398.9293414	156.1224199
399.101108	91.70418083
399.2728762	90.60026885
399.444646	59.42772996
399.6164174	153.8712589
399.7881904	177.221339
399.9599649	117.6454902
400.1317411	102.4085578
400.3035188	157.204371
400.4752981	158.363479
400.6470789	166.7236853
400.8188614	159.3665078
400.9906454	103.8760497
401.1624311	80.19924525
401.3342183	141.0830783
401.5060071	80.84720656
401.6777974	63.11532591
401.8495894	96.13350811
402.0213829	156.6378309
402.1931781	183.4749524
402.3649748	69.89680349
402.536773	166.8540509
402.7085729	71.16594107
402.8803744	123.8123965
403.0521774	87.24235081
403.223982	139.7587937
403.3957882	149.7238852
403.567596	152.9928097
403.7394053	68.38571984
403.9112163	131.3475982
404.0830288	116.0085275
404.2548429	116.8976237
404.4266586	147.5460215
404.5984759	51.73545677
404.7702947	95.5384784
404.9421152	170.500758
405.1139372	74.54159626
405.2857608	89.65004546
405.457586	133.1858257
405.6294127	117.8763756
405.8012411	105.475712
405.973071	79.23200981
406.1449025	142.4460816
406.3167356	219.0476685
406.4885703	147.6035613
406.6604066	101.9913964
406.8322444	90.05606768
407.0040838	130.7594507
407.1759249	154.3314031
407.3477674	88.91066474
407.5196116	155.6841796
407.6914574	168.9379489
407.8633047	146.1820997
408.0351536	184.1047747
408.2070041	180.6151272
408.3788562	115.8171438
408.5507099	198.9002372
408.7225651	151.2627442
408.894422	122.1205125
409.0662804	72.0819406
409.2381404	87.73696371
409.4100019	109.1666607
409.5818651	110.2632739
409.7537298	162.2418731
409.9255962	163.2689699
410.0974641	108.6644239
410.2693336	146.6158456
410.4412046	131.8260181
410.6130773	111.8977269
410.7849515	85.13840221
410.9568274	118.2852764
411.1287048	158.6466064
411.3005837	63.67844746
411.4724643	154.4892336
411.6443464	131.4599338
411.8162302	120.9908427
411.9881155	150.6660278
412.1600024	76.49960965
412.3318909	22.1328561
412.5037809	134.1470353
412.6756726	16.17955155
412.8475658	119.275383
413.0194606	72.43716421
413.191357	140.608558
413.363255	133.3713787
413.5351545	117.5949998
413.7070557	110.4942159
413.8789584	114.2050628
414.0508627	112.1488064
414.2227686	74.73829795
414.394676	142.0749006
414.5665851	86.58834536
414.7384957	84.41186395
414.9104079	105.1375134
415.0823217	83.89024707
415.2542371	110.0081386
415.426154	99.60586198
415.5980726	83.85789299
415.7699927	99.03483471
415.9419144	44.68044069
416.1138377	134.9940118
416.2857626	108.5109345
416.457689	119.429195
416.6296171	121.6946619
416.8015467	167.3446492
416.9734779	105.4861577
417.1454107	104.779449
417.317345	75.84596459
417.489281	110.9668873
417.6612185	146.3989411
417.8331576	93.96006513
418.0050983	146.2996719
418.1770406	74.68615724
418.3489845	107.7198444
418.5209299	161.6373081
418.6928769	114.6036485
418.8648255	46.061647
419.0367757	135.2886299
419.2087275	115.4363081
419.3806808	122.2893666
419.5526358	117.7676037
419.7245923	69.31668908
419.8965504	89.90954544
420.0685101	146.5425947
420.2404713	127.3937551
420.4124342	126.4790801
420.5843986	131.5240078
420.7563646	129.3830364
420.9283322	127.0690351
421.1003014	207.9435838
421.2722722	83.36227871
421.4442445	137.6563144
421.6162184	84.87385134
421.7881939	110.5395241
421.960171	92.28022574
422.1321497	138.4774086
422.3041299	97.74848574
422.4761118	102.7636914
422.6480952	94.91716947
422.8200802	62.76485369
422.9920668	118.0773026
423.1640549	109.9816109
423.3360447	171.5654973
423.508036	111.0508095
423.6800289	68.82003599
423.8520234	113.053128
424.0240195	95.02564985
424.1960172	100.8199747
424.3680164	146.1190243
424.5400172	113.2157415
424.7120196	133.947344
424.8840236	98.90826464
425.0560292	142.1703029
425.2280363	164.0569655
425.4000451	140.3895197
425.5720554	83.1399309
425.7440673	112.5640647
425.9160808	134.8179845
426.0880958	58.90023323
426.2601125	148.5950449
426.4321307	115.7328512
426.6041505	140.5840345
426.7761719	92.27175227
426.9481949	172.0156615
427.1202194	47.07825274
427.2922456	134.8609829
427.4642733	105.2316014
427.6363026	125.4670346
427.8083335	143.3144354
427.980366	134.7506821
428.1524	161.5366257
428.3244357	110.0109137
428.4964729	127.9706638
428.6685117	107.514208
428.8405521	159.3045932
429.012594	143.8951844
429.1846376	91.53730097
429.3566827	74.62388747
429.5287294	108.3207855
429.7007777	114.9174319
429.8728276	83.07259194
430.044879	143.6270294
430.2169321	163.0451841
430.3889867	139.8948614
430.5610429	195.1154343
430.7331007	148.3839621
430.9051601	124.1125995
431.077221	197.5062998
431.2492835	141.9075623
431.4213477	145.4811136
431.5934134	172.0809761
431.7654806	163.6423544
431.9375495	183.1305558
432.10962	167.0776464
432.281692	133.5129718
432.4537656	150.1681767
432.6258408	172.3689659
432.7979176	151.5177522
432.9699959	172.1282313
433.1420759	177.839657
433.3141574	126.5663333
433.4862405	213.3006935
433.6583252	161.319228
433.8304114	153.6211687
434.0024993	225.5907408
434.1745887	197.8128955
434.3466797	136.3657813
434.5187723	166.5020154
434.6908665	163.6681707
434.8629623	191.0010314
435.0350596	181.8740374
435.2071586	212.9752279
435.3792591	243.7671602
435.5513612	192.3564967
435.7234648	177.4651144
435.8955701	229.4067379
436.0676769	159.667607
436.2397854	213.2147375
436.4118954	166.3566432
436.5840069	190.5229322
436.7561201	220.888439
436.9282349	200.4464137
437.1003512	199.1663408
437.2724691	208.2944915
437.4445886	195.3652391
437.6167097	244.9196076
437.7888324	196.9146074
437.9609566	230.0817274
438.1330824	243.3131128
438.3052098	244.1501496
438.4773388	210.6939227
438.6494694	211.7659543
438.8216016	238.7461723
438.9937353	228.621555
439.1658706	242.7395403
439.3380075	267.7308365
439.510146	239.5448077
439.6822861	275.91477
439.8544277	299.4474296
440.026571	255.9338626
440.1987158	251.5875434
440.3708622	269.8211377
440.5430102	319.2036145
440.7151597	307.4609113
440.8873109	282.0001502
441.0594636	262.8377412
441.2316179	266.8083593
441.4037738	298.842532
441.5759313	296.9913553
441.7480903	340.1551967
441.920251	280.9231585
442.0924132	340.4757947
442.264577	334.209761
442.4367424	317.5776548
442.6089093	331.7385843
442.7810779	393.5840588
442.953248	340.5379792
443.1254197	342.0277847
443.297593	358.5316238
443.4697679	343.6931136
443.6419444	357.4571987
443.8141224	337.6989182
443.9863021	327.9497273
444.1584833	361.3947186
444.3306661	376.3165603
444.5028504	446.2206735
444.6750364	403.2348702
444.8472239	399.2957131
445.019413	424.3051696
445.1916038	381.8644948
445.363796	401.1357479
445.5359899	459.0745774
445.7081854	456.1631557
445.8803824	437.6182371
446.052581	475.0675701
446.2247812	467.0617069
446.396983	486.0174077
446.5691863	497.3536501
446.7413913	527.7991203
446.9135978	505.029726
447.0858059	519.6230726
447.2580156	535.094912
447.4302269	557.5212273
447.6024397	539.6007034
447.7746542	517.5423435
447.9468702	581.4715074
448.1190878	560.5553914
448.291307	633.3322025
448.4635278	592.4688235
448.6357501	641.545935
448.807974	641.3244875
448.9801996	693.3189727
449.1524266	630.5129958
449.3246553	640.4543427
449.4968856	693.7582577
449.6691174	723.9123423
449.8413509	734.2276897
450.0135859	765.2908248
450.1858225	760.6779452
450.3580606	734.7071564
450.5303004	759.0513123
450.7025417	788.171445
450.8747846	780.0482182
451.0470291	833.4530763
451.2192752	825.5347498
451.3915229	839.1640601
451.5637722	868.3981942
451.736023	846.3407251
451.9082754	871.6221198
452.0805294	925.0172806
452.252785	970.8034315
452.4250421	1001.839584
452.5973009	971.0755272
452.7695612	1027.517465
452.9418231	1008.314478
453.1140866	1001.44642
453.2863517	1074.670376
453.4586183	1002.723149
453.6308866	1075.096875
453.8031564	1052.511414
453.9754278	1103.740785
454.1477008	1126.928848
454.3199753	1105.636313
454.4922515	1116.776025
454.6645292	1142.569077
454.8368085	1154.039867
455.0090894	1173.526588
455.1813719	1179.66074
455.353656	1188.225238
455.5259416	1153.305836
455.6982288	1198.720988
455.8705176	1263.241843
456.042808	1212.231333
456.2151	1239.485039
456.3873936	1241.557587
456.5596887	1154.68182
456.7319854	1182.811128
456.9042837	1256.05508
457.0765836	1241.064793
457.2488851	1241.729883
457.4211881	1237.464687
457.5934928	1222.963317
457.765799	1182.416927
457.9381068	1156.063594
458.1104161	1190.113663
458.2827271	1172.948305
458.4550396	1167.75006
458.6273538	1228.701849
458.7996695	1140.90073
458.9719868	1151.853624
459.1443056	1138.214887
459.3166261	1130.561682
459.4889481	1110.967438
459.6612718	1084.866468
459.833597	1152.018232
460.0059237	1130.653861
460.1782521	1114.659068
460.3505821	1042.047826
460.5229136	1132.886473
460.6952467	1038.128562
460.8675814	1031.254343
461.0399177	985.1359616
461.2122555	958.3903189
461.384595	1000.992679
461.556936	997.9176143
461.7292786	1016.562381
461.9016228	960.0148768
462.0739686	948.1356906
462.2463159	920.9252318
462.4186649	880.4105693
462.5910154	923.6178545
462.7633675	895.8785128
462.9357212	889.2112771
463.1080764	896.7533725
463.2804333	840.3081574
463.4527917	855.4658063
463.6251517	816.3572981
463.7975133	833.4771108
463.9698765	833.5013252
464.1422413	778.9567724
464.3146076	797.5528437
464.4869755	780.4135536
464.659345	822.1789073
464.8317161	750.687805
465.0040888	738.6542122
465.176463	751.1103568
465.3488389	726.4883583
465.5212163	760.3165403
465.6935953	771.7848932
465.8659759	703.5654747
466.038358	772.3318268
466.2107418	718.9825512
466.3831271	743.7300157
466.555514	710.9830089
466.7279025	749.2664763
466.9002926	691.8387846
467.0726843	729.4266149
467.2450775	720.0496692
467.4174723	689.0658769
467.5898687	686.9592163
467.7622667	703.5838777
467.9346663	699.4209403
468.1070675	706.7908948
468.2794702	688.6865005
468.4518745	652.2564313
468.6242804	692.914407
468.7966879	680.2786809
468.969097	679.64596
469.1415076	673.0455377
469.3139198	685.3296014
469.4863336	678.0835399
469.658749	738.4309239
469.831166	687.9732561
470.0035846	684.105774
470.1760047	652.8588766
470.3484264	676.9876556
470.5208497	659.1534999
470.6932746	673.9218215
470.8657011	685.0999021
471.0381292	698.0064799
471.2105588	673.3680125
471.38299	697.3003476
471.5554228	676.388724
471.7278572	624.7497287
471.9002932	652.9911711
472.0727307	639.9551996
472.2451698	685.1763805
472.4176106	643.045016
472.5900528	629.73754
472.7624967	651.108306
472.9349422	635.1826125
473.1073892	640.5787031
473.2798378	617.4346169
473.4522881	654.7660314
473.6247398	631.0309854
473.7971932	649.0580845
473.9696482	582.9815849
474.1421047	589.6668925
474.3145628	594.8812292
474.4870225	594.2205091
474.6594838	601.9560151
474.8319467	588.045838
475.0044111	616.9431507
475.1768771	601.2625461
475.3493448	636.412336
475.5218139	568.8913557
475.6942847	581.9818274
475.8667571	533.2220319
476.039231	551.7628579
476.2117065	561.3960682
476.3841836	540.2463023
476.5566623	561.2290265
476.7291426	555.4415683
476.9016245	515.1441964
477.0741079	552.2841231
477.2465929	540.8230455
477.4190795	562.7225754
477.5915677	536.9186406
477.7640575	532.9833156
477.9365488	511.5819974
478.1090417	499.5502363
478.2815362	533.4570122
478.4540323	471.7189893
478.62653	521.3399779
478.7990293	485.0782386
478.9715301	515.050772
479.1440325	500.3526773
479.3165365	496.2515871
479.4890421	501.7814153
479.6615493	485.7527288
479.834058	480.9420989
480.0065684	496.335053
480.1790803	500.9962053
480.3515938	477.5218169
480.5241089	443.05261
480.6966255	507.2394052
480.8691438	486.4426144
481.0416636	466.6756657
481.214185	452.9596781
481.386708	501.3029029
481.5592326	458.0171816
481.7317588	473.4762959
481.9042865	414.9069862
482.0768158	446.9462951
482.2493467	450.5480022
482.4218792	462.1670057
482.5944133	454.3151298
482.7669489	444.7633392
482.9394862	452.9389144
483.112025	482.7206838
483.2845654	424.0607029
483.4571074	452.0462746
483.6296509	450.0418498
483.8021961	431.4567133
483.9747428	406.4745397
484.1472911	488.2038409
484.319841	478.7466636
484.4923925	465.2195033
484.6649455	438.9485925
484.8375002	455.8157303
485.0100564	447.3978396
485.1826142	477.1495831
485.3551736	482.7134173
485.5277346	484.5916001
485.7002971	454.9837612
485.8728612	455.4150424
486.045427	479.3957086
486.2179943	450.8665041
486.3905631	464.4679587
486.5631336	452.0880503
486.7357057	459.0190874
486.9082793	472.6466528
487.0808545	473.0340611
487.2534313	471.8170004
487.4260097	466.5625843
487.5985896	467.7826572
487.7711712	471.387068
487.9437543	481.8572721
488.116339	449.4692161
488.2889253	458.0818696
488.4615131	470.5744237
488.6341026	458.6130419
488.8066936	468.8274677
488.9792862	482.66988
489.1518804	464.3637594
489.3244762	447.9348235
489.4970736	459.6427945
489.6696725	481.726036
489.8422731	467.650494
490.0148752	441.3510424
490.1874789	477.3230365
490.3600841	456.7110247
490.532691	473.5262424
490.7052994	488.0795845
490.8779094	483.3644714
491.050521	466.8985526
491.2231342	484.2657246
491.395749	467.2652556
491.5683654	489.1343465
491.7409833	492.8575658
491.9136028	463.4623634
492.0862239	454.0824308
492.2588466	476.3468306
492.4314708	454.8538554
492.6040967	562.4293621
492.7767241	477.7087211
492.9493531	475.1094736
493.1219837	475.8247248
493.2946159	462.7875641
493.4672496	446.7525284
493.639885	473.2028055
493.8125219	491.6290344
493.9851604	448.0447414
494.1578005	472.3941802
494.3304422	493.5155551
494.5030854	474.1313059
494.6757302	500.5201853
494.8483767	476.5225031
495.0210247	492.004757
495.1936742	479.5140379
495.3663254	457.0845533
495.5389781	447.7725828
495.7116325	492.3806359
495.8842884	485.1966036
496.0569459	464.3132582
496.229605	450.1881632
496.4022656	436.5252208
496.5749278	469.6784725
496.7475917	448.4218482
496.9202571	462.4470206
497.0929241	455.8093199
497.2655926	481.3300879
497.4382628	491.2726779
497.6109345	450.7644596
497.7836078	486.9813683
497.9562827	475.5814731
498.1289592	498.0219008
498.3016373	467.0761502
498.4743169	468.1876494
498.6469981	455.7165485
498.8196809	482.3176096
498.9923653	470.8748698
499.1650513	461.7104019
499.3377389	477.0901661
499.510428	465.2874819
499.6831187	491.1798419
499.855811	442.5479081
500.0285049	466.5538624
500.2012004	456.4023921
500.3738974	468.1367668
500.5465961	492.193631
500.7192963	482.1592948
500.8919981	476.299636
501.0647014	463.075868
501.2374064	465.4218532
501.410113	464.5987609
501.5828211	489.3813776
501.7555308	488.8493725
501.9282421	480.0508257
502.100955	484.1914266
502.2736694	458.9091178
502.4463854	488.6009325
502.6191031	466.9666025
502.7918223	472.7973521
502.9645431	473.1767761
503.1372654	483.3033254
503.3099894	471.6655894
503.4827149	481.1636562
503.655442	459.551437
503.8281707	471.1811534
504.000901	485.4479304
504.1736329	484.9058689
504.3463663	485.6232098
504.5191013	494.938802
504.6918379	495.9179278
504.8645761	484.340466
505.0373159	466.3946543
505.2100572	476.142999
505.3828002	462.5321486
505.5555447	471.0320295
505.7282908	477.5605065
505.9010385	484.1520638
506.0737878	466.8213185
506.2465386	482.105553
506.419291	478.9809092
506.5920451	473.745482
506.7648006	473.1819338
506.9375578	462.5420558
507.1103166	493.2098022
507.2830769	475.7544968
507.4558389	471.2159186
507.6286024	477.6358396
507.8013675	471.1618163
507.9741341	481.4239402
508.1469024	483.6379423
508.3196722	475.484155
508.4924436	470.0692451
508.6652166	494.5004675
508.8379912	482.1711406
509.0107674	475.2988781
509.1835451	471.1413935
509.3563245	460.5447776
509.5291054	476.6906369
509.7018879	482.735891
509.874672	467.9532435
510.0474576	470.1624023
510.2202449	471.9781324
510.3930337	466.1235419
510.5658241	485.113728
510.7386161	470.5607256
510.9114097	461.9556288
511.0842048	490.9257275
511.2570015	481.0644743
511.4297999	491.8014514
511.6025998	455.4211978
511.7754013	472.6282862
511.9482043	479.0204219
512.121009	465.8282371
512.2938152	464.0785245
512.466623	479.3036471
512.6394324	471.1988265
512.8122434	456.7581273
512.9850559	456.5525936
513.1578701	476.4393988
513.3306858	468.0142723
513.5035031	469.9149788
513.676322	445.3776531
513.8491425	468.5145015
514.0219645	468.1833774
514.1947882	433.4123188
514.3676134	446.1648972
514.5404402	461.3101081
514.7132686	483.6799988
514.8860985	473.7763711
515.0589301	478.7890446
515.2317632	465.0320217
515.4045979	447.7983763
515.5774342	443.8813125
515.7502721	458.8958137
515.9231116	469.4877672
516.0959526	453.760491
516.2687952	482.5827102
516.4416394	470.1965442
516.6144852	451.9419602
516.7873326	438.6935219
516.9601816	455.7792898
517.1330321	465.7099312
517.3058842	448.4475724
517.4787379	451.3479247
517.6515932	445.7657367
517.8244501	445.0702231
517.9973085	449.8896846
518.1701685	451.4084965
518.3430302	444.5111371
518.5158933	465.3939587
518.6887581	461.9570821
518.8616245	444.3846595
519.0344924	446.2644666
519.2073619	469.4032823
519.3802331	455.6102663
519.5531057	441.9290528
519.72598	466.2160291
519.8988559	443.6497926
520.0717333	457.3737784
520.2446123	454.8433874
520.4174929	457.3794856
520.5903751	467.3960898
520.7632589	448.014409
520.9361442	459.9141269
521.1090311	433.5469647
521.2819197	462.8200299
521.4548098	420.381735
521.6277014	449.9622518
521.8005947	448.9981981
521.9734895	439.1834774
522.146386	450.4074291
522.319284	443.3388224
522.4921836	448.9339866
522.6650847	457.3583294
522.8379875	437.0226227
523.0108918	440.3232503
523.1837977	438.024925
523.3567052	450.2372492
523.5296143	450.840916
523.702525	423.4304367
523.8754372	443.4790837
524.0483511	464.543892
524.2212665	449.757327
524.3941835	412.0215915
524.567102	450.5638387
524.7400222	435.5852208
524.9129439	436.9690662
525.0858673	436.8833654
525.2587922	428.5892507
525.4317187	438.3227404
525.6046467	442.8841211
525.7775764	440.6612596
525.9505076	440.0264942
526.1234404	444.7654676
526.2963748	420.3446196
526.4693108	421.6215478
526.6422484	437.6675072
526.8151875	437.0298305
526.9881283	455.2904813
527.1610706	446.249214
527.3340145	437.3564818
527.5069599	435.1996409
527.679907	431.5031006
527.8528556	441.8404579
528.0258059	434.926842
528.1987577	428.8155445
528.371711	438.950845
528.544666	443.5104523
528.7176226	445.3384431
528.8905807	429.7764417
529.0635404	438.882213
529.2365017	438.3091675
529.4094646	436.2680914
529.5824291	426.0213473
529.7553951	445.8697668
529.9283627	436.4285367
530.101332	441.9075525
530.2743027	432.6226657
530.4472751	441.9405217
530.6202491	432.7233193
530.7932246	430.3963114
530.9662017	431.9289942
531.1391805	450.5224435
531.3121607	438.6754899
531.4851426	429.1726453
531.6581261	414.3876193
531.8311111	438.3227985
532.0040977	436.7900487
532.1770859	433.6990704
532.3500757	435.3374444
532.5230671	425.7082814
532.69606	426.9583582
532.8690545	431.4997674
533.0420506	427.6973005
533.2150483	434.8641036
533.3880476	416.4410529
533.5610485	431.3216085
533.7340509	427.5534521
533.9070549	430.97841
534.0800605	432.3242935
534.2530677	410.2484946
534.4260765	423.7707682
534.5990868	409.1514052
534.7720988	421.7175642
534.9451123	412.3777778
535.1181274	432.8767736
535.2911441	427.3023242
535.4641623	430.8775125
535.6371822	433.4095618
535.8102036	435.6758885
535.9832266	442.5318638
536.1562512	439.7518691
536.3292774	435.3627774
536.5023052	435.1210839
536.6753345	426.570892
536.8483654	424.8301575
537.0213979	425.8076583
537.194432	436.8443177
537.3674677	430.0733585
537.5405049	412.1182137
537.7135438	429.5156473
537.8865842	424.1186931
538.0596262	436.0895758
538.2326698	419.5750521
538.4057149	412.8469326
538.5787617	428.5730696
538.75181	427.3170404
538.9248599	415.0871341
539.0979114	426.6670229
539.2709645	415.7945241
539.4440191	424.4133699
539.6170754	429.0511622
539.7901332	434.020871
539.9631926	412.0027433
540.1362536	416.0535822
540.3093161	415.044733
540.4823803	420.3547869
540.655446	411.5292891
540.8285133	420.0302665
541.0015822	425.7255812
541.1746527	419.582905
541.3477248	418.7811604
541.5207984	420.3110227
541.6938737	403.010585
541.8669505	416.2680063
542.0400289	403.2966068
542.2131088	424.9060658
542.3861904	423.7447054
542.5592735	428.0070117
542.7323583	425.988583
542.9054446	415.7163094
543.0785324	412.6516321
543.2516219	419.447871
543.424713	428.2079898
543.5978056	425.033359
543.7708998	431.4996766
543.9439956	406.2610542
544.117093	401.974244
544.290192	418.477332
544.4632925	405.3983675
544.6363946	423.6503262
544.8094983	412.9402376
544.9826036	413.427644
545.1557105	416.4470792
545.328819	416.3419963
545.501929	424.4017574
545.6750406	415.1480221
545.8481538	431.1575143
546.0212686	411.1284785
546.194385	405.7896066
546.3675029	409.528918
546.5406225	406.6356923
546.7137436	419.4958144
546.8868663	403.382023
547.0599906	402.8521734
547.2331164	387.1799523
547.4062439	400.0904737
547.5793729	423.4429631
547.7525035	406.3422831
547.9256357	423.1407877
548.0987695	397.603712
548.2719048	428.1421769
548.4450418	428.690203
548.6181803	397.2658501
548.7913204	419.733621
548.9644621	399.9879722
549.1376053	415.128949
549.3107502	403.0397355
549.4838966	405.8122811
549.6570446	404.2289299
549.8301942	404.1651189
550.0033454	394.0286256
550.1764982	402.1550024
550.3496525	404.9767259
550.5228084	404.2574512
550.6959659	404.6638437
550.869125	396.2629568
551.0422857	405.9888698
551.215448	407.1752543
551.3886118	400.7135085
551.5617772	407.9539002
551.7349442	400.4705561
551.9081128	389.5222759
552.081283	399.8961721
552.2544547	402.0064396
552.4276281	390.5548278
552.600803	413.4384415
552.7739795	393.418587
552.9471576	389.528458
553.1203372	392.6555482
553.2935185	376.8779447
553.4667013	379.6574708
553.6398857	393.2612103
553.8130717	382.4412042
553.9862593	392.9983499
554.1594484	401.4988933
554.3326392	384.6636744
554.5058315	379.5687891
554.6790254	393.6200326
554.8522209	393.7493181
555.0254179	380.7142015
555.1986166	371.8036032
555.3718168	383.6013255
555.5450186	388.9879546
555.718222	383.6576016
555.891427	374.9278546
556.0646336	371.465517
556.2378417	397.2702148
556.4110514	390.6669375
556.5842627	393.7363769
556.7574756	388.2980966
556.9306901	368.2393638
557.1039062	387.6690246
557.2771238	369.5889563
557.450343	377.5395288
557.6235638	381.7385421
557.7967862	375.7388021
557.9700102	376.2007541
558.1432357	390.908357
558.3164628	364.2069072
558.4896916	362.7498751
558.6629219	386.2900064
558.8361537	376.9177905
559.0093872	373.1152821
559.1826222	387.6187579
559.3558589	386.0788925
559.5290971	372.6117498
559.7023369	377.8484833
559.8755782	380.8153059
560.0488212	373.758844
560.2220657	376.2769103
560.3953118	368.8327696
560.5685595	393.3059557
560.7418088	363.8596796
560.9150597	369.1744974
561.0883121	366.0658086
561.2615662	375.206549
561.4348218	380.4087034
561.608079	372.1399665
561.7813378	355.0852662
561.9545981	378.272988
562.1278601	361.9008828
562.3011236	367.9950194
562.4743887	367.2007253
562.6476554	368.972288
562.8209237	362.9918915
562.9941935	374.5480966
563.167465	363.2013771
563.340738	368.5482268
563.5140126	353.2775173
563.6872888	359.2994098
563.8605665	360.6411037
564.0338459	357.9927369
564.2071268	360.1865312
564.3804093	359.2071561
564.5536934	356.4439265
564.7269791	354.1910459
564.9002664	353.2500926
565.0735552	355.6219034
565.2468456	359.5118464
565.4201376	351.3525644
565.5934312	349.8262656
565.7667264	359.9780819
565.9400231	354.5434721
566.1133215	361.8905272
566.2866214	351.2208735
566.4599229	344.9209487
566.633226	348.1064635
566.8065306	348.6358967
566.9798369	340.8568039
567.1531447	348.9182658
567.3264541	351.3971687
567.4997651	353.2044233
567.6730777	342.7422526
567.8463919	342.2021322
568.0197076	342.1859964
568.1930249	345.949469
568.3663438	348.118446
568.5396643	331.1297864
568.7129864	341.3699194
568.8863101	342.3362147
569.0596353	352.532132
569.2329621	340.5141227
569.4062905	338.9324023
569.5796205	348.5994618
569.7529521	342.979914
569.9262852	336.2409805
570.0996199	344.5017382
570.2729563	341.8190636
570.4462941	331.7471673
570.6196336	347.2404819
570.7929747	336.8408072
570.9663173	339.5588531
571.1396616	324.3170782
571.3130074	342.8283122
571.4863547	333.1205685
571.6597037	331.5649817
571.8330543	320.2031551
572.0064064	334.8733526
572.1797601	328.2464735
572.3531154	324.3380502
572.5264723	326.0841859
572.6998308	330.3436618
572.8731908	332.3978617
573.0465525	329.6488092
573.2199157	327.3590654
573.3932805	326.542778
573.5666468	312.3289081
573.7400148	334.7023912
573.9133843	330.6511264
574.0867555	318.9540282
574.2601282	313.2893338
574.4335025	324.0337426
574.6068783	310.0054841
574.7802558	329.3911013
574.9536348	325.0445941
575.1270154	321.541248
575.3003976	317.1661879
575.4737814	323.2410145
575.6471668	319.1948484
575.8205537	321.4806468
575.9939423	322.0745031
576.1673324	317.685847
576.3407241	310.7914114
576.5141173	314.8891796
576.6875122	315.0112366
576.8609086	315.6893613
577.0343067	314.3120046
577.2077063	317.843988
577.3811075	306.1752318
577.5545102	324.3035866
577.7279146	310.1124954
577.9013205	317.4641079
578.074728	313.5817941
578.2481371	307.3779721
578.4215478	305.5268422
578.5949601	311.4446358
578.7683739	300.842172
578.9417894	310.5576542
579.1152064	293.378767
579.288625	307.0640414
579.4620451	300.8796621
579.6354669	301.542906
579.8088902	303.4122104
579.9823152	299.538507
580.1557417	309.4201688
580.3291698	312.0571636
580.5025994	297.7631102
580.6760307	312.2123736
580.8494635	313.6770547
581.0228979	307.2414975
581.1963339	304.5097603
581.3697715	301.5558188
581.5432107	301.6172153
581.7166514	309.0166209
581.8900937	304.0795015
582.0635377	303.1741677
582.2369832	292.4327257
582.4104302	299.9543846
582.5838789	298.8282397
582.7573291	311.8659872
582.9307809	297.2911362
583.1042344	303.7370816
583.2776893	304.4180795
583.4511459	290.5099449
583.6246041	310.3775466
583.7980638	301.6230016
583.9715251	311.1927384
584.144988	310.4273308
584.3184525	289.553119
584.4919186	307.1193309
584.6653862	294.3190704
584.8388554	299.0713045
585.0123262	297.6039628
585.1857986	294.3877015
585.3592726	296.0634749
585.5327482	301.2465781
585.7062253	288.8485093
585.879704	298.9752508
586.0531843	295.3567984
586.2266662	299.4923527
586.4001497	301.4289478
586.5736347	287.6551121
586.7471214	287.2026995
586.9206096	294.0172231
587.0940994	294.2039019
587.2675908	302.8469542
587.4410837	288.2004948
587.6145783	311.0499642
587.7880744	297.5987833
587.9615721	284.4581161
588.1350714	291.1605981
588.3085723	283.5664223
588.4820748	281.891218
588.6555788	280.4076379
588.8290844	289.449209
589.0025916	288.7543341
589.1761004	284.3357718
589.3496108	285.3555734
589.5231227	288.4485036
589.6966363	291.9840985
589.8701514	280.472921
590.0436681	283.6018956
590.2171864	289.7302313
590.3907062	290.3240973
590.5642277	287.0669903
590.7377507	280.0185455
590.9112753	287.4494539
591.0848015	285.3627094
591.2583293	276.5369954
591.4318586	279.3759108
591.6053896	287.6499943
591.7789221	281.099277
591.9524562	278.1905179
592.1259919	278.5195942
592.2995291	273.9461158
592.473068	284.7962416
592.6466084	283.9442989
592.8201504	277.3098215
592.993694	273.0158044
593.1672392	279.1581544
593.340786	278.9474489
593.5143343	283.3518703
593.6878843	270.9256626
593.8614358	273.1461445
594.0349889	282.5425459
594.2085435	286.5600683
594.3820998	277.6263343
594.5556576	283.3623085
594.7292171	280.0548385
594.9027781	289.2227298
595.0763406	290.4755364
595.2499048	264.839338
595.4234706	284.6639549
595.5970379	280.1652373
595.7706068	281.8640157
595.9441773	277.8887886
596.1177494	276.6994565
596.2913231	286.1540694
596.4648983	281.9993994
596.6384751	278.1533584
596.8120535	284.59267
596.9856335	276.0986823
597.1592151	285.5550962
597.3327983	282.5766016
597.506383	276.3541362
597.6799693	276.8714337
597.8535572	274.2432714
598.0271467	284.1087795
598.2007378	279.3900872
598.3743304	279.3270282
598.5479247	279.4475751
598.7215205	273.9524183
598.8951179	288.2205214
599.0687168	289.3672904
599.2423174	283.5128
599.4159196	292.2651378
599.5895233	285.3933263
599.7631286	288.3788623
599.9367355	288.5270319
600.110344	285.6469622
600.283954	285.4283207
600.4575657	281.7651616
600.6311789	289.9651704
600.8047937	284.8212476
600.9784101	303.655969
601.152028	283.5604391
601.3256476	275.94635
601.4992687	273.5158685
601.6728914	271.6609457
601.8465157	283.3817705
602.0201416	286.7201561
602.1937691	282.6703636
602.3673981	293.9061281
602.5410287	288.5281228
602.7146609	286.1729716
602.8882947	291.7916329
603.0619301	278.5152261
603.2355671	288.7275255
603.4092056	288.2094359
603.5828457	281.3156392
603.7564874	281.9476161
603.9301307	282.894912
604.1037756	293.5450012
604.277422	277.9807771
604.4510701	279.3462756
604.6247197	284.9530668
604.7983709	282.0982197
604.9720237	293.4758101
605.145678	284.2078499
605.319334	287.5691664
605.4929915	288.6103623
605.6666506	289.3163729
605.8403113	281.3818992
606.0139736	276.2756182
606.1876374	288.5464758
606.3613028	275.061962
606.5349699	282.0006821
606.7086385	296.2772239
606.8823087	280.5621572
607.0559804	285.5788907
607.2296538	284.2773048
607.4033287	277.6385929
607.5770052	281.0131158
607.7506833	281.4536845
607.924363	288.0859191
608.0980443	279.240374
608.2717271	283.5395675
608.4454115	288.9535345
608.6190975	288.1490068
608.7927851	285.872587
608.9664743	289.6353664
609.1401651	281.7851611
609.3138574	282.7443998
609.4875513	294.9974469
609.6612468	295.3803787
609.8349439	282.1076315
610.0086426	281.5433164
610.1823428	288.3676321
610.3560446	289.3222803
610.5297481	289.3225957
610.7034531	293.9907218
610.8771596	298.0701734
611.0508678	280.7826834
611.2245775	290.1754224
611.3982889	289.2244356
611.5720018	279.3964136
611.7457163	296.789173
611.9194323	288.0632437
612.09315	293.4495987
612.2668692	297.1306561
612.44059	275.9750062
612.6143124	290.5470769
612.7880364	286.8689232
612.961762	296.3642722
613.1354891	288.642539
613.3092179	292.8517061
613.4829482	298.6048119
613.6566801	308.997297
613.8304136	297.5503902
614.0041486	298.6604615
614.1778853	293.9362021
614.3516235	295.817901
614.5253633	299.1035389
614.6991047	303.1609452
614.8728477	304.3435584
615.0465922	300.0632544
615.2203383	295.2179967
615.3940861	304.7979466
615.5678354	308.6690599
615.7415863	301.4323173
615.9153387	295.9714795
616.0890928	303.9683636
616.2628484	309.6495338
616.4366056	300.0318388
616.6103644	308.5329499
616.7841248	298.442526
616.9578867	290.7155674
617.1316503	302.1684664
617.3054154	292.7592013
617.4791821	317.5329014
617.6529504	307.9468844
617.8267203	302.3251589
618.0004917	292.605539
618.1742648	309.9673114
618.3480394	284.1193021
618.5218156	299.4502258
618.6955934	295.1605613
618.8693727	307.5516246
619.0431537	308.7434161
619.2169362	306.672148
619.3907203	304.7028827
619.564506	305.3279952
619.7382933	296.8201569
619.9120822	311.3275072
620.0858726	299.9021061
620.2596646	293.9380955
620.4334582	311.1499787
620.6072534	304.9506059
620.7810502	300.3889164
620.9548486	297.4364388
621.1286485	303.3684514
621.30245	304.5909709
621.4762531	309.1962123
621.6500578	317.4028561
621.8238641	304.2474516
621.9976719	306.5988115
622.1714813	302.1666028
622.3452923	308.737891
622.5191049	296.1883926
622.6929191	311.8430177
622.8667349	305.4455224
623.0405522	316.8735467
623.2143711	294.7274888
623.3881917	313.6838545
623.5620137	307.9735697
623.7358374	315.6635023
623.9096627	293.8440549
624.0834895	300.4931914
624.2573179	309.4383685
624.4311479	314.3148766
624.6049795	310.8954709
624.7788127	306.8340695
624.9526474	326.1706881
625.1264837	314.9799748
625.3003217	307.532475
625.4741612	302.0529038
625.6480022	312.3601613
625.8218449	312.2260639
625.9956891	312.7923837
626.169535	319.3819558
626.3433824	307.9064614
626.5172313	309.8505727
626.6910819	321.2115149
626.8649341	308.9070935
627.0387878	300.3123429
627.2126431	323.1537502
627.3865	319.1432363
627.5603585	305.7465491
627.7342186	330.1081554
627.9080802	310.9231483
628.0819434	313.603499
628.2558083	315.9486564
628.4296747	321.4927601
628.6035426	304.8387433
628.7774122	332.8906836
628.9512833	311.3855495
629.1251561	305.4720631
629.2990304	310.5773136
629.4729062	314.4413585
629.6467837	317.3436887
629.8206628	315.0926448
629.9945434	325.2897421
630.1684256	318.2234552
630.3423094	309.2115203
630.5161948	311.5532085
630.6900818	314.7267302
630.8639703	315.1640751
631.0378604	315.8892885
631.2117522	318.4509216
631.3856455	317.7637138
631.5595403	316.4192327
631.7334368	330.9314355
631.9073348	320.4542875
632.0812344	313.0186011
632.2551357	298.1137515
632.4290384	322.4279467
632.6029428	310.1629081
632.7768488	314.1666097
632.9507563	320.7260115
633.1246654	321.8201396
633.2985761	313.4342504
633.4724884	311.4222744
633.6464023	320.9847603
633.8203177	322.07067
633.9942347	314.7000043
634.1681533	314.397648
634.3420735	313.1626091
634.5159953	325.0306566
634.6899187	321.4438625
634.8638436	325.4067647
635.0377701	316.0553683
635.2116982	300.2372901
635.3856279	319.2726162
635.5595592	311.7227337
635.7334921	302.822088
635.9074265	319.3716422
636.0813625	315.0290592
636.2553001	319.204864
636.4292393	320.3304232
636.60318	306.4898073
636.7771224	323.6928071
636.9510663	327.1532315
637.1250118	326.0602829
637.2989589	322.3273972
637.4729076	315.616464
637.6468579	307.2993438
637.8208097	326.6971168
637.9947631	318.5063727
638.1687181	326.4830875
638.3426747	319.8240309
638.5166329	317.9881695
638.6905926	313.4974353
638.864554	310.4808318
639.0385169	324.2357094
639.2124814	311.3376373
639.3864475	328.0793139
639.5604151	312.4006329
639.7343844	324.7443279
639.9083552	305.0542213
640.0823276	315.5493868
640.2563016	305.1811636
640.4302772	310.9974167
640.6042543	319.77844
640.7782331	311.8772112
640.9522134	312.1904317
641.1261953	320.0173483
641.3001788	316.9776194
641.4741639	327.920576
641.6481505	311.8562379
641.8221387	315.603557
641.9961286	315.4359389
642.17012	313.1873923
642.3441129	312.4973305
642.5181075	308.1635846
642.6921037	310.1320191
642.8661014	307.4464236
643.0401007	310.093295
643.2141016	304.4875006
643.3881041	311.6940506
643.5621081	310.2487207
643.7361138	307.4632374
643.910121	319.0838092
644.0841298	304.2947324
644.2581402	305.8839753
644.4321521	323.437293
644.6061657	318.0235818
644.7801808	298.6500545
644.9541975	305.9273722
645.1282158	308.3630393
645.3022357	320.7725783
645.4762572	310.0271818
645.6502802	310.7978287
645.8243048	310.8795656
645.9983311	314.5639712
646.1723589	300.1123673
646.3463882	311.6424867
646.5204192	300.679136
646.6944517	309.0542214
646.8684858	309.073938
647.0425215	307.4602639
647.2165588	312.1400453
647.3905977	301.3012555
647.5646382	299.621454
647.7386802	303.726188
647.9127238	305.2261168
648.086769	302.7792246
648.2608158	304.6102768
648.4348641	311.6115174
648.6089141	296.4581021
648.7829656	297.6334291
648.9570187	295.7624021
649.1310734	298.8629098
649.3051297	307.2483388
649.4791875	284.0207296
649.653247	287.9614166
649.827308	291.9527109
650.0013706	301.479301
650.1754348	293.8212847
650.3495006	301.1790244
650.5235679	296.047707
650.6976368	286.7046881
650.8717074	315.6095855
651.0457795	286.7355572
651.2198531	297.9203118
651.3939284	291.1981876
651.5680052	299.3108582
651.7420837	298.2952315
651.9161637	292.934751
652.0902453	286.1981714
652.2643284	291.7552135
652.4384132	283.1988358
652.6124995	281.8971752
652.7865875	291.2139119
652.960677	290.6633926
653.134768	288.4142969
653.3088607	287.1839557
653.482955	288.7945594
653.6570508	288.0822965
653.8311482	289.8577552
654.0052472	283.109995
654.1793478	291.3854177
654.35345	296.2266662
654.5275537	286.7522305
654.701659	276.9178518
654.8757659	291.8161459
655.0498744	285.6601861
655.2239845	298.285598
655.3980962	294.8943848
655.5722094	288.0175613
655.7463242	285.3241591
655.9204406	267.1931451
656.0945586	301.6467643
656.2686782	301.7521062
656.4427993	283.6866961
656.616922	282.3896783
656.7910464	282.8197947
656.9651723	286.0367945
657.1392997	281.3043549
657.3134288	277.8286585
657.4875594	276.3764663
657.6616917	278.1721647
657.8358255	292.7585831
658.0099609	284.9060125
658.1840978	285.714178
658.3582364	272.046627
658.5323765	273.8803028
658.7065183	276.3655244
658.8806616	288.0269213
659.0548064	272.5345779
659.2289529	271.8784414
659.403101	280.4531769
659.5772506	286.5398022
659.7514018	269.8039663
659.9255546	276.5407655
660.099709	278.5106919
660.2738649	276.6424701
660.4480225	259.4413748
660.6221816	260.2524489
660.7963423	282.2990808
660.9705046	266.4662449
661.1446685	270.3157038
661.3188339	282.2375869
661.493001	269.8763512
661.6671696	265.22679
661.8413398	265.3534764
662.0155116	260.1051163
662.1896849	265.8856721
662.3638599	270.6253855
662.5380364	263.6029021
662.7122145	254.6038409
662.8863942	271.693126
663.0605755	267.4321075
663.2347584	260.3347368
663.4089428	265.4377143
663.5831288	264.3610171
663.7573165	261.7439067
663.9315056	261.4884342
664.1056964	261.7063513
664.2798888	255.9165344
664.4540827	261.3278344
664.6282782	273.2888627
664.8024753	261.0767227
664.976674	251.5285126
665.1508743	268.7200956
665.3250761	258.7868409
665.4992796	253.7746895
665.6734846	253.4254606
665.8476912	260.7705812
666.0218993	263.6586155
666.1961091	261.5584571
666.3703204	227.2321312
666.5445334	250.4449158
666.7187479	242.9941959
666.892964	257.5031645
667.0671816	257.3647073
667.2414009	255.2286785
667.4156217	246.2489747
667.5898442	251.0342119
667.7640682	244.7551656
667.9382937	225.5979419
668.1125209	248.6742411
668.2867497	248.584214
668.46098	246.3529917
668.6352119	252.8552505
668.8094454	236.8385106
668.9836805	258.0975191
669.1579171	240.7985682
669.3321554	242.067089
669.5063952	246.1451034
669.6806366	246.4217045
669.8548796	235.063
670.0291242	243.9980035
670.2033703	226.1608712
670.3776181	228.920827
670.5518674	247.4484599
670.7261183	234.9725836
670.9003708	236.8208994
671.0746248	237.9578742
671.2488805	233.0180349
671.4231377	225.9916058
671.5973965	231.8098939
671.7716569	232.4390879
671.9459189	232.1050507
672.1201824	232.118558
672.2944476	237.7574818
672.4687143	232.9553753
672.6429826	230.9698138
672.8172525	228.6130173
672.991524	231.6958572
673.165797	225.6534213
673.3400717	224.205602
673.5143479	223.7705913
673.6886257	220.3457034
673.8629051	236.9479921
674.037186	224.0589695
674.2114686	226.6975221
674.3857527	217.6141826
674.5600384	218.3873555
674.7343257	219.469147
674.9086146	222.7375775
675.0829051	230.114687
675.2571971	222.351225
675.4314907	222.3668169
675.6057859	225.8510975
675.7800827	217.3702082
675.9543811	223.1356304
676.128681	219.3408842
676.3029826	220.3443081
676.4772857	225.0566903
676.6515904	210.6154402
676.8258967	210.5678093
677.0002045	218.6174837
677.174514	218.2005615
677.348825	212.9308429
677.5231376	200.3222121
677.6974518	208.7262314
677.8717676	208.4772691
678.046085	221.9556151
678.2204039	212.1262445
678.3947244	210.6932163
678.5690465	205.7139182
678.7433702	208.5952717
678.9176955	201.818886
679.0920224	206.5264818
679.2663508	201.5750783
679.4406808	190.1903566
679.6150124	200.7391839
679.7893456	214.0720219
679.9636804	195.5546375
680.1380167	197.722529
680.3123546	193.1205204
680.4866941	208.0506303
680.6610352	191.906157
680.8353779	198.5767583
681.0097222	202.6997895
681.184068	201.8310427
681.3584154	195.8255419
681.5327644	200.4175529
681.707115	188.6338819
681.8814672	198.3673953
682.055821	187.3881111
682.2301763	191.8181864
682.4045332	189.3744858
682.5788917	196.2547958
682.7532518	189.3934422
682.9276135	184.2100152
683.1019767	187.6182917
683.2763415	188.248835
683.4507079	181.6247214
683.6250759	195.7477281
683.7994455	187.4334499
683.9738167	180.6139061
684.1481894	181.6660214
684.3225637	179.5669575
684.4969396	181.9305079
684.6713171	183.2121625
684.8456962	181.4674474
685.0200768	181.2202912
685.1944591	175.5219438
685.3688429	180.1930203
685.5432283	183.0370329
685.7176153	180.8740078
685.8920038	176.4487026
686.066394	178.0437044
686.2407857	172.14794
686.415179	178.323823
686.5895739	175.6901228
686.7639704	182.7594114
686.9383685	170.8556054
687.1127681	175.824054
687.2871693	177.1359992
687.4615721	162.7029024
687.6359765	177.3129406
687.8103825	163.9893164
687.98479	179.3546859
688.1591992	162.3974841
688.3336099	176.4356833
688.5080222	173.1653853
688.6824361	171.663713
688.8568515	169.1598964
689.0312686	174.612273
689.2056872	168.8923783
689.3801074	162.6707936
689.5545292	168.4232088
689.7289526	166.0871414
689.9033775	161.1870568
690.0778041	153.7273632
690.2522322	161.5319206
690.4266619	156.5548779
690.6010932	163.2416464
690.7755261	156.9519141
690.9499605	158.3953663
691.1243965	165.6827382
691.2988342	171.0688529
691.4732734	156.4912283
691.6477141	152.252929
691.8221565	158.8170513
691.9966005	158.1463813
692.171046	160.9571778
692.3454931	163.1154559
692.5199418	149.562158
692.6943921	170.0792616
692.8688439	167.362845
693.0432974	164.947412
693.2177524	179.1166958
693.392209	168.7955554
693.5666672	178.066197
693.7411269	177.6686632
693.9155883	169.6866539
694.0900512	175.6624578
694.2645157	178.2945679
694.4389818	185.7635332
694.6134495	169.0609969
694.7879188	158.5650368
694.9623896	180.502037
695.1368621	160.8777933
695.3113361	164.0845788
695.4858117	174.5570282
695.6602888	154.568958
695.8347676	144.2092557
696.0092479	130.45579
696.1837299	154.6777791
696.3582134	124.65957
696.5326984	155.2809659
696.7071851	138.914487
696.8816734	146.2677443
697.0561632	125.7010771
697.2306546	155.4007675
697.4051476	129.4309047
697.5796422	131.6569279
697.7541384	149.3294567
697.9286361	134.3853358
698.1031354	141.6600217
698.2776363	136.5749532
698.4521388	140.7502274
698.6266429	145.1971218
698.8011486	141.7318092
698.9756558	135.9259117
699.1501646	146.6353487
699.324675	127.9592872
699.499187	136.9389443
699.6737006	129.7126486
699.8482157	133.2501126
700.0227325	131.5396683
700.1972508	138.6759413
700.3717707	137.2219015
700.5462922	132.7726489
700.7208152	141.5950187
700.8953399	136.7211717
701.0698661	134.2022748
701.2443939	126.531203
701.4189233	130.5496303
701.5934543	148.7714367
701.7679868	132.0602116
701.942521	135.1548452
702.1170567	122.4632864
702.291594	129.4734758
702.4661329	120.098185
702.6406733	135.8942296
702.8152154	120.602622
702.989759	121.9800999
703.1643042	120.2527765
703.338851	119.8373048
703.5133994	123.7477869
703.6879494	121.4711767
703.8625009	118.6467364
704.037054	115.9589507
704.2116088	126.6541314
704.386165	115.3257456
704.5607229	119.7016902
704.7352824	129.3706978
704.9098434	119.2614563
705.084406	121.8299139
705.2589702	110.9914397
705.433536	117.4423242
705.6081034	111.9741037
705.7826723	114.0512964
705.9572429	120.728941
706.131815	116.6873143
706.3063887	113.9052131
706.480964	124.2660536
706.6555408	116.3270121
706.8301193	121.4263375
707.0046993	112.6430987
707.1792809	126.7049652
707.3538641	125.3653666
707.5284489	109.9050928
707.7030352	119.4377426
707.8776232	112.1972592
708.0522127	114.2148601
708.2268038	104.5442979
708.4013965	108.6849712
708.5759907	107.0851186
708.7505866	108.103576
708.925184	105.573214
709.099783	113.7183274
709.2743836	105.7959392
709.4489858	119.1096805
709.6235896	101.061152
709.7981949	118.1949521
709.9728018	109.6201817
710.1474104	98.66483594
710.3220204	108.5880114
710.4966321	113.0741992
710.6712454	115.0945169
710.8458602	110.6882528
711.0204766	95.3231592
711.1950946	111.5356848
711.3697142	108.9152404
711.5443354	110.6520086
711.7189581	110.5288168
711.8935825	108.9167511
712.0682084	98.27521022
712.2428359	100.2212137
712.417465	85.91962722
712.5920956	108.3468583
712.7667279	91.58948328
712.9413617	105.8749084
713.1159971	100.4478782
713.2906341	95.66701968
713.4652727	89.92798257
713.6399128	110.2890064
713.8145545	98.92558593
713.9891979	111.0346598
714.1638428	97.62446522
714.3384893	110.9493144
714.5131373	103.7658699
714.687787	98.00276754
714.8624382	99.55150162
715.037091	114.0314634
715.2117454	99.39161728
715.3864014	101.2859976
715.5610589	109.0098207
715.7357181	92.08400809
715.9103788	92.52106806
716.0850411	106.3139077
716.259705	104.4622286
716.4343705	109.1882466
716.6090375	85.55872166
716.7837062	104.4952657
716.9583764	94.91640491
717.1330482	99.90906748
717.3077216	100.3164057
717.4823966	89.75573206
717.6570731	88.27845498
717.8317512	91.27050853
718.0064309	80.46600067
718.1811122	110.498199
718.3557951	85.53197599
718.5304796	96.66234102
718.7051656	87.90986776
718.8798532	84.78927179
719.0545425	82.86465453
719.2292332	83.07993607
719.4039256	82.52812217
719.5786196	85.28600039
719.7533151	93.25005938
719.9280122	89.59865535
720.1027109	84.24005918
720.2774112	85.42947704
720.4521131	77.92749087
720.6268165	90.41889344
720.8015216	78.77731699
720.9762282	74.28647883
721.1509364	82.3971913
721.3256461	87.67947101
721.5003575	81.22737424
721.6750704	94.09459459
721.849785	84.2800216
722.0245011	79.27205273
722.1992188	81.95683181
722.373938	79.96797751
722.5486589	81.76121861
722.7233813	83.16625789
722.8981053	76.22945395
723.0728309	73.46672187
723.2475581	78.31701014
723.4222869	71.65360085
723.5970172	72.57262688
723.7717492	72.98442352
723.9464827	75.7765019
724.1212178	66.84715596
724.2959545	79.01906973
724.4706927	67.18577286
724.6454326	74.76534903
724.820174	83.25596977
724.994917	83.03154048
725.1696616	73.90161583
725.3444078	82.33961483
725.5191555	82.05646139
725.6939048	67.27428907
725.8686558	80.21391241
726.0434083	77.04671789
726.2181623	81.8834242
726.392918	64.08724317
726.5676753	72.09376594
726.7424341	82.15744579
726.9171945	67.52990873
727.0919565	76.82711481
727.2667201	70.89853823
727.4414852	69.33547169
727.616252	61.32927221
727.7910203	64.39992909
727.9657902	81.59228999
728.1405617	70.18479467
728.3153348	77.18528958
728.4901094	87.17492558
728.6648857	79.10355666
728.8396635	73.78492391
729.0144429	68.98329106
729.1892239	75.81853998
729.3640064	74.29898463
729.5387906	87.75060356
729.7135763	72.72831383
729.8883636	67.47737126
730.0631525	69.98877079
730.237943	62.36706039
730.412735	83.35281098
730.5875287	72.2220515
730.7623239	59.6910833
730.9371207	66.36860026
731.1119191	70.33032442
731.2867191	61.81217878
731.4615206	64.9618507
731.6363238	73.32606664
731.8111285	70.78910947
731.9859348	63.38333948
732.1607427	78.33222528
732.3355521	63.57211294
732.5103632	66.68310034
732.6851758	56.20690695
732.85999	63.78503096
733.0348058	66.52688986
733.2096232	75.06965479
733.3844421	50.38685911
733.5592627	68.48137543
733.7340848	63.67190186
733.9089085	68.15686349
734.0837338	61.17972128
734.2585607	64.86947794
734.4333891	63.34933399
734.6082192	61.81594428
734.7830508	71.86328988
734.957884	76.75088952
735.1327188	74.52840379
735.3075551	64.11207238
735.4823931	55.90673761
735.6572326	66.76988385
735.8320737	63.83868607
736.0069164	65.80724602
736.1817607	66.78850537
736.3566065	70.21533243
736.531454	52.66649337
736.706303	57.4660797
736.8811536	58.48564654
737.0560058	64.34909987
737.2308596	67.40478114
737.4057149	64.07894325
737.5805718	50.29857012
737.7554304	49.1156125
737.9302905	55.2188699
738.1051521	62.76205132
738.2800154	56.28032111
738.4548803	59.09351056
738.6297467	64.74052791
738.8046147	65.43985637
738.9794843	57.43644736
739.1543555	68.39695834
739.3292282	52.39081862
739.5041026	69.51875616
739.6789785	59.74633729
739.853856	56.86564788
740.0287351	63.3562317
740.2036158	50.20996596
740.378498	66.18798046
740.5533818	57.86090201
740.7282673	45.30265031
740.9031543	66.47217283
741.0780428	45.14202967
741.252933	61.36464406
741.4278247	58.93151357
741.6027181	50.09456422
741.777613	54.63527518
741.9525095	53.77388583
742.1274076	63.16301418
742.3023072	55.18162252
742.4772084	54.20478866
742.6521113	52.9288807
742.8270157	52.63245737
743.0019217	58.5977934
743.1768292	61.82631395
743.3517384	60.50255093
743.5266491	55.30019572
743.7015614	57.93682296
743.8764753	57.5675667
744.0513908	55.47141007
744.2263079	38.3609819
744.4012265	47.34250388
744.5761468	58.49281254
744.7510686	49.6607794
744.925992	36.45013637
745.1009169	53.80320509
745.2758435	57.30983269
745.4507716	65.45761131
745.6257013	48.04511233
745.8006327	60.13604834
745.9755655	44.54897158
746.1505	51.66420453
746.3254361	51.22059293
746.5003737	52.49061221
746.6753129	48.90870166
746.8502537	56.18026257
747.0251961	48.43102771
747.2001401	48.20934923
747.3750856	50.38479783
747.5500327	57.89210955
747.7249814	45.79172622
747.8999317	45.28612608
748.0748836	52.67850656
748.2498371	55.9785446
748.4247921	51.95788669
748.5997487	58.73011797
748.7747069	49.34488561
748.9496667	39.60827792
749.1246281	63.67430937
749.299591	45.23020193
749.4745556	42.45727977
749.6495217	40.76499681
749.8244894	47.47671529
749.9994587	44.89554181
750.1744295	51.30456908
750.349402	51.61850039
750.524376	55.93955772
750.6993516	66.50975109
750.8743288	44.12187889
751.0493076	44.3548604
751.2242879	46.87870976
751.3992699	53.69756863
751.5742534	43.89283388
751.7492385	46.15006896
751.9242252	40.0083805
752.0992134	59.73747071
752.2742033	48.39533842
752.4491947	53.57284487
752.6241877	59.40594853
752.7991823	66.96990847
752.9741785	53.18043612
753.1491763	40.24540096
753.3241756	40.27315446
753.4991766	59.72347961
753.6741791	45.2209925
753.8491832	44.85092197
754.0241888	49.9142863
754.1991961	49.12118666
754.3742049	44.95498338
754.5492153	44.96270171
754.7242274	49.52888982
754.8992409	44.71334983
755.0742561	48.26479415
755.2492729	35.91194065
755.4242912	55.77385444
755.5993111	43.09393501
755.7743326	30.24999567
755.9493557	43.99418962
756.1243803	54.61103624
756.2994066	39.09759164
756.4744344	50.81114274
756.6494638	36.40394251
756.8244948	41.98089228
756.9995274	61.05010902
757.1745615	43.91322218
757.3495973	51.01041746
757.5246346	45.82512088
757.6996735	51.24892448
757.874714	53.56331386
758.0497561	45.24419959
758.2247997	46.46766889
758.3998449	43.20442329
758.5748918	56.29604899
758.7499402	37.82057031
758.9249901	56.63140638
759.1000417	58.81345063
759.2750948	26.32156433
759.4501496	50.35102735
759.6252059	51.18800336
759.8002638	46.97912996
759.9753232	46.14576786
760.1503843	54.14745102
760.3254469	45.79346683
760.5005112	49.47645611
760.675577	43.12513567
760.8506443	49.60790601
761.0257133	54.90794156
761.2007839	56.90822404
761.375856	54.89309293
761.5509297	31.67706676
761.726005	53.53282368
761.9010819	42.82411288
762.0761603	46.42934472
762.2512404	51.80825428
762.426322	45.15735961
762.6014052	45.11937731
762.77649	48.41907395
762.9515764	36.13918719
763.1266643	37.62097895
763.3017539	26.6992099
763.476845	50.48237813
763.6519377	38.14970098
763.827032	59.96516863
764.0021278	51.68359464
764.1772253	46.94358526
764.3523243	39.76160273
764.5274249	36.80749154
764.7025271	36.29397864
764.8776309	42.16776521
765.0527363	37.39283562
765.2278432	50.51642193
765.4029517	53.93836486
765.5780619	38.75037703
765.7531735	50.72774674
765.9282868	49.32951671
766.1034017	56.76858898
766.2785181	30.35752232
766.4536361	57.76100329
766.6287557	44.95926866
766.8038769	34.71729647
766.9789997	23.49364989
767.154124	38.13838608
767.32925	51.99966039
767.5043775	48.09290158
767.6795066	55.39545545
767.8546373	52.31061305
768.0297695	43.97923466
768.2049034	37.79374827
768.3800388	55.81181472
768.5551758	39.36856043
768.7303144	32.44228419
768.9054546	43.00330384
769.0805963	47.12298276
769.2557396	43.66857789
769.4308846	40.14632123
769.6060311	67.9829002
769.7811791	34.72948446
769.9563288	47.04972134
770.1314801	41.54493868
770.3066329	48.24983371
770.4817873	49.90044057
770.6569433	37.90774483
770.8321009	28.82489806
771.00726	42.33378214
771.1824208	27.41934934
771.3575831	46.3956761
771.532747	47.68542028
771.7079125	57.69876898
771.8830796	55.08800516
772.0582482	43.6899801
772.2334185	46.23889703
772.4085903	38.99714904
772.5837637	26.76829436
772.7589387	49.30822911
772.9341152	56.62645256
773.1092934	49.83618331
773.2844731	50.55331509
773.4596544	66.60216168
773.6348373	28.01550329
773.8100218	33.43016524
773.9852079	18.16944197
774.1603955	22.28454224
774.3355847	37.43038337
774.5107755	34.01267561
774.6859679	47.37798051
774.8611619	40.44035352
775.0363575	37.67658872
775.2115546	20.69707464
775.3867533	30.19289706
775.5619536	37.65620132
775.7371555	36.56782771
775.912359	28.72042472
776.087564	35.97925355
776.2627706	37.59098003
776.4379789	27.13388764
776.6131886	39.81158909
776.7884	44.73716467
776.963613	58.51517258
777.1388275	36.5213099
777.3140436	41.98561709
777.4892614	38.70711192
777.6644806	50.22508264
777.8397015	48.22810586
778.014924	51.93886655
778.190148	35.59845631
778.3653736	42.99706817
778.5406008	29.92097093
778.7158296	58.98202512
778.89106	47.67556901
779.0662919	38.54342778
779.2415255	34.51915155
779.4167606	39.0536423
779.5919973	38.40921239
779.7672355	36.76235554
779.9424754	70.93895362
780.1177168	23.59904504
780.2929599	20.76195758
780.4682045	52.33375306
780.6434507	38.84544964
780.8186984	38.71957853
780.9939478	33.74137902
781.1691987	26.32196643
781.3444512	54.9334035
781.5197053	43.06608654
781.694961	43.39377294
781.8702183	70.31088186
782.0454771	35.71099396
782.2207376	39.86627532
782.3959996	61.13937715
782.5712632	39.73020342
782.7465283	43.11510213
782.9217951	55.190442
783.0970634	58.93300317
783.2723334	45.95280589
783.4476049	47.39084368
783.622878	32.93670194
783.7981526	43.83967758
783.9734289	30.82711294
784.1487067	20.76690768
784.3239861	47.85575595
784.4992671	40.75639695
784.6745497	27.73293259
784.8498339	20.37047571
785.0251196	57.27466448
785.200407	61.03728222
785.3756959	47.79844772
785.5509864	57.52724571
785.7262784	45.68175926
785.9015721	38.22405262
786.0768673	64.05168786
786.2521642	55.56334824
786.4274626	47.73917191
786.6027626	42.49407283
786.7780641	36.34705848
786.9533673	44.25599201
787.128672	40.65417957
787.3039783	48.1364064
787.4792862	66.65621386
787.6545957	34.44589348
787.8299068	16.60387084
788.0052194	61.59331189
788.1805337	56.08427601
788.3558495	51.07832412
788.5311669	47.65526129
788.7064858	51.40287187
788.8818064	34.04726239
789.0571285	61.96338106
789.2324523	38.90943005
789.4077776	43.40513667
789.5831045	44.71920461
789.7584329	47.4691634
789.933763	62.22429825
790.1090946	41.79716866
790.2844278	55.47164576
790.4597626	39.92379394
790.635099	49.61831276
790.810437	50.45416265
790.9857765	37.57096297
791.1611176	46.78649319
791.3364604	46.86337832
791.5118047	66.1160564
791.6871505	27.08846895
791.862498	70.685412
792.037847	42.8888519
792.2131976	43.73437957
792.3885499	48.49449466
792.5639036	30.08074619
792.739259	67.34191835
792.914616	51.92646413
793.0899745	30.97679019
793.2653346	26.25377468
793.4406963	42.27402366
793.6160596	50.63150796
793.7914245	35.13423739
793.9667909	56.31619512
794.1421589	66.2221556
794.3175285	60.88188103
794.4928997	52.8085079
794.6682725	51.02593596
794.8436469	72.83544096
795.0190228	36.03845731
795.1944003	35.40266092
795.3697794	38.23212253
795.5451601	38.98824626
795.7205424	71.43383697
795.8959262	63.97182428
796.0713117	49.5012051
796.2466987	41.31144325
796.4220873	42.63284552
796.5974775	61.36032197
796.7728692	33.72540854
796.9482626	52.52769189
797.1236575	53.74957113
797.299054	72.9290021
797.4744521	27.80940996
797.6498518	66.65099203
797.825253	51.42993287
798.0006559	44.83577414
798.1760603	21.93636366
798.3514663	40.32468859
798.5268739	61.24017576
798.7022831	53.32752176
798.8776938	48.05811667
799.0531062	48.18111418
799.2285201	56.69560361
799.4039356	76.49767813
799.5793526	48.02458848
799.7547713	55.44362019
799.9301916	21.07697655
800.1056134	53.50159971
800.2810368	34.10539348
800.4564618	57.92588695
800.6318884	30.47680753
800.8073165	54.02095992
800.9827463	68.99841414
801.1581776	65.08859127
801.3336105	66.83931676
801.509045	56.85423414
801.684481	62.71273905
801.8599187	49.10993813
802.0353579	37.97220011
802.2107987	46.20009522
802.3862411	64.3708571
802.5616851	67.32806002
802.7371307	48.10700831
802.9125778	46.11952191
803.0880266	55.73479616
803.2634769	66.55036029
803.4389288	43.45151928
803.6143822	70.98546354
803.7898373	58.54524234
803.9652939	34.86042553
804.1407521	46.60009539
804.3162119	54.27506224
804.4916733	27.93227268
804.6671363	54.68115502
804.8426009	51.41850151
805.018067	32.39053379
805.1935347	37.26535797
805.369004	53.64774603
805.5444749	43.78531892
805.7199473	31.90435757
805.8954214	50.12012069
806.070897	46.23815938
806.2463742	62.3651045
806.421853	60.81899717
806.5973334	62.36706709
806.7728153	65.30109356
806.9482989	33.70021076
807.123784	48.91006042
807.2992707	57.21768589
807.474759	49.81979965
807.6502489	44.94303383
807.8257403	71.29539872
808.0012333	41.98086309
808.176728	72.93456494
808.3522242	47.64878545
808.5277219	33.81833329
808.7032213	85.12554305
808.8787222	61.28201857
809.0542248	42.87127155
809.2297289	36.44847343
809.4052346	62.3020763
809.5807418	55.36614453
809.7562507	48.83119688
809.9317611	56.18936357
810.1072732	39.36784936
810.2827868	72.12191055
810.4583019	23.1856359
810.6338187	66.85658764
810.8093371	53.69106059
810.984857	43.43560549
811.1603785	63.80503618
811.3359016	61.85874472
811.5114263	79.21980422
811.6869525	55.98040711
811.8624804	48.40083336
812.0380098	68.89087867
812.2135408	30.35476583
812.3890734	71.65407421
812.5646076	41.80478669
812.7401433	55.15791107
812.9156807	38.36339483
813.0912196	86.94090011
813.2667601	30.31031245
813.4423022	49.46585384
813.6178459	37.64419057
813.7933911	23.77686086
813.9689379	49.08526123
814.1444864	72.44057021
814.3200364	43.8265264
814.4955879	48.98535694
814.6711411	62.98164082
814.8466958	33.15875706
815.0222522	59.51519466
815.1978101	52.44034074
815.3733696	93.8137576
815.5489306	60.80987047
815.7244933	45.85312433
815.9000575	51.79294263
816.0756233	73.15016702
816.2511907	50.90202991
816.4267597	80.75480153
816.6023303	67.36560252
816.7779025	89.57472283
816.9534762	80.32810217
817.1290515	47.3962568
817.3046284	71.0840182
817.4802069	73.36888043
817.6557869	75.17502808
817.8313686	64.4074571
818.0069518	55.09953112
818.1825366	65.97877769
818.358123	79.09979899
818.533711	43.77534781
818.7093005	94.04232894
818.8848917	54.47484123
819.0604844	55.3372385
819.2360787	47.14166507
819.4116746	47.38946637
819.587272	54.71216629
819.7628711	59.04917875
819.9384717	43.71887597
820.1140739	46.77704051
820.2896777	78.27369312
820.4652831	46.20311429
820.6408901	60.922505
820.8164986	41.91227797
820.9921087	47.4339336
821.1677204	54.87332242
821.3433337	61.66869301
821.5189486	55.07880522
821.6945651	58.59458806
821.8701831	62.73962418
822.0458027	51.35767254
822.2214239	77.77215903
822.3970467	70.08581162
822.5726711	36.82944455
822.748297	30.74193707
822.9239245	53.96186454
823.0995537	48.48736813
823.2751844	64.74823058
823.4508166	79.52651628
823.6264505	89.69491755
823.8020859	51.26122316
823.977723	73.84610218
824.1533616	40.5654575
824.3290018	30.62271306
824.5046435	52.29999258
824.6802869	38.42977488
824.8559318	61.02532072
825.0315783	82.1637122
825.2072264	60.67341714
825.3828761	59.59113019
825.5585274	53.53634319
825.7341802	94.05171351
825.9098347	69.93694784
826.0854907	55.66170744
826.2611483	45.70337226
826.4368075	25.46337431
826.6124682	24.35961116
826.7881306	70.88684773
826.9637945	89.92464583
827.13946	39.56376314
827.3151271	58.13166533
827.4907958	47.09239704
827.666466	52.5076025
827.8421378	54.29615215
828.0178113	48.15348648
828.1934863	40.97401293
828.3691628	97.86259711
828.544841	58.66458446
828.7205208	61.68761048
828.8962021	113.5648107
829.071885	75.33636829
829.2475695	73.81020333
829.4232556	68.33173791
829.5989432	46.70657735
829.7746325	77.07074566
829.9503233	41.08201862
830.1260157	55.42372619
830.3017097	48.55743571
830.4774053	62.88538009
830.6531024	83.48680516
830.8288012	40.52796866
831.0045015	88.50242702
831.1802034	68.11265856
831.3559069	89.21386396
831.5316119	98.60000608
831.7073186	83.55996
831.8830268	36.77361588
832.0587366	97.54374835
832.234448	48.45204836
832.410161	66.23115276
832.5858755	84.46715244
832.7615917	82.42527847
832.9373094	98.12197276
833.1130287	75.89196737
833.2887496	66.43294312
833.4644721	118.3911875
833.6401961	75.22815011
833.8159218	82.53470458
833.991649	75.155537
834.1673778	80.45183955
834.3431082	97.0475318
834.5188401	117.7373567
834.6945737	105.0051422
834.8703088	87.64325765
835.0460455	79.96043683
835.2217838	47.20833097
835.3975237	75.44672088
835.5732652	108.9118555
835.7490082	46.5431414
835.9247528	52.55685169
836.100499	104.7643331
836.2762468	93.95862678
836.4519962	78.55123497
836.6277471	58.18145053
836.8034997	59.47033192
836.9792538	69.47731862
837.1550095	42.98867708
837.3307668	84.7149784
837.5065256	60.92827485
837.6822861	123.6421412
837.8580481	136.2097301
838.0338117	90.92769343
838.2095769	114.0431415
838.3853437	108.4679569
838.5611121	73.30077898
838.736882	94.82036157
838.9126535	63.86072965
839.0884266	78.15731037
839.2642013	105.2413751
839.4399776	52.64963371
839.6157554	100.843516
839.7915349	105.197402
839.9673159	86.97180497
840.1430985	75.25618659
840.3188827	90.09761462
840.4946684	108.5279275
840.6704558	106.5509871
840.8462447	105.5537909
841.0220352	78.91394247
841.1978273	76.1698119
841.373621	97.70653473
841.5494162	105.6444844
841.7252131	123.8767671
841.9010115	52.28653034
842.0768115	31.04311728
842.2526131	75.74132725
842.4284163	61.89157713
842.604221	57.263152
842.7800274	93.3741547
842.9558353	95.99072068
843.1316448	64.30425626
843.3074559	66.42406605
843.4832685	60.43236559
843.6590828	96.20503236
843.8348986	94.61683188
844.010716	123.8154485
844.186535	72.15145524
844.3623556	98.26123329
844.5381777	71.62147092
844.7140015	85.34716055
844.8898268	124.737838
845.0656537	84.1335858
845.2414822	112.9096873
845.4173123	69.21797529
845.5931439	96.87484804
845.7689771	119.4826574
845.944812	97.57810815
846.1206484	116.4487323
846.2964863	124.9847785
846.4723259	103.7732042
846.6481671	121.5862644
846.8240098	119.9032419
846.9998541	116.876996
847.1757	81.26994242
847.3515475	64.15787005
847.5273965	90.92610591
847.7032472	135.7074387
847.8790994	89.1419968
848.0549532	73.66458491
848.2308086	96.0738774
848.4066655	109.8149864
848.5825241	103.8179327
848.7583842	102.7302188
848.9342459	79.50004903
849.1101092	128.0905346
849.2859741	103.1772649
849.4618406	81.78893684
849.6377086	139.3594035
849.8135783	101.8423444
849.9894495	61.96369438
850.1653223	86.74483136
850.3411966	150.0120127
850.5170726	119.1999461
850.6929501	125.758058
850.8688293	92.10180076
851.04471	110.738163
851.2205922	7.508576571
851.3964761	114.0849421
851.5723616	90.25147278
851.7482486	96.84676294
851.9241372	112.3951608
852.1000274	131.0072523
852.2759192	89.07084157
852.4518126	85.52291659
852.6277075	80.41410345
852.803604	128.1751495
852.9795021	103.8176587
853.1554018	78.96514947
853.3313031	84.90933413
853.507206	120.3006947
853.6831104	137.0931868
853.8590164	79.97281352
854.034924	85.26556065
854.2108332	82.08457286
854.386744	98.19677458
854.5626563	101.0788875
854.7385703	116.3599721
854.9144858	83.99050077
855.0904029	86.56456054
855.2663216	72.63835583
855.4422418	118.5743323
855.6181637	117.8339148
855.7940871	136.2691982
855.9700121	120.8606756
856.1459387	90.5299583
856.3218669	106.1974289
856.4977966	69.46486796
856.673728	104.3542702
856.8496609	84.83483719
857.0255954	92.7811313
857.2015315	104.4598646
857.3774691	137.1515846
857.5534084	105.9575169
857.7293492	106.4871178
857.9052916	136.6251231
858.0812356	121.9177096
858.2571812	139.8395048
858.4331284	54.92438738
858.6090771	87.24699626
858.7850275	78.12811013
858.9609794	129.5276966
859.1369329	87.81790411
859.3128879	78.9106286
859.4888446	92.02248648
859.6648028	142.4770813
859.8407626	76.6906135
860.0167241	134.9527216
860.192687	99.93326794
860.3686516	140.8535038
860.5446178	97.31556258
860.7205855	94.91230112
860.8965548	124.35777
861.0725257	159.9020674
861.2484982	51.08913102
861.4244722	120.5827553
861.6004479	120.9023195
861.7764251	74.92386446
861.9524039	72.61456407
862.1283843	80.65193419
862.3043663	87.91863537
862.4803498	81.42298791
862.656335	106.0716472
862.8323217	106.370441
863.00831	161.8478381
863.1842999	141.4001986
863.3602914	95.9918187
863.5362844	126.1007818
863.712279	104.4632585
863.8882753	55.93475598
864.0642731	109.320358
864.2402724	141.4190601
864.4162734	121.5934464
864.5922759	98.48930972
864.7682801	160.4330739
864.9442858	155.4510053
865.1202931	107.4876401
865.2963019	70.74874356
865.4723124	108.4115004
865.6483244	99.22144134
865.824338	82.06897658
866.0003533	91.11738102
866.17637	106.1591724
866.3523884	95.68235794
866.5284084	91.61147351
866.7044299	113.0648582
866.880453	109.0358923
867.0564777	145.0488915
867.232504	127.6237894
867.4085318	123.5288641
867.5845613	126.0687081
867.7605923	154.349143
867.9366249	130.9284561
868.1126591	93.35943582
868.2886949	119.8669545
868.4647322	140.1770059
868.6407712	114.2675021
868.8168117	86.76224324
868.9928538	172.1483324
869.1688975	138.0780381
869.3449427	140.035337
869.5209896	83.8389191
869.697038	160.0925131
869.873088	124.6756278
870.0491396	165.4023297
870.2251928	66.57361799
870.4012476	139.9178097
870.5773039	39.95544285
870.7533618	126.5744317
870.9294214	98.34593179
871.1054824	101.4343269
871.2815451	88.43650642
871.4576094	103.6713852
871.6336752	127.7138577
871.8097426	109.4331448
871.9858116	168.16561
872.1618822	150.2992093
872.3379544	110.0747642
872.5140281	174.5010382
872.6901035	154.3796121
872.8661804	162.5357616
873.0422589	156.9409014
873.2183389	171.7917425
873.3944206	163.7285071
873.5705039	142.039691
873.7465887	181.6855954
873.9226751	140.7703226
874.0987631	150.0288252
874.2748526	198.0141738
874.4509438	126.5453285
874.6270365	161.6716264
874.8031309	136.5475291
874.9792268	101.232582
875.1553242	71.39781657
875.3314233	170.309218
875.507524	129.5706172
875.6836262	156.8143644
875.85973	129.8585597
876.0358354	202.4856686
876.2119424	199.8285025
876.3880509	129.0001375
876.5641611	110.2109879
876.7402728	115.7078158
876.9163861	127.1183482
877.092501	275.8060986
877.2686175	92.26397818
877.4447355	102.809689
877.6208552	203.324331
877.7969764	90.06772007
877.9730992	196.699507
878.1492236	120.0180039
878.3253495	109.0342183
878.5014771	189.8517694
878.6776062	170.5708063
878.8537369	146.5818256
879.0298692	191.7537219
879.2060031	178.7465522
879.3821386	172.8177146
879.5582756	168.870607
879.7344142	185.2687519
879.9105544	132.7741805
880.0866962	120.9110561
880.2628396	216.7486929
880.4389845	130.2417714
880.6151311	162.5267031
880.7912792	160.127363
880.9674289	177.2639431
881.1435802	218.5156924
881.3197331	235.6878997
881.4958875	137.1298284
881.6720435	148.5547204
881.8482011	154.7231377
882.0243603	122.966059
882.2005211	157.1800038
882.3766835	235.2896261
882.5528474	212.873521
882.7290129	183.1061328
882.90518	210.7714643
883.0813487	210.3515457
883.257519	143.0798009
883.4336909	76.50618587
883.6098643	170.0669757
883.7860393	156.8607798
883.9622159	109.0185926
884.1383941	87.44338425
884.3145739	198.1074567
884.4907552	191.8582332
884.6669381	151.2071953
884.8431227	200.7405363
885.0193087	176.3140304
885.1954964	178.4236734
885.3716857	96.70631386
885.5478765	262.2628755
885.724069	154.6389017
885.900263	234.8621118
886.0764585	151.0684653
886.2526557	111.8920439
886.4288545	113.4303506
886.6050548	234.7503885
886.7812567	144.4542158
886.9574602	175.1730589
887.1336653	137.4280318
887.309872	204.0735734
887.4860802	154.5862301
887.66229	211.2976322
887.8385015	181.5884854
888.0147145	128.2039543
888.190929	196.5480727
888.3671452	268.3657174
888.5433629	185.7365993
888.7195823	184.3594217
888.8958032	133.739193
889.0720256	178.8262928
889.2482497	133.8597079
889.4244754	175.7427228
889.6007026	134.2732005
889.7769314	173.6855473
889.9531618	197.0311783
890.1293938	181.0048251
890.3056274	173.971867
890.4818625	175.7557457
890.6580992	225.85931
890.8343376	253.5264439
891.0105775	256.6654514
891.1868189	181.3654973
891.363062	116.7200824
891.5393066	121.5050556
891.7155529	251.8798623
891.8918007	222.9542692
892.06805	149.5071185
892.244301	328.8507525
892.4205536	200.1463011
892.5968077	259.1043114
892.7730634	228.4800609
892.9493207	143.3649629
893.1255796	155.6395583
893.3018401	132.1012191
893.4781021	146.6323794
893.6543657	239.7267874
893.830631	314.6766199
894.0068977	150.9784927
894.1831661	165.1394256
894.3594361	144.2916209
894.5357076	132.9523634
894.7119807	327.020091
894.8882555	208.4292839
895.0645317	126.3209179
895.2408096	199.4579791
895.4170891	175.7069886
895.5933701	172.4628246
895.7696527	220.5852337
895.9459369	246.4548403
896.1222227	242.2100056
896.2985101	168.0360729
896.474799	191.0844134
896.6510895	270.8559374
896.8273816	155.4475144
897.0036753	221.2209081
897.1799706	268.1661677
897.3562675	198.4011171
897.5325659	224.855672
897.7088659	218.0760661
897.8851675	220.432586
898.0614707	145.0263856
898.2377755	228.5576023
898.4140818	166.7560654
898.5903898	303.6889639
898.7666993	172.0779218
898.9430104	162.4518155
899.1193231	122.7822277
899.2956373	222.6536941
899.4719532	243.2849537
899.6482706	138.7803204
899.8245896	189.7953916
