360.1506696	70.18437356
360.3220786	280.8372548
360.4934893	60.11915223
360.6649015	57.87699095
360.8363152	42.14980777
361.0077306	38.04096416
361.1791475	50.22742941
361.3505661	78.03175268
361.5219862	89.56966631
361.6934079	113.0923495
361.8648311	78.2229475
362.036256	66.34815981
362.2076824	47.50504242
362.3791104	32.58152556
362.55054	100.4057559
362.7219712	63.12287551
362.893404	37.31340345
363.0648383	69.81775211
363.2362743	57.7312775
363.4077118	61.86630114
363.5791509	110.6165959
363.7505915	95.26031085
363.9220338	141.6847808
364.0934776	55.07285316
364.2649231	125.9330882
364.4363701	62.02693295
364.6078187	34.36726692
364.7792688	107.0574312
364.9507206	58.26225219
365.1221739	59.5159323
365.2936288	67.08108901
365.4650853	45.82442924
365.6365434	28.58637457
365.8080031	88.18509054
365.9794643	72.89383237
366.1509272	74.45058424
366.3223916	55.15707099
366.4938576	136.6267049
366.6653252	63.74483129
366.8367943	92.96253553
367.0082651	58.10164375
367.1797374	49.70639218
367.3512113	50.63034911
367.5226868	79.48211144
367.6941638	46.33435735
367.8656425	26.33323167
368.0371227	48.54056435
368.2086046	57.34118186
368.380088	52.40635953
368.5515729	11.14339596
368.7230595	26.5187413
368.8945477	105.6313162
369.0660374	45.46078232
369.2375287	38.23433966
369.4090216	140.8817346
369.5805161	94.59506469
369.7520121	37.41157014
369.9235098	135.3754925
370.095009	118.1062929
370.2665098	85.59723676
370.4380122	153.9200439
370.6095162	124.4993077
370.7810217	199.3702738
370.9525288	71.50854102
371.1240376	84.04897141
371.2955479	101.5241593
371.4670597	78.76290669
371.6385732	76.75652007
371.8100883	130.2220851
371.9816049	113.5056974
372.1531231	297.2866289
372.3246429	80.31215622
372.4961643	91.02759079
372.6676872	12.66125458
372.8392118	78.86262165
373.0107379	82.5226528
373.1822656	60.14505018
373.3537949	55.18703696
373.5253257	75.29945401
373.6968582	55.77401477
373.8683922	77.41104628
374.0399279	64.21376075
374.2114651	11.14273746
374.3830038	66.04325225
374.5545442	0
374.7260861	76.46793141
374.8976297	75.53814199
375.0691748	102.6898342
375.2407215	48.76974716
375.4122698	47.95007533
375.5838196	84.41936185
375.7553711	92.63425182
375.9269241	70.33454553
376.0984787	117.6941988
376.2700349	117.3652907
376.4415926	85.82445595
376.613152	43.33542161
376.7847129	26.4789222
376.9562754	49.23606176
377.1278395	62.35646519
377.2994052	34.27833345
377.4709725	86.54234342
377.6425413	0
377.8141118	173.2652486
377.9856838	116.5856145
378.1572574	79.96679726
378.3288325	154.8314267
378.5004093	69.24237074
378.6719876	224.2506044
378.8435676	110.8727718
379.0151491	58.11588205
379.1867322	29.16075522
379.3583168	67.27562669
379.5299031	103.3691256
379.7014909	41.71915275
379.8730803	80.67778158
380.0446713	90.72351206
380.2162639	118.368785
380.3878581	100.3404468
380.5594538	79.78125273
380.7310511	152.7168833
380.9026501	159.9691111
381.0742506	83.96730465
381.2458526	29.73951887
381.4174563	235.6213864
381.5890615	234.9940188
381.7606683	149.712542
381.9322768	107.6468323
382.1038867	64.0094893
382.2754983	188.3181889
382.4471115	72.15256853
382.6187262	17.93883309
382.7903425	112.692994
382.9619604	10.27387683
383.1335799	95.48455662
383.305201	127.1490218
383.4768236	75.73368791
383.6484478	13.87226323
383.8200736	32.91132567
383.991701	170.2523538
384.16333	91.41343461
384.3349606	57.73928201
384.5065927	70.73772539
384.6782264	89.32457494
384.8498617	157.6444427
385.0214986	16.22433927
385.1931371	49.96330517
385.3647771	189.9812384
385.5364188	129.1906431
385.708062	32.20904163
385.8797068	54.00160346
386.0513532	96.02716936
386.2230011	134.5977395
386.3946507	124.1527882
386.5663018	112.3462509
386.7379545	55.45572468
386.9096088	22.99119334
387.0812647	102.8294345
387.2529221	129.53844
387.4245812	118.6857004
387.5962418	128.3676613
387.767904	78.04292743
387.9395678	165.4642617
388.1112332	124.9320235
388.2829001	96.65257006
388.4545686	260.1953203
388.6262388	42.58626291
388.7979105	105.0600186
388.9695837	0
389.1412586	62.80114368
389.312935	83.00480018
389.4846131	53.12247674
389.6562927	105.8819326
389.8279739	79.05596715
389.9996566	79.24956838
390.171341	85.96280254
390.3430269	33.38843979
390.5147145	77.45161739
390.6864036	46.92883695
390.8580942	84.91029896
391.0297865	35.85878089
391.2014804	149.5929445
391.3731758	35.60375003
391.5448728	79.05269594
391.7165714	48.00937713
391.8882716	88.4925217
392.0599734	49.26166714
392.2316767	7.862375827
392.4033816	131.307847
392.5750881	74.51112657
392.7467962	67.67637904
392.9185059	132.3236532
393.0902172	97.28842899
393.26193	112.3122889
393.4336444	85.77492095
393.6053604	67.50264067
393.777078	22.82211143
393.9487972	54.62226545
394.1205179	153.1497559
394.2922403	55.77534869
394.4639642	120.8553313
394.6356897	51.52925097
394.8074167	113.3479422
394.9791454	37.83748998
395.1508757	82.25096186
395.3226075	19.56190694
395.4943409	0
395.6660759	73.65206842
395.8378125	62.79775734
396.0095506	127.1705404
396.1812903	28.45164221
396.3530317	49.08894491
396.5247746	1.484883513
396.6965191	20.00857198
396.8682651	115.2404915
397.0400128	126.0585652
397.211762	72.34994325
397.3835128	46.86866504
397.5552652	68.91717184
397.7270192	42.99917627
397.8987748	67.13835665
398.0705319	129.8752447
398.2422906	50.46546971
398.4140509	112.6019013
398.5858128	54.93536684
398.7575763	72.71081587
398.9293414	57.1452671
399.101108	87.74140619
399.2728762	84.60999424
399.444646	92.78372419
399.6164174	94.87938104
399.7881904	130.9812326
399.9599649	82.50133619
400.1317411	0
400.3035188	64.19116989
400.4752981	38.10241672
400.6470789	61.25398575
400.8188614	46.46481832
400.9906454	82.81025138
401.1624311	56.43789658
401.3342183	75.12513751
401.5060071	181.394924
401.6777974	66.7316813
401.8495894	74.59014403
402.0213829	117.3601786
402.1931781	120.979153
402.3649748	74.59076137
402.536773	150.6532766
402.7085729	10.61399841
402.8803744	57.91930167
403.0521774	50.27348958
403.223982	80.52250346
403.3957882	67.5766031
403.567596	116.1746382
403.7394053	65.91517046
403.9112163	66.75316361
404.0830288	105.656563
404.2548429	87.00318667
404.4266586	50.38455126
404.5984759	129.93684
404.7702947	27.96542774
404.9421152	103.2702082
405.1139372	80.21827016
405.2857608	27.28849697
405.457586	59.80060033
405.6294127	40.94041793
405.8012411	53.27663871
405.973071	94.72619788
406.1449025	85.49367706
406.3167356	170.6405748
406.4885703	31.46664021
406.6604066	76.48636989
406.8322444	40.96827214
407.0040838	124.359736
407.1759249	102.8909489
407.3477674	94.75527519
407.5196116	32.44697508
407.6914574	140.1611638
407.8633047	62.05654091
408.0351536	109.2524132
408.2070041	78.32428331
408.3788562	103.7374736
408.5507099	84.13032739
408.7225651	94.38185755
408.894422	49.91393301
409.0662804	80.1097525
409.2381404	74.30843971
409.4100019	135.625275
409.5818651	41.48911413
409.7537298	109.6978129
409.9255962	87.50849353
410.0974641	66.21747853
410.2693336	42.5630776
410.4412046	10.83628415
410.6130773	37.16164921
410.7849515	74.56313731
410.9568274	24.93957741
411.1287048	137.2012355
411.3005837	102.0884017
411.4724643	47.87472296
411.6443464	64.52900651
411.8162302	116.7682118
411.9881155	92.83904503
412.1600024	95.56422236
412.3318909	14.8842156
412.5037809	57.89580416
412.6756726	98.46041844
412.8475658	63.50615289
413.0194606	34.00214111
413.191357	87.34933532
413.363255	74.32447052
413.5351545	142.5298045
413.7070557	88.27182359
413.8789584	56.29787233
414.0508627	67.38031371
414.2227686	52.89349033
414.394676	102.0298322
414.5665851	60.7562435
414.7384957	87.09612773
414.9104079	48.34765843
415.0823217	37.52317072
415.2542371	84.36202978
415.426154	30.82525577
415.5980726	95.14164539
415.7699927	95.61217567
415.9419144	140.4278293
416.1138377	44.91099267
416.2857626	109.0394987
416.457689	106.489304
416.6296171	60.96418547
416.8015467	98.39605422
416.9734779	70.39870888
417.1454107	77.13900011
417.317345	137.0827494
417.489281	129.5382137
417.6612185	26.56630943
417.8331576	137.3595049
418.0050983	88.26805111
418.1770406	59.50900743
418.3489845	76.75081545
418.5209299	51.93503228
418.6928769	97.47955166
418.8648255	47.05625955
419.0367757	78.27425606
419.2087275	90.38616927
419.3806808	112.4274263
419.5526358	139.9243649
419.7245923	99.52036701
419.8965504	62.68228574
420.0685101	85.41692552
420.2404713	94.9116386
420.4124342	43.31498585
420.5843986	114.1878765
420.7563646	105.0324268
420.9283322	131.8757081
421.1003014	97.8813808
421.2722722	115.1455611
421.4442445	73.91062157
421.6162184	94.94477194
421.7881939	127.7636356
421.960171	115.9574199
422.1321497	100.8182345
422.3041299	88.65221586
422.4761118	82.22708926
422.6480952	35.67576051
422.8200802	122.5276435
422.9920668	0.92422924
423.1640549	111.3842384
423.3360447	99.73066688
423.508036	121.2880978
423.6800289	108.8358956
423.8520234	154.0353024
424.0240195	88.92924988
424.1960172	62.87194061
424.3680164	66.78644932
424.5400172	141.3664035
424.7120196	85.49544355
424.8840236	93.74132482
425.0560292	149.2218403
425.2280363	100.8526963
425.4000451	131.2337887
425.5720554	94.41835172
425.7440673	107.9375241
425.9160808	116.2360551
426.0880958	125.2062786
426.2601125	113.4458187
426.4321307	113.7368865
426.6041505	139.8707127
426.7761719	100.1651515
426.9481949	137.345742
427.1202194	93.52627965
427.2922456	114.3247659
427.4642733	59.79088541
427.6363026	123.1144798
427.8083335	138.8044584
427.980366	165.6420687
428.1524	144.1355822
428.3244357	95.50461512
428.4964729	132.6404234
428.6685117	92.40623053
428.8405521	153.7211356
429.012594	130.5781632
429.1846376	117.475803
429.3566827	114.8495431
429.5287294	156.1470608
429.7007777	174.021767
429.8728276	123.4744843
430.044879	154.1462209
430.2169321	144.8664464
430.3889867	143.265089
430.5610429	197.0052793
430.7331007	134.1924733
430.9051601	163.9209351
431.077221	207.4822977
431.2492835	130.5675692
431.4213477	158.9822663
431.5934134	129.0499554
431.7654806	181.883297
431.9375495	172.7034999
432.10962	200.7649525
432.281692	191.3149471
432.4537656	212.3031424
432.6258408	200.1639945
432.7979176	185.0508088
432.9699959	201.7488119
433.1420759	120.9716262
433.3141574	135.0311778
433.4862405	204.3998505
433.6583252	201.4293514
433.8304114	215.7663687
434.0024993	225.7901918
434.1745887	229.0194099
434.3466797	227.4415624
434.5187723	197.8777607
434.6908665	221.4925923
434.8629623	217.1501018
435.0350596	196.776934
435.2071586	258.9060519
435.3792591	240.0565582
435.5513612	256.5014917
435.7234648	234.298496
435.8955701	228.351223
436.0676769	255.3689743
436.2397854	258.0177585
436.4118954	290.2811743
436.5840069	239.0222523
436.7561201	270.3260156
436.9282349	302.2341242
437.1003512	266.7642806
437.2724691	216.0913941
437.4445886	251.6071322
437.6167097	297.6935954
437.7888324	278.6670305
437.9609566	284.2366029
438.1330824	343.3816859
438.3052098	314.5304667
438.4773388	289.9074924
438.6494694	285.3318036
438.8216016	279.3601065
438.9937353	309.7071396
439.1658706	307.9964872
439.3380075	336.0521434
439.510146	323.1310412
439.6822861	327.3054827
439.8544277	351.8532661
440.026571	362.0568619
440.1987158	342.0902028
440.3708622	351.5017459
440.5430102	374.5927213
440.7151597	325.7968633
440.8873109	386.8182305
441.0594636	363.7136456
441.2316179	415.5370472
441.4037738	414.2767866
441.5759313	428.8605205
441.7480903	416.0182269
441.920251	387.2207399
442.0924132	421.8330084
442.264577	420.5821991
442.4367424	424.4698301
442.6089093	435.0523608
442.7810779	495.8887804
442.953248	465.9205336
443.1254197	461.4796008
443.297593	459.4705015
443.4697679	451.7542361
443.6419444	501.3416393
443.8141224	502.844828
443.9863021	492.7657961
444.1584833	552.428946
444.3306661	537.2750412
444.5028504	496.8317532
444.6750364	538.1830637
444.8472239	566.9290066
445.019413	557.1168233
445.1916038	539.2851577
445.363796	612.1901378
445.5359899	602.833886
445.7081854	610.6384287
445.8803824	654.3206583
446.052581	676.8666141
446.2247812	637.2600781
446.396983	653.8947388
446.5691863	715.4682646
446.7413913	692.1156258
446.9135978	690.2073034
447.0858059	711.6450382
447.2580156	732.6047887
447.4302269	723.2690824
447.6024397	774.5965581
447.7746542	782.9097502
447.9468702	815.9526407
448.1190878	800.2006241
448.291307	894.2091602
448.4635278	868.0589881
448.6357501	880.3723952
448.807974	925.8975717
448.9801996	910.9751137
449.1524266	955.4806041
449.3246553	930.847139
449.4968856	940.4469816
449.6691174	1006.579424
449.8413509	981.6289333
450.0135859	1025.552496
450.1858225	1074.221001
450.3580606	1016.172598
450.5303004	1104.825748
450.7025417	1079.95129
450.8747846	1146.943752
451.0470291	1145.582687
451.2192752	1150.096984
451.3915229	1191.888104
451.5637722	1153.508808
451.736023	1168.710353
451.9082754	1207.818177
452.0805294	1197.491887
452.252785	1263.797412
452.4250421	1270.555489
452.5973009	1289.43211
452.7695612	1255.443765
452.9418231	1254.139537
453.1140866	1245.503775
453.2863517	1339.102742
453.4586183	1286.730896
453.6308866	1336.596415
453.8031564	1356.343921
453.9754278	1374.318092
454.1477008	1376.883564
454.3199753	1380.468629
454.4922515	1424.526962
454.6645292	1408.945491
454.8368085	1441.040943
455.0090894	1347.80691
455.1813719	1425.942436
455.353656	1337.180095
455.5259416	1427.106978
455.6982288	1397.318586
455.8705176	1471.976259
456.042808	1417.094247
456.2151	1483.315877
456.3873936	1411.809563
456.5596887	1421.140623
456.7319854	1389.880285
456.9042837	1393.208183
457.0765836	1347.211797
457.2488851	1365.792626
457.4211881	1323.009599
457.5934928	1350.403249
457.765799	1350.204912
457.9381068	1356.516612
458.1104161	1366.418099
458.2827271	1358.456392
458.4550396	1311.832928
458.6273538	1328.192112
458.7996695	1270.339081
458.9719868	1310.425425
459.1443056	1256.675733
459.3166261	1258.628549
459.4889481	1253.703703
459.6612718	1193.938064
459.833597	1209.711339
460.0059237	1218.614721
460.1782521	1175.609226
460.3505821	1185.620312
460.5229136	1152.026451
460.6952467	1106.32717
460.8675814	1161.475281
461.0399177	1148.214865
461.2122555	1101.997668
461.384595	1095.485329
461.556936	1105.519807
461.7292786	1046.782578
461.9016228	1062.473618
462.0739686	1041.092348
462.2463159	1055.242269
462.4186649	1039.385134
462.5910154	1018.161266
462.7633675	1038.603002
462.9357212	1007.224086
463.1080764	946.2727246
463.2804333	956.1004173
463.4527917	962.950834
463.6251517	935.2083447
463.7975133	995.2179853
463.9698765	929.8752957
464.1422413	935.368274
464.3146076	914.748127
464.4869755	887.9346816
464.659345	929.730159
464.8317161	920.3220377
465.0040888	883.998674
465.176463	942.1235344
465.3488389	850.1110765
465.5212163	892.6983287
465.6935953	870.2043318
465.8659759	841.2961501
466.038358	871.6585054
466.2107418	834.7345384
466.3831271	831.7240705
466.555514	835.6650302
466.7279025	880.8262605
466.9002926	808.4183474
467.0726843	835.2632137
467.2450775	836.0758225
467.4174723	818.6888373
467.5898687	857.6196471
467.7622667	838.3886994
467.9346663	817.993633
468.1070675	850.6173393
468.2794702	858.814493
468.4518745	800.7487652
468.6242804	838.7450899
468.7966879	766.4318501
468.969097	803.209484
469.1415076	797.9739886
469.3139198	774.8172398
469.4863336	775.707502
469.658749	828.8237017
469.831166	815.3757782
470.0035846	808.6650109
470.1760047	774.4562546
470.3484264	804.0976151
470.5208497	778.4852177
470.6932746	802.4907925
470.8657011	796.368539
471.0381292	776.3161487
471.2105588	789.1469319
471.38299	758.4571176
471.5554228	785.1913994
471.7278572	754.3868617
471.9002932	778.697085
472.0727307	774.0435714
472.2451698	707.1045182
472.4176106	774.7747204
472.5900528	725.1953915
472.7624967	758.971788
472.9349422	749.6192019
473.1073892	751.6826042
473.2798378	710.011105
473.4522881	729.3149345
473.6247398	720.9972555
473.7971932	701.3762068
473.9696482	701.134547
474.1421047	692.8362925
474.3145628	691.7462798
474.4870225	654.3292396
474.6594838	671.5263546
474.8319467	693.8270482
475.0044111	660.3499095
475.1768771	648.4044706
475.3493448	678.850531
475.5218139	633.7179742
475.6942847	653.5441286
475.8667571	637.0368533
476.039231	619.9609775
476.2117065	626.3219359
476.3841836	599.5760994
476.5566623	615.3817276
476.7291426	615.8920523
476.9016245	602.1848214
477.0741079	610.4890842
477.2465929	620.7824486
477.4190795	603.0986713
477.5915677	557.0600852
477.7640575	606.1461295
477.9365488	587.3476927
478.1090417	563.1159937
478.2815362	588.648081
478.4540323	545.0062147
478.62653	598.4071835
478.7990293	555.8704542
478.9715301	549.8818084
479.1440325	519.1268526
479.3165365	556.7322568
479.4890421	561.8559131
479.6615493	543.6301152
479.834058	540.3191398
480.0065684	551.8235016
480.1790803	524.7132345
480.3515938	547.0808368
480.5241089	520.2780222
480.6966255	566.6639406
480.8691438	514.8851396
481.0416636	535.5190846
481.214185	495.8214093
481.386708	514.9468071
481.5592326	507.0363876
481.7317588	514.7433632
481.9042865	515.0654772
482.0768158	513.8837237
482.2493467	498.8118711
482.4218792	510.2852134
482.5944133	508.0925683
482.7669489	530.7791339
482.9394862	537.0704574
483.112025	502.0131935
483.2845654	505.6895119
483.4571074	538.4543728
483.6296509	500.9390813
483.8021961	500.5781427
483.9747428	484.5819803
484.1472911	508.2661148
484.319841	500.7973474
484.4923925	521.8254088
484.6649455	514.3835898
484.8375002	505.2320107
485.0100564	511.7063429
485.1826142	518.964099
485.3551736	525.9657896
485.5277346	518.7399971
485.7002971	497.3856945
485.8728612	519.197786
486.045427	490.145483
486.2179943	538.31028
486.3905631	510.1794628
486.5631336	518.5206395
486.7357057	499.8667874
486.9082793	531.1532016
487.0808545	495.441956
487.2534313	492.7531011
487.4260097	510.4942133
487.5985896	506.8392051
487.7711712	517.3682693
487.9437543	499.2363717
488.116339	532.5727201
488.2889253	507.027535
488.4615131	523.3073377
488.6341026	501.6696732
488.8066936	525.3688527
488.9792862	516.4027257
489.1518804	529.9243032
489.3244762	511.7917238
489.4970736	529.4816407
489.6696725	527.1163386
489.8422731	512.4257629
490.0148752	541.6667505
490.1874789	507.0721578
490.3600841	523.9826399
490.532691	510.6243682
490.7052994	524.0792544
490.8779094	492.1394712
491.050521	519.8602389
491.2231342	517.8849533
491.395749	532.7098624
491.5683654	516.942512
491.7409833	525.5534369
491.9136028	519.4325809
492.0862239	541.064426
492.2588466	520.7555061
492.4314708	520.9508044
492.6040967	530.1682201
492.7767241	525.6355881
492.9493531	522.9182107
493.1219837	536.7926176
493.2946159	534.1323167
493.4672496	526.8151159
493.639885	510.8753261
493.8125219	544.7143839
493.9851604	522.159105
494.1578005	511.3859377
494.3304422	526.8425767
494.5030854	504.4020568
494.6757302	531.2676272
494.8483767	528.8146065
495.0210247	532.5094389
495.1936742	537.8516245
495.3663254	523.8534652
495.5389781	540.2001393
495.7116325	527.10212
495.8842884	530.2239719
496.0569459	519.699154
496.229605	518.7367029
496.4022656	506.931808
496.5749278	540.0905914
496.7475917	525.3080882
496.9202571	538.6008202
497.0929241	542.8287821
497.2655926	546.5894424
497.4382628	557.7473951
497.6109345	558.6911712
497.7836078	527.1938647
497.9562827	545.8854562
498.1289592	538.9950633
498.3016373	562.6462955
498.4743169	541.6900876
498.6469981	546.3897729
498.8196809	557.3808007
498.9923653	547.4616495
499.1650513	539.5949747
499.3377389	543.378282
499.510428	545.8994936
499.6831187	552.9310067
499.855811	532.8665259
500.0285049	557.6121153
500.2012004	547.7711138
500.3738974	553.7380379
500.5465961	515.4513083
500.7192963	548.0667612
500.8919981	544.5564833
501.0647014	546.1365037
501.2374064	537.7102239
501.410113	538.1324433
501.5828211	554.383132
501.7555308	548.5031898
501.9282421	557.8069207
502.100955	548.2987891
502.2736694	546.3365596
502.4463854	557.5491875
502.6191031	563.8504524
502.7918223	546.1110137
502.9645431	542.7455923
503.1372654	554.280998
503.3099894	552.8915771
503.4827149	549.5335906
503.655442	538.2170653
503.8281707	539.1748934
504.000901	566.0976409
504.1736329	552.909425
504.3463663	557.1510375
504.5191013	550.0658166
504.6918379	572.5537647
504.8645761	563.2833249
505.0373159	551.8601597
505.2100572	543.1685055
505.3828002	545.6947836
505.5555447	558.4011558
505.7282908	556.3442732
505.9010385	582.5708494
506.0737878	575.53035
506.2465386	560.0106563
506.419291	560.5451642
506.5920451	538.3558969
506.7648006	546.5946157
506.9375578	556.1255021
507.1103166	564.3601499
507.2830769	561.8598866
507.4558389	552.8099558
507.6286024	576.1976377
507.8013675	564.0752149
507.9741341	576.7098852
508.1469024	564.9544271
508.3196722	569.02504
508.4924436	567.1826293
508.6652166	566.6091732
508.8379912	557.0547851
509.0107674	529.3141
509.1835451	557.5878575
509.3563245	560.795193
509.5291054	574.5323477
509.7018879	571.164244
509.874672	580.9794816
510.0474576	552.3644716
510.2202449	556.2710971
510.3930337	562.1200406
510.5658241	568.2118794
510.7386161	569.14042
510.9114097	557.8843546
511.0842048	572.611276
511.2570015	561.7031417
511.4297999	557.2699779
511.6025998	564.4555906
511.7754013	568.0003155
511.9482043	557.3321973
512.121009	557.4413058
512.2938152	576.5603128
512.466623	559.3853319
512.6394324	570.8960802
512.8122434	543.3262821
512.9850559	567.2548704
513.1578701	566.6705665
513.3306858	542.445543
513.5035031	587.1436212
513.676322	554.8893681
513.8491425	575.5333606
514.0219645	568.8990269
514.1947882	572.8751285
514.3676134	553.2823991
514.5404402	582.2276411
514.7132686	561.9638482
514.8860985	556.1648798
515.0589301	571.1518922
515.2317632	549.2862075
515.4045979	560.1215162
515.5774342	569.2784684
515.7502721	563.5640352
515.9231116	571.9613348
516.0959526	553.7335127
516.2687952	563.3187673
516.4416394	560.5610803
516.6144852	542.3551491
516.7873326	558.591222
516.9601816	553.059854
517.1330321	554.3198453
517.3058842	557.0400613
517.4787379	545.91257
517.6515932	558.2404751
517.8244501	558.3176747
517.9973085	542.1059156
518.1701685	562.3585233
518.3430302	560.7314793
518.5158933	549.003435
518.6887581	567.965959
518.8616245	528.2955207
519.0344924	564.5730206
519.2073619	541.2322382
519.3802331	553.0103653
519.5531057	576.0919357
519.72598	558.3109583
519.8988559	559.3339503
520.0717333	562.4295426
520.2446123	547.5540282
520.4174929	568.8705345
520.5903751	547.4450967
520.7632589	545.622406
520.9361442	553.8576335
521.1090311	543.9875939
521.2819197	553.388624
521.4548098	532.3587049
521.6277014	539.2839703
521.8005947	551.2229459
521.9734895	570.0022244
522.146386	560.1705123
522.319284	542.2945613
522.4921836	547.2910404
522.6650847	531.6020117
522.8379875	559.1374882
523.0108918	545.7193688
523.1837977	570.6705504
523.3567052	563.8793077
523.5296143	551.5804926
523.702525	557.3771179
523.8754372	544.406947
524.0483511	545.7739027
524.2212665	549.3148974
524.3941835	539.3739973
524.567102	543.4062773
524.7400222	532.2692632
524.9129439	562.7469691
525.0858673	552.0893642
525.2587922	544.5197842
525.4317187	546.7472361
525.6046467	553.1291694
525.7775764	538.7293739
525.9505076	561.2992669
526.1234404	561.3747432
526.2963748	550.4690311
526.4693108	544.1806164
526.6422484	551.1195375
526.8151875	541.1158089
526.9881283	548.0857675
527.1610706	544.190424
527.3340145	560.2079937
527.5069599	569.1642238
527.679907	536.0119127
527.8528556	542.886492
528.0258059	549.0887315
528.1987577	557.8454823
528.371711	552.2609539
528.544666	549.1994073
528.7176226	560.4886553
528.8905807	555.4087014
529.0635404	554.3544322
529.2365017	548.7450615
529.4094646	548.599067
529.5824291	548.5572427
529.7553951	543.5681177
529.9283627	535.5224427
530.101332	554.1675402
530.2743027	537.697
530.4472751	546.6919686
530.6202491	542.6856701
530.7932246	558.8607099
530.9662017	550.1167197
531.1391805	546.8604138
531.3121607	552.7247103
531.4851426	526.8660267
531.6581261	526.0230552
531.8311111	543.9569473
532.0040977	541.4660943
532.1770859	540.2841733
532.3500757	549.1519137
532.5230671	545.6751091
532.69606	549.7293565
532.8690545	546.8543254
533.0420506	557.3855714
533.2150483	552.7222654
533.3880476	543.2686196
533.5610485	562.3761571
533.7340509	550.6972779
533.9070549	554.2702019
534.0800605	558.1051631
534.2530677	543.0561148
534.4260765	549.4907917
534.5990868	551.2109963
534.7720988	552.958043
534.9451123	542.6137519
535.1181274	553.9543203
535.2911441	559.701191
535.4641623	568.5589827
535.6371822	552.2815098
535.8102036	551.9478908
535.9832266	549.5108262
536.1562512	546.3276561
536.3292774	548.8043884
536.5023052	555.0676244
536.6753345	548.9738542
536.8483654	539.8110159
537.0213979	541.819057
537.194432	542.2053813
537.3674677	555.3110481
537.5405049	557.4770565
537.7135438	569.1554779
537.8865842	531.4619543
538.0596262	538.1185724
538.2326698	547.1428195
538.4057149	545.4011175
538.5787617	532.0026576
538.75181	559.868584
538.9248599	553.0233492
539.0979114	544.5196156
539.2709645	549.6340884
539.4440191	558.4050954
539.6170754	545.9965148
539.7901332	570.5633159
539.9631926	558.0683774
540.1362536	559.1530509
540.3093161	560.2071933
540.4823803	536.441199
540.655446	540.5832902
540.8285133	549.1264364
541.0015822	555.0272411
541.1746527	556.0798925
541.3477248	545.5702833
541.5207984	544.1737172
541.6938737	550.7237104
541.8669505	567.1959254
542.0400289	544.0297887
542.2131088	541.5401095
542.3861904	568.3355211
542.5592735	546.0644935
542.7323583	555.4418776
542.9054446	545.5557352
543.0785324	555.9802506
543.2516219	552.6357577
543.424713	544.4599026
543.5978056	552.0482308
543.7708998	543.8316605
543.9439956	547.4092022
544.117093	538.4458349
544.290192	546.0254723
544.4632925	557.1544215
544.6363946	546.167622
544.8094983	536.1006682
544.9826036	537.4661747
545.1557105	540.8983548
545.328819	540.6874917
545.501929	559.3697951
545.6750406	558.4793398
545.8481538	547.5842771
546.0212686	555.3146697
546.194385	544.0595109
546.3675029	578.7332682
546.5406225	566.5010227
546.7137436	559.4254524
546.8868663	543.8798048
547.0599906	549.3731215
547.2331164	540.9822383
547.4062439	540.5546383
547.5793729	543.7343265
547.7525035	567.1383387
547.9256357	537.785329
548.0987695	530.1420349
548.2719048	552.3102276
548.4450418	546.7744095
548.6181803	537.328358
548.7913204	555.2588694
548.9644621	565.048458
549.1376053	537.4653755
549.3107502	549.1323144
549.4838966	560.5360131
549.6570446	552.1449559
549.8301942	556.9224996
550.0033454	546.4060216
550.1764982	562.5989062
550.3496525	542.9644327
550.5228084	549.61849
550.6959659	558.1886663
550.869125	542.5611487
551.0422857	548.9082057
551.215448	554.3362296
551.3886118	544.8543415
551.5617772	541.211763
551.7349442	555.8695171
551.9081128	546.2325689
552.081283	540.1636548
552.2544547	542.9763029
552.4276281	528.9254164
552.600803	547.0701178
552.7739795	535.4493827
552.9471576	545.0132818
553.1203372	557.5311301
553.2935185	556.9800035
553.4667013	551.1968321
553.6398857	555.4471009
553.8130717	539.8522597
553.9862593	539.6833401
554.1594484	550.5282987
554.3326392	552.4434581
554.5058315	547.6161631
554.6790254	547.0408066
554.8522209	542.6250721
555.0254179	538.9662555
555.1986166	545.7077283
555.3718168	546.2345107
555.5450186	553.2933787
555.718222	547.9437502
555.891427	548.3953875
556.0646336	546.3531243
556.2378417	546.6196729
556.4110514	552.3809671
556.5842627	555.5743583
556.7574756	547.1227538
556.9306901	533.840039
557.1039062	537.9277342
557.2771238	543.0706269
557.450343	543.7429016
557.6235638	545.946934
557.7967862	547.3501822
557.9700102	535.4274365
558.1432357	542.8911388
558.3164628	540.5508209
558.4896916	552.0516853
558.6629219	531.8765785
558.8361537	551.7109409
559.0093872	546.2149784
559.1826222	544.1411049
559.3558589	536.3612768
559.5290971	547.3745224
559.7023369	552.3023288
559.8755782	546.5064658
560.0488212	546.0085984
560.2220657	543.2693639
560.3953118	540.9196518
560.5685595	557.584826
560.7418088	540.7178163
560.9150597	539.6974511
561.0883121	540.0073985
561.2615662	530.1184394
561.4348218	559.1806338
561.608079	544.7669026
561.7813378	532.856015
561.9545981	545.3579055
562.1278601	533.9130144
562.3011236	544.2843347
562.4743887	547.2231786
562.6476554	540.7090959
562.8209237	549.677743
562.9941935	539.7433384
563.167465	557.3851685
563.340738	529.1725481
563.5140126	548.3304924
563.6872888	541.3187563
563.8605665	548.5383439
564.0338459	537.1396326
564.2071268	540.7661323
564.3804093	537.9396267
564.5536934	548.5709517
564.7269791	544.0633764
564.9002664	533.4230185
565.0735552	538.0288664
565.2468456	533.966738
565.4201376	554.2010163
565.5934312	538.7189685
565.7667264	546.7835923
565.9400231	548.2331517
566.1133215	561.3424726
566.2866214	541.4157423
566.4599229	547.4179806
566.633226	525.4614225
566.8065306	536.0088186
566.9798369	542.8333582
567.1531447	538.865316
567.3264541	532.3141396
567.4997651	544.9752164
567.6730777	534.5113357
567.8463919	543.3689505
568.0197076	539.9138483
568.1930249	538.3015202
568.3663438	537.2081257
568.5396643	529.4867063
568.7129864	543.4496456
568.8863101	524.9011996
569.0596353	539.1165418
569.2329621	524.2331644
569.4062905	519.7104865
569.5796205	535.4893671
569.7529521	525.8376664
569.9262852	546.9118169
570.0996199	534.2768231
570.2729563	535.9847385
570.4462941	529.645502
570.6196336	543.4519343
570.7929747	529.9454879
570.9663173	539.1614133
571.1396616	532.6895699
571.3130074	543.6138941
571.4863547	544.2947177
571.6597037	544.2149333
571.8330543	533.5048052
572.0064064	534.4604112
572.1797601	529.1904275
572.3531154	527.0213935
572.5264723	537.239861
572.6998308	526.676293
572.8731908	541.7084912
573.0465525	543.6176714
573.2199157	526.7386966
573.3932805	535.7308446
573.5666468	536.8693784
573.7400148	548.3514824
573.9133843	547.7515181
574.0867555	537.7285905
574.2601282	519.6456948
574.4335025	515.8088358
574.6068783	530.2284493
574.7802558	534.4491688
574.9536348	532.9996047
575.1270154	548.2631467
575.3003976	527.5177497
575.4737814	541.2797439
575.6471668	524.6201422
575.8205537	535.6633073
575.9939423	532.1810934
576.1673324	540.4919811
576.3407241	529.3744063
576.5141173	525.8071769
576.6875122	524.3715549
576.8609086	529.7348523
577.0343067	527.0835296
577.2077063	529.456444
577.3811075	531.3839876
577.5545102	525.0917417
577.7279146	543.685491
577.9013205	533.8038145
578.074728	531.4361739
578.2481371	539.4423734
578.4215478	532.1592214
578.5949601	541.8680597
578.7683739	521.5082092
578.9417894	523.9233725
579.1152064	538.7433255
579.288625	540.3624657
579.4620451	532.233946
579.6354669	526.3610398
579.8088902	540.8014816
579.9823152	530.4792865
580.1557417	529.0698005
580.3291698	536.5693586
580.5025994	528.0813701
580.6760307	539.5851283
580.8494635	516.7495681
581.0228979	528.6261224
581.1963339	523.0993375
581.3697715	527.0361287
581.5432107	532.3721941
581.7166514	526.1511073
581.8900937	542.4422791
582.0635377	536.5194663
582.2369832	525.6544944
582.4104302	529.476716
582.5838789	531.4495423
582.7573291	521.4186842
582.9307809	522.977367
583.1042344	524.5318471
583.2776893	525.9591833
583.4511459	540.5800477
583.6246041	528.5225268
583.7980638	519.8679039
583.9715251	525.2550737
584.144988	532.6535995
584.3184525	539.9742726
584.4919186	540.5184309
584.6653862	520.7159274
584.8388554	527.8699301
585.0123262	527.3999531
585.1857986	526.3259776
585.3592726	531.0851531
585.5327482	530.5671395
585.7062253	530.8669075
585.879704	526.8404005
586.0531843	529.6143173
586.2266662	525.1711634
586.4001497	527.8649433
586.5736347	531.0438928
586.7471214	531.5194367
586.9206096	526.0947555
587.0940994	530.7411885
587.2675908	541.4253566
587.4410837	534.2774507
587.6145783	533.0550699
587.7880744	541.3916897
587.9615721	528.6605531
588.1350714	537.9915645
588.3085723	532.1543009
588.4820748	529.2002779
588.6555788	522.5932385
588.8290844	514.240318
589.0025916	521.4713568
589.1761004	521.0045473
589.3496108	531.0328667
589.5231227	523.6852393
589.6966363	524.4980995
589.8701514	530.6181117
590.0436681	527.1018102
590.2171864	525.384092
590.3907062	515.3247597
590.5642277	520.7224921
590.7377507	527.7956755
590.9112753	524.7709095
591.0848015	522.3858889
591.2583293	537.6682949
591.4318586	525.8904033
591.6053896	524.8473357
591.7789221	529.3522566
591.9524562	523.4839966
592.1259919	512.4666392
592.2995291	512.3211713
592.473068	524.6566452
592.6466084	520.9132645
592.8201504	514.2762182
592.993694	528.0441307
593.1672392	522.0723377
593.340786	532.4020497
593.5143343	511.8771418
593.6878843	519.4879781
593.8614358	509.8374095
594.0349889	516.4072387
594.2085435	501.1524295
594.3820998	520.7775395
594.5556576	521.7292828
594.7292171	505.2698609
594.9027781	509.6093948
595.0763406	506.5038158
595.2499048	502.7110629
595.4234706	505.1976482
595.5970379	509.6739747
595.7706068	518.5873899
595.9441773	506.9217778
596.1177494	520.9552277
596.2913231	520.9785738
596.4648983	519.0035308
596.6384751	517.8050265
596.8120535	501.6317323
596.9856335	510.2837695
597.1592151	505.2805457
597.3327983	521.3427551
597.506383	508.9101629
597.6799693	489.9106274
597.8535572	498.9916271
598.0271467	502.3464696
598.2007378	517.1063255
598.3743304	512.6458472
598.5479247	499.0302053
598.7215205	495.1755968
598.8951179	509.481529
599.0687168	512.7395135
599.2423174	508.0475768
599.4159196	516.0031448
599.5895233	503.1847815
599.7631286	486.5106429
599.9367355	507.0780292
600.110344	503.0089451
600.283954	519.267435
600.4575657	492.4331938
600.6311789	500.8050537
600.8047937	507.670207
600.9784101	500.2251912
601.152028	499.1057112
601.3256476	496.8639386
601.4992687	497.1904336
601.6728914	502.7340838
601.8465157	509.3022711
602.0201416	509.8138788
602.1937691	498.6171365
602.3673981	502.666281
602.5410287	496.0047757
602.7146609	511.2334245
602.8882947	497.850556
603.0619301	501.1921213
603.2355671	492.0010704
603.4092056	482.5819801
603.5828457	497.6005403
603.7564874	493.535175
603.9301307	493.1318807
604.1037756	501.9287175
604.277422	501.4187016
604.4510701	486.0676596
604.6247197	474.5527234
604.7983709	480.5734918
604.9720237	503.6631111
605.145678	484.4110119
605.319334	491.2032909
605.4929915	491.6280305
605.6666506	469.2526972
605.8403113	477.7220377
606.0139736	477.9075826
606.1876374	487.0119744
606.3613028	487.8772063
606.5349699	486.2920456
606.7086385	480.0024027
606.8823087	492.1415111
607.0559804	480.2934866
607.2296538	486.6848503
607.4033287	473.5113202
607.5770052	486.4134926
607.7506833	473.9944135
607.924363	478.4405045
608.0980443	475.11631
608.2717271	483.3629828
608.4454115	477.4319202
608.6190975	469.3475314
608.7927851	473.6519135
608.9664743	479.9406006
609.1401651	473.5357705
609.3138574	469.8500694
609.4875513	478.6667846
609.6612468	481.1908001
609.8349439	463.2410293
610.0086426	469.7975778
610.1823428	469.6616797
610.3560446	471.3216905
610.5297481	466.205778
610.7034531	467.3576035
610.8771596	460.9682067
611.0508678	460.7300064
611.2245775	457.616003
611.3982889	478.1436379
611.5720018	464.4074209
611.7457163	455.8446155
611.9194323	470.8375576
612.09315	453.5548003
612.2668692	457.0620516
612.44059	462.1254544
612.6143124	471.5620359
612.7880364	461.1210466
612.961762	452.8488234
613.1354891	454.7225958
613.3092179	463.7348969
613.4829482	460.396504
613.6566801	465.9222643
613.8304136	451.2881411
614.0041486	469.7509011
614.1778853	453.5339155
614.3516235	452.6776249
614.5253633	462.8082461
614.6991047	466.4410303
614.8728477	445.2207731
615.0465922	452.6368947
615.2203383	450.6905588
615.3940861	456.364617
615.5678354	446.8020766
615.7415863	454.5262748
615.9153387	450.7973989
616.0890928	453.0540816
616.2628484	455.3784683
616.4366056	429.8459877
616.6103644	439.1277475
616.7841248	438.9686769
616.9578867	408.652473
617.1316503	447.9362833
617.3054154	433.0976788
617.4791821	431.6465453
617.6529504	433.931555
617.8267203	441.4563055
618.0004917	434.0675543
618.1742648	440.3527567
618.3480394	429.7930632
618.5218156	433.7456427
618.6955934	435.4330984
618.8693727	435.0704863
619.0431537	435.4263658
619.2169362	423.7506267
619.3907203	434.7326432
619.564506	422.6588026
619.7382933	430.5780032
619.9120822	427.1061056
620.0858726	436.5319934
620.2596646	430.6927602
620.4334582	419.510361
620.6072534	427.1044488
620.7810502	421.1966687
620.9548486	410.9260047
621.1286485	408.2797503
621.30245	414.6779567
621.4762531	411.5154664
621.6500578	414.7846572
621.8238641	416.2064382
621.9976719	411.3060966
622.1714813	406.6825828
622.3452923	409.634937
622.5191049	412.1287975
622.6929191	413.8247702
622.8667349	408.7090999
623.0405522	410.3057515
623.2143711	408.6931156
623.3881917	408.8187433
623.5620137	403.0921463
623.7358374	393.5847228
623.9096627	408.3436714
624.0834895	395.1791602
624.2573179	396.2506121
624.4311479	411.4114375
624.6049795	404.6885721
624.7788127	402.4319293
624.9526474	393.1006201
625.1264837	399.386363
625.3003217	391.9180516
625.4741612	398.6037838
625.6480022	394.3289047
625.8218449	394.8787159
625.9956891	394.9218086
626.169535	391.9904191
626.3433824	400.1199063
626.5172313	380.8637143
626.6910819	379.7762717
626.8649341	381.1116576
627.0387878	377.688429
627.2126431	391.7114587
627.3865	386.5010644
627.5603585	388.4371514
627.7342186	390.7747462
627.9080802	381.8188134
628.0819434	368.9332838
628.2558083	387.2964428
628.4296747	388.8826171
628.6035426	383.2824878
628.7774122	381.9680965
628.9512833	380.2333306
629.1251561	382.2967376
629.2990304	374.3617625
629.4729062	375.5290888
629.6467837	378.5188109
629.8206628	367.920184
629.9945434	373.9070431
630.1684256	360.9077322
630.3423094	367.4320506
630.5161948	354.4414329
630.6900818	380.9416252
630.8639703	361.4972318
631.0378604	362.7042391
631.2117522	357.6787118
631.3856455	360.9236834
631.5595403	344.1381555
631.7334368	361.8114244
631.9073348	359.9334969
632.0812344	348.5350505
632.2551357	345.4889596
632.4290384	356.8267018
632.6029428	346.8901533
632.7768488	353.7420558
632.9507563	354.734816
633.1246654	350.9957888
633.2985761	342.4932706
633.4724884	350.5113342
633.6464023	341.5502563
633.8203177	338.8498771
633.9942347	334.679933
634.1681533	340.5610261
634.3420735	338.8590792
634.5159953	343.0869814
634.6899187	333.4504775
634.8638436	332.0598369
635.0377701	329.9344525
635.2116982	329.7622708
635.3856279	332.4258057
635.5595592	330.4882828
635.7334921	315.6011972
635.9074265	338.1924661
636.0813625	319.6232763
636.2553001	332.2310046
636.4292393	327.3546667
636.60318	322.1848627
636.7771224	324.5490957
636.9510663	330.4130425
637.1250118	320.5769242
637.2989589	323.6896964
637.4729076	324.0267021
637.6468579	330.8156069
637.8208097	316.7994385
637.9947631	321.7459902
638.1687181	324.3298215
638.3426747	323.0648217
638.5166329	307.3220927
638.6905926	313.5610411
638.864554	308.4922065
639.0385169	320.8817946
639.2124814	314.2923251
639.3864475	314.3513104
639.5604151	308.6257793
639.7343844	308.2711207
639.9083552	301.5681429
640.0823276	303.1649879
640.2563016	306.4845366
640.4302772	305.2029779
640.6042543	298.5525953
640.7782331	293.9780284
640.9522134	294.6166452
641.1261953	297.6781111
641.3001788	291.3880025
641.4741639	300.0068992
641.6481505	288.4761506
641.8221387	284.3738546
641.9961286	289.201843
642.17012	293.3180193
642.3441129	287.7527871
642.5181075	291.8706872
642.6921037	286.6390647
642.8661014	283.7136237
643.0401007	279.39467
643.2141016	271.8083695
643.3881041	279.0392384
643.5621081	285.7371456
643.7361138	266.2290795
643.910121	283.6675758
644.0841298	280.3592922
644.2581402	270.2376561
644.4321521	268.9630984
644.6061657	279.7335151
644.7801808	266.3508835
644.9541975	260.8133386
645.1282158	268.0437674
645.3022357	273.5928103
645.4762572	268.5891733
645.6502802	267.5685703
645.8243048	271.7908715
645.9983311	271.0976082
646.1723589	259.6325288
646.3463882	270.2384078
646.5204192	257.0130578
646.6944517	261.8070296
646.8684858	264.8671444
647.0425215	253.1278749
647.2165588	256.8146452
647.3905977	257.8514351
647.5646382	252.0732449
647.7386802	260.6290153
647.9127238	254.5187987
648.086769	240.650859
648.2608158	247.4845218
648.4348641	251.4688471
648.6089141	245.5735813
648.7829656	245.8998532
648.9570187	246.4909176
649.1310734	243.5570863
649.3051297	238.0128022
649.4791875	246.8836551
649.653247	237.318195
649.827308	239.728175
650.0013706	238.8399563
650.1754348	234.064727
650.3495006	244.2328627
650.5235679	239.635307
650.6976368	238.3007042
650.8717074	237.7465508
651.0457795	229.5880531
651.2198531	240.8903543
651.3939284	232.7821147
651.5680052	234.5479459
651.7420837	232.5542656
651.9161637	227.8107297
652.0902453	220.4005123
652.2643284	219.9007898
652.4384132	228.4149426
652.6124995	225.8214089
652.7865875	236.3359669
652.960677	222.8063714
653.134768	219.5917899
653.3088607	227.3658704
653.482955	215.1677922
653.6570508	224.2078165
653.8311482	221.0842172
654.0052472	214.912621
654.1793478	213.6389756
654.35345	215.5183701
654.5275537	207.7827573
654.701659	209.0018854
654.8757659	219.900492
655.0498744	207.9444391
655.2239845	209.207628
655.3980962	216.4773779
655.5722094	204.0614127
655.7463242	205.5296368
655.9204406	216.2155332
656.0945586	208.6072069
656.2686782	206.5390384
656.4427993	210.2860981
656.616922	196.1648475
656.7910464	196.2116331
656.9651723	203.1658981
657.1392997	196.1851229
657.3134288	200.7988543
657.4875594	191.5000297
657.6616917	183.9671483
657.8358255	191.7635524
658.0099609	196.1217129
658.1840978	199.4694061
658.3582364	198.7000004
658.5323765	192.5352488
658.7065183	195.659174
658.8806616	201.2255361
659.0548064	186.6810009
659.2289529	202.4145541
659.403101	193.374327
659.5772506	197.5350664
659.7514018	184.5378313
659.9255546	182.2853949
660.099709	174.997007
660.2738649	194.7967343
660.4480225	169.4608733
660.6221816	186.1956234
660.7963423	185.8657309
660.9705046	187.2436056
661.1446685	179.8406961
661.3188339	190.7591597
661.493001	186.3792804
661.6671696	172.1717591
661.8413398	179.3700788
662.0155116	183.1089617
662.1896849	174.9401773
662.3638599	177.6952236
662.5380364	178.9719863
662.7122145	185.6494062
662.8863942	163.4126561
663.0605755	178.2435505
663.2347584	165.8041374
663.4089428	175.0348761
663.5831288	167.4862209
663.7573165	168.0446703
663.9315056	170.2851253
664.1056964	170.5421144
664.2798888	162.2855125
664.4540827	166.5916588
664.6282782	162.1588211
664.8024753	160.4228379
664.976674	166.1762829
665.1508743	174.4186182
665.3250761	151.0949778
665.4992796	159.4223302
665.6734846	156.4194818
665.8476912	164.2250761
666.0218993	152.7791387
666.1961091	164.5064008
666.3703204	152.1551606
666.5445334	153.6332192
666.7187479	149.6598938
666.892964	159.1020576
667.0671816	151.2358445
667.2414009	159.3835428
667.4156217	145.8196804
667.5898442	160.8668047
667.7640682	148.1126558
667.9382937	147.0988349
668.1125209	155.5883749
668.2867497	139.8592075
668.46098	142.6765204
668.6352119	155.3003771
668.8094454	147.4183082
668.9836805	151.7820157
669.1579171	143.0095675
669.3321554	149.3642407
669.5063952	142.0073068
669.6806366	148.0053615
669.8548796	141.5119154
670.0291242	154.6607926
670.2033703	143.437408
670.3776181	144.4089255
670.5518674	152.4791495
670.7261183	138.8391992
670.9003708	129.3739657
671.0746248	137.2761017
671.2488805	133.2940481
671.4231377	140.4621394
671.5973965	127.2978445
671.7716569	131.982238
671.9459189	125.44117
672.1201824	131.9194413
672.2944476	130.7286169
672.4687143	133.7881447
672.6429826	133.3816138
672.8172525	128.1788632
672.991524	128.4145209
673.165797	130.5034028
673.3400717	121.3327492
673.5143479	135.3078083
673.6886257	128.9815581
673.8629051	128.7779885
674.037186	121.8842601
674.2114686	132.9938729
674.3857527	117.7015366
674.5600384	119.415341
674.7343257	111.0731648
674.9086146	121.8909032
675.0829051	113.4970312
675.2571971	120.0897011
675.4314907	116.5933024
675.6057859	117.4459946
675.7800827	122.7459258
675.9543811	127.29863
676.128681	116.6975726
676.3029826	119.7609682
676.4772857	119.5002648
676.6515904	124.369477
676.8258967	116.6427752
677.0002045	110.1151475
677.174514	108.6238938
677.348825	110.3057992
677.5231376	114.9574691
677.6974518	117.1176411
677.8717676	113.3929307
678.046085	116.8480844
678.2204039	114.4342044
678.3947244	108.4077407
678.5690465	106.3488386
678.7433702	106.0776246
678.9176955	102.2583069
679.0920224	103.9112345
679.2663508	102.2950359
679.4406808	108.9704707
679.6150124	102.9196845
679.7893456	99.73238009
679.9636804	105.0800206
680.1380167	113.076259
680.3123546	95.10213477
680.4866941	100.1302649
680.6610352	102.8675786
680.8353779	98.92287656
681.0097222	96.47494613
681.184068	103.4367234
681.3584154	95.63360946
681.5327644	101.3125545
681.707115	102.9933785
681.8814672	100.8675953
682.055821	91.5586532
682.2301763	91.76913803
682.4045332	95.77877518
682.5788917	98.44767636
682.7532518	84.76684714
682.9276135	96.88420199
683.1019767	93.50885242
683.2763415	94.85605587
683.4507079	83.04978129
683.6250759	96.31757669
683.7994455	88.21585743
683.9738167	91.1105933
684.1481894	82.78558454
684.3225637	95.12296734
684.4969396	97.12304997
684.6713171	89.22933418
684.8456962	85.00150095
685.0200768	83.61651857
685.1944591	86.96476726
685.3688429	87.82668502
685.5432283	97.62451664
685.7176153	88.53560643
685.8920038	92.23420457
686.066394	77.18812753
686.2407857	89.15347719
686.415179	85.19886835
686.5895739	101.7562578
686.7639704	99.09093602
686.9383685	75.16196344
687.1127681	77.74254517
687.2871693	85.68769819
687.4615721	81.1582743
687.6359765	85.78248002
687.8103825	78.16508597
687.98479	76.94739172
688.1591992	80.40816188
688.3336099	79.95799577
688.5080222	88.08187293
688.6824361	80.42879441
688.8568515	86.2041043
689.0312686	81.00009293
689.2056872	76.00236058
689.3801074	85.25924615
689.5545292	75.56251444
689.7289526	74.96451563
689.9033775	80.83479054
690.0778041	73.70857772
690.2522322	75.66390921
690.4266619	70.77852641
690.6010932	83.18551753
690.7755261	67.93459996
690.9499605	75.56325422
691.1243965	83.33220255
691.2988342	82.32444278
691.4732734	66.32569378
691.6477141	71.03410891
691.8221565	74.13868592
691.9966005	72.13564212
692.171046	72.03412482
692.3454931	70.23676102
692.5199418	69.40680268
692.6943921	73.41394811
692.8688439	75.77471199
693.0432974	73.59538583
693.2177524	68.41097446
693.392209	81.7251744
693.5666672	81.69157929
693.7411269	85.93867673
693.9155883	83.39132763
694.0900512	79.22202024
694.2645157	79.68076096
694.4389818	88.80235472
694.6134495	82.65861467
694.7879188	77.68196075
694.9623896	70.03972563
695.1368621	75.69114044
695.3113361	78.03600115
695.4858117	66.24736102
695.6602888	67.74693852
695.8347676	55.67110706
696.0092479	65.15202588
696.1837299	71.5875306
696.3582134	55.38432444
696.5326984	56.78004235
696.7071851	58.27003387
696.8816734	66.14689977
697.0561632	55.62929178
697.2306546	75.72726442
697.4051476	52.31906627
697.5796422	68.81919046
697.7541384	69.86491138
697.9286361	68.32158424
698.1031354	54.3713132
698.2776363	61.66131732
698.4521388	57.63551067
698.6266429	66.19718457
698.8011486	67.27435495
698.9756558	56.66699449
699.1501646	60.92449055
699.324675	52.43408064
699.499187	49.17872638
699.6737006	57.21878153
699.8482157	51.91912593
700.0227325	58.57326115
700.1972508	58.84926665
700.3717707	56.60050409
700.5462922	62.57606548
700.7208152	61.38352578
700.8953399	58.9195607
701.0698661	56.01420355
701.2443939	55.06168317
701.4189233	52.25602502
701.5934543	60.36757761
701.7679868	55.65655247
701.942521	54.37523134
702.1170567	51.34033404
702.291594	56.97010088
702.4661329	50.59979269
702.6406733	55.94836831
702.8152154	51.15602638
702.989759	59.09673049
703.1643042	53.7620859
703.338851	54.22246505
703.5133994	57.80882786
703.6879494	44.7436853
703.8625009	54.44305606
704.037054	41.99805767
704.2116088	60.15848358
704.386165	41.46558673
704.5607229	49.77663143
704.7352824	58.83342587
704.9098434	53.44994379
705.084406	57.78143632
705.2589702	54.72706702
705.433536	50.93347938
705.6081034	47.56770805
705.7826723	44.43774224
705.9572429	42.50014435
706.131815	50.80973663
706.3063887	43.56572031
706.480964	48.57044296
706.6555408	47.14224286
706.8301193	44.8330242
707.0046993	56.29041474
707.1792809	53.19093803
707.3538641	54.17586568
707.5284489	49.30041852
707.7030352	58.14928116
707.8776232	41.83338813
708.0522127	46.61395472
708.2268038	40.4790443
708.4013965	47.39180557
708.5759907	43.71137942
708.7505866	53.2078429
708.925184	50.71600088
709.099783	48.10110732
709.2743836	40.50304982
709.4489858	49.35592383
709.6235896	50.29135779
709.7981949	52.83551208
709.9728018	40.62741749
710.1474104	38.07148624
710.3220204	41.98817533
710.4966321	43.71834179
710.6712454	46.02599645
710.8458602	41.67462804
711.0204766	39.66797849
711.1950946	49.78161936
711.3697142	53.81815477
711.5443354	51.6247026
711.7189581	41.60937678
711.8935825	60.62402557
712.0682084	49.5368783
712.2428359	52.35737976
712.417465	35.14091743
712.5920956	49.38551883
712.7667279	35.56066448
712.9413617	43.02419922
713.1159971	38.51852543
713.2906341	38.62522569
713.4652727	32.9889304
713.6399128	46.34900802
713.8145545	41.23772947
713.9891979	41.00805536
714.1638428	47.43721447
714.3384893	51.98706288
714.5131373	41.45755754
714.687787	51.48927682
714.8624382	40.07118552
715.037091	44.22734141
715.2117454	37.46611689
715.3864014	42.20211693
715.5610589	42.57430797
715.7357181	41.47738991
715.9103788	33.83200528
716.0850411	42.98113586
716.259705	42.32383055
716.4343705	44.87004299
716.6090375	41.79313236
716.7837062	34.10318264
716.9583764	32.5418547
717.1330482	37.23524738
717.3077216	35.66444147
717.4823966	44.88570015
717.6570731	45.04763953
717.8317512	42.39896495
718.0064309	33.4197727
718.1811122	49.81386188
718.3557951	42.86975947
718.5304796	38.85295389
718.7051656	37.53537718
718.8798532	36.29581711
719.0545425	41.37719897
719.2292332	40.01469756
719.4039256	39.25533544
719.5786196	40.87458356
719.7533151	37.26486992
719.9280122	42.96358092
720.1027109	33.7571522
720.2774112	39.5305852
720.4521131	35.86379003
720.6268165	35.45995098
720.8015216	29.93718901
720.9762282	41.55744449
721.1509364	30.17650185
721.3256461	31.66085823
721.5003575	33.45348721
721.6750704	38.50339436
721.849785	37.25105637
722.0245011	39.66558379
722.1992188	29.89044713
722.373938	38.6594076
722.5486589	20.01927682
722.7233813	37.01831088
722.8981053	33.16503365
723.0728309	33.19119258
723.2475581	21.55734202
723.4222869	32.82101742
723.5970172	40.84836602
723.7717492	28.8436829
723.9464827	37.34215459
724.1212178	32.3597717
724.2959545	23.88746898
724.4706927	28.55928722
724.6454326	28.35572052
724.820174	31.21365842
724.994917	34.4248522
725.1696616	27.13743673
725.3444078	36.93030548
725.5191555	34.35842861
725.6939048	37.13083302
725.8686558	37.3727813
726.0434083	29.89294451
726.2181623	18.68050092
726.392918	32.98150401
726.5676753	36.60599235
726.7424341	32.51270256
726.9171945	39.15861102
727.0919565	37.66473288
727.2667201	31.32596504
727.4414852	21.05589832
727.616252	24.35972446
727.7910203	34.38741884
727.9657902	18.95487638
728.1405617	32.55484051
728.3153348	34.3161755
728.4901094	21.40718453
728.6648857	38.80051869
728.8396635	29.05383079
729.0144429	22.67883144
729.1892239	34.75672668
729.3640064	30.75705684
729.5387906	44.86058887
729.7135763	28.34002505
729.8883636	26.52083505
730.0631525	32.76319423
730.237943	28.1759079
730.412735	40.2994659
730.5875287	32.43013635
730.7623239	19.44290337
730.9371207	27.8169905
731.1119191	46.31643574
731.2867191	21.47861387
731.4615206	24.66981966
731.6363238	27.16331725
731.8111285	34.89810928
731.9859348	29.40820792
732.1607427	36.33214804
732.3355521	27.05873584
732.5103632	21.37544847
732.6851758	28.53515377
732.85999	32.55784147
733.0348058	19.5812494
733.2096232	30.39077769
733.3844421	24.6348888
733.5592627	26.53457445
733.7340848	14.77208471
733.9089085	37.73312633
734.0837338	22.9510743
734.2585607	30.29511662
734.4333891	19.17830218
734.6082192	16.45945467
734.7830508	21.12281612
734.957884	33.35029679
735.1327188	27.51912848
735.3075551	21.88482311
735.4823931	25.9163493
735.6572326	38.06183277
735.8320737	23.92755791
736.0069164	36.33784281
736.1817607	26.55538273
736.3566065	33.56972672
736.531454	22.4865797
736.706303	22.38216058
736.8811536	27.42151565
737.0560058	32.08307924
737.2308596	20.3499418
737.4057149	23.83764284
737.5805718	20.50284073
737.7554304	24.52762904
737.9302905	30.59857544
738.1051521	19.04020695
738.2800154	27.55011966
738.4548803	31.08597897
738.6297467	11.86644487
738.8046147	17.17674632
738.9794843	24.08948612
739.1543555	37.41317778
739.3292282	30.15825001
739.5041026	19.42757026
739.6789785	12.61214357
739.853856	25.27298035
740.0287351	34.15928312
740.2036158	20.32648955
740.378498	26.58270477
740.5533818	33.76041277
740.7282673	20.05792523
740.9031543	24.11118745
741.0780428	22.6863121
741.252933	19.20688985
741.4278247	22.41902753
741.6027181	14.51293455
741.777613	23.38733237
741.9525095	19.80219552
742.1274076	30.20087224
742.3023072	31.46148402
742.4772084	16.16855497
742.6521113	25.77580788
742.8270157	26.23901557
743.0019217	19.1388131
743.1768292	25.2530194
743.3517384	33.0061285
743.5266491	20.39797806
743.7015614	32.7407968
743.8764753	35.34994305
744.0513908	26.46058772
744.2263079	16.31972627
744.4012265	33.14468802
744.5761468	27.13267455
744.7510686	16.57279764
744.925992	8.49048744
745.1009169	35.62911239
745.2758435	31.93312699
745.4507716	36.89291884
745.6257013	25.99203923
745.8006327	27.82558869
745.9755655	9.289232698
746.1505	24.25475699
746.3254361	28.77865708
746.5003737	11.80127957
746.6753129	24.58183933
746.8502537	23.36135728
747.0251961	14.71482884
747.2001401	22.96798048
747.3750856	25.45123755
747.5500327	26.99910979
747.7249814	11.8005581
747.8999317	26.5704813
748.0748836	32.56824839
748.2498371	26.12039493
748.4247921	22.77603658
748.5997487	21.49795525
748.7747069	27.58896516
748.9496667	33.41962759
749.1246281	29.38637468
749.299591	9.831772839
749.4745556	15.50146977
749.6495217	20.7572778
749.8244894	21.51009324
749.9994587	20.59168247
750.1744295	33.71826607
750.349402	34.89868134
750.524376	18.78398603
750.6993516	30.893997
750.8743288	27.22382722
751.0493076	40.42893397
751.2242879	15.62458576
751.3992699	33.64825141
751.5742534	29.01242638
751.7492385	20.40923023
751.9242252	14.16936675
752.0992134	14.26254184
752.2742033	18.93711236
752.4491947	20.24635963
752.6241877	20.9466972
752.7991823	35.60524825
752.9741785	32.15291997
753.1491763	23.69217356
753.3241756	10.35891934
753.4991766	34.01091958
753.6741791	21.82620199
753.8491832	23.73882444
754.0241888	25.68937773
754.1991961	31.39608977
754.3742049	28.98516756
754.5492153	20.62941359
754.7242274	25.90917988
754.8992409	32.22402242
755.0742561	28.38725658
755.2492729	33.61431206
755.4242912	19.18837037
755.5993111	24.53854988
755.7743326	17.33447308
755.9493557	27.19725633
756.1243803	11.37734342
756.2994066	16.60163556
756.4744344	39.37406832
756.6494638	15.45984192
756.8244948	32.18724582
756.9995274	33.45581611
757.1745615	18.64162945
757.3495973	22.31763822
757.5246346	15.00151064
757.6996735	12.32728289
757.874714	30.18644544
758.0497561	13.9297043
758.2247997	21.25395957
758.3998449	16.43121214
758.5748918	34.67598619
758.7499402	22.24457469
758.9249901	28.84895427
759.1000417	34.47859163
759.2750948	16.47125788
759.4501496	29.74773939
759.6252059	26.29989574
759.8002638	33.17058975
759.9753232	19.24760871
760.1503843	22.43193334
760.3254469	15.97948496
760.5005112	22.8917399
760.675577	33.18121098
760.8506443	19.31853736
761.0257133	30.3045007
761.2007839	44.50810717
761.375856	26.50254674
761.5509297	20.55610267
761.726005	17.91241194
761.9010819	7.483377425
762.0761603	15.84260147
762.2512404	15.98404751
762.426322	20.11764797
762.6014052	17.31873793
762.77649	25.88197073
762.9515764	15.6245952
763.1266643	7.887244899
763.3017539	7.722877368
763.476845	24.47207311
763.6519377	26.56027403
763.827032	35.8947525
764.0021278	17.78517391
764.1772253	19.61057274
764.3523243	22.54208309
764.5274249	12.72843214
764.7025271	23.34889844
764.8776309	32.10646149
765.0527363	22.62932564
765.2278432	32.1682686
765.4029517	28.04288533
765.5780619	12.90907308
765.7531735	16.86912758
765.9282868	42.84286829
766.1034017	40.15308068
766.2785181	33.80881643
766.4536361	27.98989356
766.6287557	28.51371035
766.8038769	19.34993661
766.9789997	22.92938731
767.154124	21.0463481
767.32925	29.36380574
767.5043775	22.74904641
767.6795066	24.23802019
767.8546373	32.18332009
768.0297695	12.84776761
768.2049034	38.59373533
768.3800388	13.32771562
768.5551758	18.85294634
768.7303144	27.51208988
768.9054546	38.15759212
769.0805963	21.23735754
769.2557396	32.43102391
769.4308846	20.59969541
769.6060311	16.27420239
769.7811791	20.27886678
769.9563288	4.351997816
770.1314801	26.4756695
770.3066329	33.22743976
770.4817873	10.35501643
770.6569433	26.98803244
770.8321009	15.6756175
771.00726	15.69795737
771.1824208	36.20936787
771.3575831	14.5593202
771.532747	22.83147633
771.7079125	36.66122366
771.8830796	24.54486082
772.0582482	17.71833588
772.2334185	22.50659013
772.4085903	18.99197178
772.5837637	24.05196447
772.7589387	45.82850987
772.9341152	20.82079256
773.1092934	23.89805231
773.2844731	35.57281453
773.4596544	21.51843499
773.6348373	31.03748985
773.8100218	23.01485771
773.9852079	28.64243706
774.1603955	11.51297573
774.3355847	27.64248129
774.5107755	13.12844805
774.6859679	24.20353112
774.8611619	16.47167315
775.0363575	7.127469437
775.2115546	24.79235359
775.3867533	26.26342339
775.5619536	18.90667527
775.7371555	26.97846117
775.912359	33.19708409
776.087564	27.7055293
776.2627706	5.508680078
776.4379789	11.40743028
776.6131886	4.151163181
776.7884	18.97549826
776.963613	38.23233132
777.1388275	21.49216152
777.3140436	14.21780906
777.4892614	36.39883463
777.6644806	38.42798503
777.8397015	18.05048984
778.014924	33.2737975
778.190148	21.81137765
778.3653736	29.88939709
778.5406008	24.92847781
778.7158296	35.60762317
778.89106	33.73726663
779.0662919	13.26940698
779.2415255	23.34114496
779.4167606	21.66390376
779.5919973	43.28149641
779.7672355	25.06666978
779.9424754	34.36288759
780.1177168	36.49014061
780.2929599	30.10664281
780.4682045	29.67618131
780.6434507	39.41352902
780.8186984	35.48381085
780.9939478	19.25697141
781.1691987	29.74627935
781.3444512	13.16320212
781.5197053	17.9827366
781.694961	26.48749609
781.8702183	37.03158682
782.0454771	7.457594496
782.2207376	35.18491235
782.3959996	18.88525721
782.5712632	28.38779054
782.7465283	19.61277792
782.9217951	21.38810757
783.0970634	34.25338997
783.2723334	43.04148085
783.4476049	40.27527374
783.622878	16.37270394
783.7981526	27.05114274
783.9734289	11.75903471
784.1487067	29.11115262
784.3239861	15.65705805
784.4992671	6.012109314
784.6745497	26.79921881
784.8498339	0.39776257
785.0251196	31.05665779
785.200407	37.39455786
785.3756959	21.6145558
785.5509864	22.59282095
785.7262784	18.71507974
785.9015721	0
786.0768673	23.75697947
786.2521642	34.78536909
786.4274626	46.37732055
786.6027626	25.12681711
786.7780641	42.02038892
786.9533673	42.27602807
787.128672	21.11418491
787.3039783	21.59589453
787.4792862	54.97544175
787.6545957	30.6782538
787.8299068	20.29741336
788.0052194	25.65119452
788.1805337	35.65574613
788.3558495	20.867681
788.5311669	17.83540406
788.7064858	6.628332236
788.8818064	28.69355678
789.0571285	40.53667933
789.2324523	31.32125831
789.4077776	29.58571989
789.5831045	29.76565753
789.7584329	30.25529066
789.933763	27.39843423
790.1090946	26.4106753
790.2844278	32.81696447
790.4597626	27.91746028
790.635099	37.57777657
790.810437	34.32540047
790.9857765	13.22530877
791.1611176	42.35896461
791.3364604	24.12272284
791.5118047	34.63771324
791.6871505	3.444980037
791.862498	42.92379712
792.037847	21.38524298
792.2131976	30.82817974
792.3885499	25.85622532
792.5639036	26.55083869
792.739259	21.25083178
792.914616	18.97650629
793.0899745	26.07181663
793.2653346	34.33228223
793.4406963	35.30619837
793.6160596	28.16257091
793.7914245	36.9538824
793.9667909	45.07539881
794.1421589	44.1939036
794.3175285	32.01096963
794.4928997	37.02601707
794.6682725	38.91454944
794.8436469	27.3197324
795.0190228	22.19670496
795.1944003	32.30687143
795.3697794	4.315106153
795.5451601	7.661436718
795.7205424	31.6662382
795.8959262	36.4243157
796.0713117	16.93950622
796.2466987	27.48184208
796.4220873	29.35662232
796.5974775	36.51275154
796.7728692	31.9083082
796.9482626	38.59389697
797.1236575	2.333652421
797.299054	53.01611879
797.4744521	32.30827236
797.6498518	8.897848993
797.825253	45.91820891
798.0006559	33.77096184
798.1760603	46.17238498
798.3514663	39.80802771
798.5268739	18.73442884
798.7022831	37.02531421
798.8776938	32.99695265
799.0531062	38.93273613
799.2285201	49.88027495
799.4039356	26.69090766
799.5793526	11.51941706
799.7547713	7.865409618
799.9301916	16.40572436
800.1056134	28.40203123
800.2810368	25.5796773
800.4564618	26.9597353
800.6318884	47.39895215
800.8073165	25.38113927
800.9827463	37.70557688
801.1581776	23.88535753
801.3336105	21.43171459
801.509045	30.01834455
801.684481	13.53566261
801.8599187	33.23639583
802.0353579	41.55736088
802.2107987	41.32547111
802.3862411	31.30852985
802.5616851	49.61926341
802.7371307	18.45512483
802.9125778	22.39919522
803.0880266	21.59477035
803.2634769	40.07825017
803.4389288	45.11243077
803.6143822	35.36898077
803.7898373	27.16366416
803.9652939	14.53511926
804.1407521	36.23436764
804.3162119	26.00235707
804.4916733	32.70278343
804.6671363	44.19604262
804.8426009	33.59661136
805.018067	39.88783554
805.1935347	29.22424893
805.369004	32.81352201
805.5444749	26.19720782
805.7199473	18.46454331
805.8954214	39.40505427
806.070897	18.53010042
806.2463742	38.49440346
806.421853	40.51963895
806.5973334	38.24156699
806.7728153	43.78743529
806.9482989	12.98549881
807.123784	36.54348597
807.2992707	39.15529416
807.474759	43.84708905
807.6502489	13.49413146
807.8257403	69.6698612
808.0012333	15.0997594
808.176728	42.22282727
808.3522242	33.21156672
808.5277219	36.16085717
808.7032213	27.46897695
808.8787222	65.2029999
809.0542248	16.25330099
809.2297289	40.12706501
809.4052346	47.80317015
809.5807418	49.32282166
809.7562507	40.61713963
809.9317611	54.33051919
810.1072732	37.62834941
810.2827868	59.69920733
810.4583019	28.7081843
810.6338187	38.34776585
810.8093371	43.60423538
810.984857	52.84860475
811.1603785	23.20298097
811.3359016	32.56280064
811.5114263	23.63752084
811.6869525	29.18280183
811.8624804	36.83583524
812.0380098	45.51577827
812.2135408	18.80107814
812.3890734	55.2360709
812.5646076	61.72086108
812.7401433	39.44858205
812.9156807	26.60112299
813.0912196	13.95047597
813.2667601	13.99226307
813.4423022	43.97427336
813.6178459	34.69461729
813.7933911	16.23787868
813.9689379	64.75821635
814.1444864	40.00661734
814.3200364	24.23896697
814.4955879	45.37470835
814.6711411	28.76770778
814.8466958	37.25579736
815.0222522	34.86491084
815.1978101	56.49716108
815.3733696	39.09949772
815.5489306	50.69836855
815.7244933	34.6514303
815.9000575	27.51239516
816.0756233	30.7564979
816.2511907	27.08746348
816.4267597	44.94175751
816.6023303	49.94043532
816.7779025	14.22707673
816.9534762	45.25035574
817.1290515	10.29333947
817.3046284	29.13176674
817.4802069	49.83678995
817.6557869	52.49300551
817.8313686	17.56042018
818.0069518	59.17926419
818.1825366	14.37433851
818.358123	69.22145811
818.533711	14.30673426
818.7093005	72.0847765
818.8848917	58.50162021
819.0604844	65.64868729
819.2360787	26.03575788
819.4116746	26.21776655
819.587272	25.21198685
819.7628711	51.21498638
819.9384717	36.70787017
820.1140739	68.69705999
820.2896777	36.30197726
820.4652831	40.97957211
820.6408901	53.62680218
820.8164986	10.90388882
820.9921087	37.80049921
821.1677204	38.65803758
821.3433337	54.22962023
821.5189486	63.76598499
821.6945651	50.04764815
821.8701831	32.72380507
822.0458027	46.09911682
822.2214239	37.03066151
822.3970467	45.71204603
822.5726711	31.94891117
822.748297	54.81789835
822.9239245	54.95867307
823.0995537	54.59690383
823.2751844	59.99260411
823.4508166	46.86649262
823.6264505	55.38920339
823.8020859	39.88469465
823.977723	48.17671464
824.1533616	43.20916754
824.3290018	9.98702041
824.5046435	37.25636756
824.6802869	23.31858207
824.8559318	53.07223452
825.0315783	32.00503263
825.2072264	32.66248819
825.3828761	29.85428234
825.5585274	58.89482776
825.7341802	46.15671511
825.9098347	47.07313911
826.0854907	54.94182428
826.2611483	63.20384395
826.4368075	51.0953247
826.6124682	30.30888683
826.7881306	37.12380751
826.9637945	66.46447586
827.13946	29.72712246
827.3151271	37.03714675
827.4907958	69.85712753
827.666466	72.22566344
827.8421378	51.69805615
828.0178113	37.44732304
828.1934863	45.08259236
828.3691628	46.39137957
828.544841	40.61674812
828.7205208	39.89928275
828.8962021	64.91148639
829.071885	82.52279838
829.2475695	26.43141529
829.4232556	41.53772309
829.5989432	16.57125841
829.7746325	50.91333324
829.9503233	51.6217835
830.1260157	58.54302384
830.3017097	14.25745905
830.4774053	61.45186383
830.6531024	71.4927622
830.8288012	66.22187445
831.0045015	49.95390638
831.1802034	31.58437324
831.3559069	37.65654026
831.5316119	91.05145148
831.7073186	49.14680645
831.8830268	35.96045721
832.0587366	70.05273008
832.234448	25.78389782
832.410161	55.80665447
832.5858755	35.91042718
832.7615917	34.33535616
832.9373094	37.11904407
833.1130287	48.70388853
833.2887496	39.46038327
833.4644721	58.11202277
833.6401961	51.34173763
833.8159218	77.45709646
833.991649	48.98653408
834.1673778	46.86569199
834.3431082	42.68417007
834.5188401	66.58970553
834.6945737	79.94464707
834.8703088	43.74706179
835.0460455	40.19506814
835.2217838	59.44143564
835.3975237	67.81860568
835.5732652	53.05287258
835.7490082	11.44525858
835.9247528	82.77025394
836.100499	48.9916156
836.2762468	45.19324622
836.4519962	81.00398259
836.6277471	23.9349683
836.8034997	41.47197216
836.9792538	80.14593997
837.1550095	41.87566768
837.3307668	67.49435423
837.5065256	63.55028399
837.6822861	74.46991052
837.8580481	39.14997579
838.0338117	68.63209177
838.2095769	70.44759243
838.3853437	76.54583634
838.5611121	22.77562002
838.736882	67.7277426
838.9126535	90.99744745
839.0884266	68.44648981
839.2642013	72.49034384
839.4399776	33.10003823
839.6157554	23.21937956
839.7915349	77.3091716
839.9673159	75.65980976
840.1430985	38.91508611
840.3188827	56.50306595
840.4946684	103.0862736
840.6704558	64.44355017
840.8462447	47.67099161
841.0220352	76.18672337
841.1978273	63.83283007
841.373621	80.81381146
841.5494162	73.78817759
841.7252131	54.35746057
841.9010115	34.8782397
842.0768115	14.41446313
842.2526131	56.04634249
842.4284163	43.04545086
842.604221	86.8869546
842.7800274	47.13997949
842.9558353	78.36795042
843.1316448	39.76639134
843.3074559	93.60238723
843.4832685	34.99751461
843.6590828	74.84278884
843.8348986	80.19100666
844.010716	54.32828132
844.186535	48.2924023
844.3623556	93.94569749
844.5381777	71.10047723
844.7140015	45.72408046
844.8898268	68.45145604
845.0656537	72.19137232
845.2414822	58.23597384
845.4173123	56.85485389
845.5931439	19.18274424
845.7689771	62.13737969
845.944812	86.67493565
846.1206484	102.1501032
846.2964863	76.20101087
846.4723259	76.51564472
846.6481671	41.49887922
846.8240098	106.7618175
846.9998541	58.7187149
847.1757	61.83205495
847.3515475	68.92579977
847.5273965	67.77095858
847.7032472	84.66497069
847.8790994	56.04143147
848.0549532	54.54188219
848.2308086	76.47711244
848.4066655	75.78334476
848.5825241	60.36319226
848.7583842	66.43720531
848.9342459	42.9724914
849.1101092	105.5264364
849.2859741	123.8422034
849.4618406	69.4842348
849.6377086	102.4887805
849.8135783	82.56717296
849.9894495	48.45851033
850.1653223	70.91973937
850.3411966	102.0421291
850.5170726	37.509416
850.6929501	52.9773801
850.8688293	69.08598554
851.04471	90.52495663
851.2205922	51.04379984
851.3964761	50.3969763
851.5723616	92.61888077
851.7482486	60.63332166
851.9241372	72.92487512
852.1000274	118.9120873
852.2759192	87.63380426
852.4518126	63.01302194
852.6277075	48.87408704
852.803604	94.36418435
852.9795021	72.17837958
853.1554018	72.16721831
853.3313031	60.80067405
853.507206	86.26872061
853.6831104	57.36146994
853.8590164	64.67997639
854.034924	76.61960978
854.2108332	31.69009968
854.386744	108.360801
854.5626563	75.04583368
854.7385703	79.89229829
854.9144858	74.74323887
855.0904029	81.39483741
855.2663216	114.9946389
855.4422418	65.25060165
855.6181637	78.86755925
855.7940871	47.19779744
855.9700121	105.3824824
856.1459387	59.40601527
856.3218669	73.28863912
856.4977966	74.11442707
856.673728	85.60717059
856.8496609	59.75827724
857.0255954	28.56601748
857.2015315	43.21139906
857.3774691	74.5256404
857.5534084	91.8703001
857.7293492	114.1606408
857.9052916	114.7459942
858.0812356	60.01294977
858.2571812	147.9474853
858.4331284	76.05969947
858.6090771	103.892788
858.7850275	57.66783344
858.9609794	117.4205846
859.1369329	19.74658063
859.3128879	105.998478
859.4888446	97.33684242
859.6648028	65.47378799
859.8407626	113.9705813
860.0167241	112.5208196
860.192687	70.04289362
860.3686516	83.65901152
860.5446178	107.0185451
860.7205855	64.76804231
860.8965548	176.0584447
861.0725257	142.5185015
861.2484982	58.91077683
861.4244722	14.06477926
861.6004479	100.1780153
861.7764251	63.21110405
861.9524039	101.434326
862.1283843	74.15345271
862.3043663	95.80165771
862.4803498	60.56798036
862.656335	47.21314913
862.8323217	74.31712984
863.00831	142.9585529
863.1842999	123.5290524
863.3602914	108.3899202
863.5362844	103.8493133
863.712279	89.18611302
863.8882753	96.76254583
864.0642731	100.3941817
864.2402724	78.72662701
864.4162734	75.2870402
864.5922759	103.1653053
864.7682801	102.1584783
864.9442858	102.4429026
865.1202931	105.8585343
865.2963019	108.0554776
865.4723124	71.92494949
865.6483244	123.2609249
865.824338	65.40457246
866.0003533	127.0872889
866.17637	62.24089696
866.3523884	115.2613912
866.5284084	45.16451012
866.7044299	71.68797306
866.880453	92.01912422
867.0564777	114.2825821
867.232504	117.048641
867.4085318	160.7378075
867.5845613	118.3475748
867.7605923	94.44834446
867.9366249	156.6544094
868.1126591	106.1741376
868.2886949	94.57393445
868.4647322	113.604395
868.6407712	130.7810528
868.8168117	60.92742652
868.9928538	113.574102
869.1688975	75.79300106
869.3449427	88.52410852
869.5209896	95.19459965
869.697038	120.731587
869.873088	76.14509236
870.0491396	116.3331163
870.2251928	53.07816113
870.4012476	85.92686955
870.5773039	78.17162995
870.7533618	78.61891239
870.9294214	42.77786318
871.1054824	152.7925838
871.2815451	75.63510133
871.4576094	126.1654679
871.6336752	55.86965095
871.8097426	96.04983188
871.9858116	75.61158434
872.1618822	104.135271
872.3379544	126.0011171
872.5140281	76.69011201
872.6901035	86.32353229
872.8661804	82.50401326
873.0422589	68.17581911
873.2183389	95.03833288
873.3944206	147.9160259
873.5705039	152.6671658
873.7465887	129.1116518
873.9226751	118.4730542
874.0987631	47.22695804
874.2748526	141.5797355
874.4509438	64.03675635
874.6270365	113.462431
874.8031309	33.33835611
874.9792268	87.4223992
875.1553242	53.50075399
875.3314233	141.1425202
875.507524	138.0073398
875.6836262	92.38587192
875.85973	142.9043498
876.0358354	129.2697722
876.2119424	120.8864605
876.3880509	129.1757208
876.5641611	109.4611709
876.7402728	141.7367414
876.9163861	85.91911903
877.092501	195.4535217
877.2686175	138.9870357
877.4447355	59.95272126
877.6208552	80.31009526
877.7969764	136.9816641
877.9730992	78.90090244
878.1492236	143.1603158
878.3253495	112.2416354
878.5014771	150.484332
878.6776062	115.0956388
878.8537369	160.9991982
879.0298692	111.2556427
879.2060031	147.8739771
879.3821386	154.2455497
879.5582756	203.4198451
879.7344142	124.2092013
879.9105544	178.718856
880.0866962	128.5590006
880.2628396	114.028072
880.4389845	68.27831658
880.6151311	148.2881559
880.7912792	59.41822485
880.9674289	105.0083388
881.1435802	144.9254326
881.3197331	146.3022852
881.4958875	130.5114445
881.6720435	120.9545847
881.8482011	198.2566453
882.0243603	178.673996
882.2005211	144.80362
882.3766835	209.4695875
882.5528474	112.8292642
882.7290129	120.648874
882.90518	114.9464472
883.0813487	165.4729533
883.257519	56.0415203
883.4336909	134.0203227
883.6098643	144.3754118
883.7860393	123.2598855
883.9622159	87.44711593
884.1383941	169.6273629
884.3145739	133.6405283
884.4907552	83.08509507
884.6669381	121.2748773
884.8431227	135.0880684
885.0193087	165.1568132
885.1954964	110.7749335
885.3716857	49.46961049
885.5478765	151.2970483
885.724069	124.0719951
885.900263	185.6292791
886.0764585	87.8744301
886.2526557	128.8605038
886.4288545	53.25570734
886.6050548	110.5965587
886.7812567	110.1223432
886.9574602	172.9587916
887.1336653	58.65828508
887.309872	189.2876905
887.4860802	204.1783703
887.66229	242.0627664
887.8385015	127.5916318
888.0147145	169.3165011
888.190929	223.5037389
888.3671452	140.6157149
888.5433629	135.8192563
888.7195823	222.7316104
888.8958032	108.5868647
889.0720256	149.819205
889.2482497	56.06970781
889.4244754	113.7874734
889.6007026	84.40844693
889.7769314	169.4287481
889.9531618	140.9422499
890.1293938	146.5209517
890.3056274	102.767767
890.4818625	129.5710133
890.6580992	162.4808809
890.8343376	158.7711742
891.0105775	215.2974174
891.1868189	148.700233
891.363062	120.1147694
891.5393066	107.3720383
891.7155529	137.8089567
891.8918007	184.3257214
892.06805	75.11974844
892.244301	198.637369
892.4205536	146.178012
892.5968077	146.3794272
892.7730634	199.6587778
892.9493207	145.4954312
893.1255796	113.2453683
893.3018401	136.5318044
893.4781021	115.212246
893.6543657	155.3641422
893.830631	146.5639834
894.0068977	233.8540283
894.1831661	82.23104389
894.3594361	115.9767825
894.5357076	150.291801
894.7119807	326.2164704
894.8882555	79.71236561
895.0645317	93.9405632
895.2408096	95.24864987
895.4170891	174.2307342
895.5933701	153.3819052
895.7696527	163.3616467
895.9459369	222.5128865
896.1222227	248.4023402
896.2985101	169.9565537
896.474799	134.1934148
896.6510895	222.5763707
896.8273816	152.9752616
897.0036753	185.2971519
897.1799706	260.8605109
897.3562675	132.3606773
897.5325659	195.7776599
897.7088659	155.1456823
897.8851675	231.304507
898.0614707	101.5286925
898.2377755	122.8117006
898.4140818	193.6473559
898.5903898	205.9217122
898.7666993	254.6314996
898.9430104	192.8083986
899.1193231	193.5919553
899.2956373	227.3867176
899.4719532	106.6550604
899.6482706	187.9570179
899.8245896	187.3154175
