360.1506696	92.10773546
360.3220786	277.0412377
360.4934893	318.1467219
360.6649015	59.74422053
360.8363152	104.2371461
361.0077306	50.72285656
361.1791475	142.0661717
361.3505661	178.6622011
361.5219862	142.8071459
361.6934079	137.8965316
361.8648311	121.4087741
362.036256	109.0472279
362.2076824	98.03970479
362.3791104	127.3542649
362.55054	102.7153269
362.7219712	158.8626806
362.893404	103.0070623
363.0648383	95.85227999
363.2362743	140.5923816
363.4077118	220.8592744
363.5791509	138.166127
363.7505915	95.49367967
363.9220338	162.0917998
364.0934776	72.28712144
364.2649231	173.1137565
364.4363701	105.1548356
364.6078187	127.0315982
364.7792688	151.765972
364.9507206	91.01161695
365.1221739	146.1432364
365.2936288	121.9866639
365.4650853	146.9028208
365.6365434	25.868936
365.8080031	194.4607528
365.9794643	125.2752643
366.1509272	105.6309267
366.3223916	71.70587033
366.4938576	209.8425935
366.6653252	69.56650274
366.8367943	122.7599155
367.0082651	120.2703223
367.1797374	119.9339299
367.3512113	138.1145651
367.5226868	63.58236608
367.6941638	109.9051187
367.8656425	80.31547927
368.0371227	82.15797516
368.2086046	71.92189751
368.380088	138.7340446
368.5515729	15.05022566
368.7230595	128.6276782
368.8945477	154.4303836
369.0660374	333.947165
369.2375287	197.3636997
369.4090216	150.3918281
369.5805161	197.6771842
369.7520121	138.947082
369.9235098	106.1744147
370.095009	151.0689836
370.2665098	303.8670123
370.4380122	180.6863314
370.6095162	271.5318212
370.7810217	185.7973535
370.9525288	88.29828266
371.1240376	167.0571528
371.2955479	125.7649742
371.4670597	118.9291596
371.6385732	22.88536331
371.8100883	88.29535234
371.9816049	74.1144991
372.1531231	0
372.3246429	91.31882213
372.4961643	171.0505196
372.6676872	85.2030836
372.8392118	50.77683038
373.0107379	90.50835053
373.1822656	127.0993191
373.3537949	62.82401301
373.5253257	92.58049297
373.6968582	109.1725102
373.8683922	105.6165694
374.0399279	147.818215
374.2114651	98.73725466
374.3830038	135.4905629
374.5545442	125.0725634
374.7260861	123.7028161
374.8976297	99.96783378
375.0691748	75.29452748
375.2407215	53.63362811
375.4122698	110.4341217
375.5838196	146.2856226
375.7553711	73.19459414
375.9269241	135.5733571
376.0984787	259.8456018
376.2700349	67.35397403
376.4415926	135.4760071
376.613152	128.2441147
376.7847129	131.051186
376.9562754	106.6796474
377.1278395	117.503586
377.2994052	185.9350708
377.4709725	161.7510808
377.6425413	35.51183835
377.8141118	89.20671896
377.9856838	141.8929892
378.1572574	135.6934961
378.3288325	56.47516824
378.5004093	110.7016726
378.6719876	395.8348446
378.8435676	90.65967358
379.0151491	255.1903469
379.1867322	160.2136637
379.3583168	191.1529563
379.5299031	242.3239222
379.7014909	89.60321694
379.8730803	187.088407
380.0446713	173.0601893
380.2162639	225.9386215
380.3878581	152.7144088
380.5594538	134.2438066
380.7310511	111.2159989
380.9026501	177.1780605
381.0742506	327.3450156
381.2458526	102.6167765
381.4174563	301.3292651
381.5890615	116.8934233
381.7606683	175.8212896
381.9322768	157.1933433
382.1038867	149.4673448
382.2754983	129.6153137
382.4471115	62.07977168
382.6187262	40.44177559
382.7903425	82.00801094
382.9619604	23.04169092
383.1335799	146.4150785
383.305201	76.92286161
383.4768236	116.3011978
383.6484478	41.55751214
383.8200736	92.60628407
383.991701	128.8304636
384.16333	80.46472344
384.3349606	168.188096
384.5065927	81.53788044
384.6782264	173.5767882
384.8498617	157.423285
385.0214986	140.1918142
385.1931371	49.00374618
385.3647771	196.8734414
385.5364188	252.1337438
385.708062	426.6854709
385.8797068	209.8653371
386.0513532	300.3278025
386.2230011	149.4039938
386.3946507	117.4447063
386.5663018	126.6668366
386.7379545	248.0611203
386.9096088	148.2446009
387.0812647	314.0249593
387.2529221	217.9186363
387.4245812	257.5724396
387.5962418	92.72946317
387.767904	129.3739383
387.9395678	165.3392797
388.1112332	220.2971737
388.2829001	109.0202183
388.4545686	236.7486999
388.6262388	103.4167933
388.7979105	256.8500747
388.9695837	34.82479958
389.1412586	151.0189126
389.312935	217.3761846
389.4846131	139.8675522
389.6562927	108.1435491
389.8279739	63.88090074
389.9996566	86.31717552
390.171341	92.94883463
390.3430269	115.5664004
390.5147145	138.3113962
390.6864036	101.0456142
390.8580942	142.3044796
391.0297865	113.2870219
391.2014804	112.4985455
391.3731758	136.5300994
391.5448728	52.68787661
391.7165714	147.0146136
391.8882716	117.1383379
392.0599734	36.4698907
392.2316767	169.7165385
392.4033816	237.4732928
392.5750881	132.6642955
392.7467962	170.377191
392.9185059	120.5986311
393.0902172	159.6532582
393.26193	191.157687
393.4336444	186.357368
393.6053604	129.938516
393.777078	100.9274319
393.9487972	195.2512841
394.1205179	220.7697518
394.2922403	107.2092441
394.4639642	140.3221508
394.6356897	120.4731938
394.8074167	207.7957563
394.9791454	101.8203299
395.1508757	125.2137035
395.3226075	146.0482344
395.4943409	86.70720164
395.6660759	56.11076239
395.8378125	71.8962837
396.0095506	136.1427057
396.1812903	305.5967914
396.3530317	190.1632374
396.5247746	126.9678499
396.6965191	156.1346858
396.8682651	106.5997243
397.0400128	219.5896753
397.211762	84.68761648
397.3835128	164.0513538
397.5552652	65.85639019
397.7270192	192.6121413
397.8987748	152.575274
398.0705319	200.6225422
398.2422906	113.2099189
398.4140509	119.555047
398.5858128	168.641785
398.7575763	69.15772314
398.9293414	215.869796
399.101108	67.88252145
399.2728762	104.5966038
399.444646	84.53341679
399.6164174	126.9114385
399.7881904	114.9759833
399.9599649	114.4344169
400.1317411	140.9385966
400.3035188	161.439738
400.4752981	194.3213141
400.6470789	92.43745209
400.8188614	121.2340745
400.9906454	107.6039958
401.1624311	85.30347614
401.3342183	41.97552812
401.5060071	175.8591235
401.6777974	111.354597
401.8495894	213.0169644
402.0213829	170.6828485
402.1931781	193.0964218
402.3649748	84.70686905
402.536773	137.4950511
402.7085729	129.992958
402.8803744	97.70661091
403.0521774	96.86001452
403.223982	159.2084076
403.3957882	99.83083537
403.567596	177.9220097
403.7394053	99.93997776
403.9112163	125.7584612
404.0830288	141.2379447
404.2548429	125.3949689
404.4266586	148.8968665
404.5984759	121.1486195
404.7702947	73.78662775
404.9421152	187.5973497
405.1139372	196.3525244
405.2857608	76.24972843
405.457586	149.3686168
405.6294127	98.88812141
405.8012411	86.44035676
405.973071	129.1651909
406.1449025	139.0665319
406.3167356	181.9807126
406.4885703	181.4821172
406.6604066	125.2324482
406.8322444	119.0584396
407.0040838	158.9447817
407.1759249	110.5373352
407.3477674	85.5139284
407.5196116	119.0773446
407.6914574	172.8536615
407.8633047	112.6936874
408.0351536	152.9850558
408.2070041	134.651284
408.3788562	117.4275634
408.5507099	133.4794626
408.7225651	144.4475183
408.894422	160.1008534
409.0662804	91.87565867
409.2381404	135.8415006
409.4100019	142.6358504
409.5818651	167.4935279
409.7537298	79.83777994
409.9255962	79.78629689
410.0974641	77.2706039
410.2693336	93.38573562
410.4412046	60.08347502
410.6130773	118.9276394
410.7849515	80.80234446
410.9568274	110.0467766
411.1287048	68.17391371
411.3005837	136.3307606
411.4724643	128.1505709
411.6443464	119.5324604
411.8162302	85.77260135
411.9881155	96.97088122
412.1600024	101.0500187
412.3318909	100.0049146
412.5037809	150.2752932
412.6756726	58.41902441
412.8475658	151.2229182
413.0194606	118.5395108
413.191357	160.4467933
413.363255	63.57993381
413.5351545	167.6568943
413.7070557	139.5585383
413.8789584	122.4307434
414.0508627	132.3782795
414.2227686	118.2497702
414.394676	145.1426399
414.5665851	132.5168882
414.7384957	121.9510629
414.9104079	67.98374977
415.0823217	105.0105862
415.2542371	118.611036
415.426154	135.330637
415.5980726	99.42638448
415.7699927	106.9915131
415.9419144	64.42183942
416.1138377	86.00854279
416.2857626	111.6808124
416.457689	168.5105269
416.6296171	125.9010508
416.8015467	147.731584
416.9734779	89.66408469
417.1454107	111.0943547
417.317345	124.5007762
417.489281	73.66947754
417.6612185	131.9639255
417.8331576	191.2705485
418.0050983	135.2166744
418.1770406	111.8631843
418.3489845	154.3436278
418.5209299	113.7716037
418.6928769	89.41543042
418.8648255	60.58154535
419.0367757	106.2288626
419.2087275	134.5949722
419.3806808	105.7081555
419.5526358	134.9883486
419.7245923	129.8471621
419.8965504	133.9649387
420.0685101	72.82726161
420.2404713	139.4203227
420.4124342	89.1149624
420.5843986	146.3364846
420.7563646	81.03994867
420.9283322	138.0560828
421.1003014	90.07032857
421.2722722	116.417346
421.4442445	132.059834
421.6162184	64.5094727
421.7881939	81.55231806
421.960171	120.9642877
422.1321497	129.1362488
422.3041299	165.5252931
422.4761118	145.9724696
422.6480952	80.32103031
422.8200802	100.892425
422.9920668	87.3965151
423.1640549	118.0249525
423.3360447	137.6077857
423.508036	95.01763626
423.6800289	132.8485056
423.8520234	86.44414589
424.0240195	109.9300765
424.1960172	63.71968687
424.3680164	136.6147139
424.5400172	89.47767439
424.7120196	144.0740699
424.8840236	92.78665052
425.0560292	78.31790279
425.2280363	127.8561086
425.4000451	150.2151509
425.5720554	85.25121885
425.7440673	71.26907943
425.9160808	130.1903195
426.0880958	100.863748
426.2601125	137.0129208
426.4321307	110.2117132
426.6041505	203.8081556
426.7761719	135.6807637
426.9481949	146.2145774
427.1202194	131.228364
427.2922456	156.6810696
427.4642733	162.4458806
427.6363026	141.0259996
427.8083335	145.1892125
427.980366	148.6140609
428.1524	110.6145849
428.3244357	140.084871
428.4964729	151.5770985
428.6685117	116.5932039
428.8405521	140.736232
429.012594	113.9424612
429.1846376	170.6274693
429.3566827	48.54332799
429.5287294	91.096553
429.7007777	107.840812
429.8728276	112.7656265
430.044879	167.8873926
430.2169321	180.9495595
430.3889867	63.24653457
430.5610429	132.1426373
430.7331007	164.9342517
430.9051601	176.2411366
431.077221	141.1851052
431.2492835	135.8357128
431.4213477	173.0868566
431.5934134	167.6006556
431.7654806	151.2461863
431.9375495	198.4003521
432.10962	225.8082962
432.281692	103.8944486
432.4537656	71.15384934
432.6258408	188.641103
432.7979176	174.2064499
432.9699959	178.149458
433.1420759	137.4288865
433.3141574	138.5396012
433.4862405	154.7735064
433.6583252	164.2090184
433.8304114	151.6620355
434.0024993	147.9763512
434.1745887	168.6880012
434.3466797	178.221905
434.5187723	172.8472373
434.6908665	218.4412104
434.8629623	163.7425945
435.0350596	132.5080825
435.2071586	179.8257664
435.3792591	230.2575094
435.5513612	240.3969976
435.7234648	169.6787333
435.8955701	204.4746335
436.0676769	140.902361
436.2397854	237.4188783
436.4118954	182.9840633
436.5840069	205.0201589
436.7561201	216.9621301
436.9282349	206.2892416
437.1003512	229.1725534
437.2724691	184.2407475
437.4445886	199.7797905
437.6167097	243.2283828
437.7888324	208.5938167
437.9609566	224.8356782
438.1330824	183.7239662
438.3052098	237.3056708
438.4773388	252.7294858
438.6494694	235.8676921
438.8216016	228.3694888
438.9937353	267.7305371
439.1658706	249.0398373
439.3380075	250.3288114
439.510146	228.3891757
439.6822861	239.8103502
439.8544277	247.9274827
440.026571	219.008606
440.1987158	307.3570006
440.3708622	303.2984865
440.5430102	305.0518792
440.7151597	270.8509575
440.8873109	266.3799267
441.0594636	257.9257679
441.2316179	270.1558926
441.4037738	293.8724028
441.5759313	314.0174975
441.7480903	246.2096443
441.920251	260.1243467
442.0924132	293.1103703
442.264577	302.4997152
442.4367424	316.8055189
442.6089093	298.0639229
442.7810779	375.27067
442.953248	344.2267424
443.1254197	355.6876389
443.297593	340.934611
443.4697679	342.0327092
443.6419444	326.5785515
443.8141224	374.6865893
443.9863021	401.0480652
444.1584833	369.1827821
444.3306661	451.6087444
444.5028504	399.1958106
444.6750364	350.9211531
444.8472239	414.6131379
445.019413	377.7041636
445.1916038	377.0828622
445.363796	398.1440346
445.5359899	438.6297527
445.7081854	447.1295286
445.8803824	453.9168023
446.052581	422.5450415
446.2247812	465.7585456
446.396983	449.7270731
446.5691863	452.5798326
446.7413913	448.4225629
446.9135978	480.9710943
447.0858059	492.6914277
447.2580156	464.3641667
447.4302269	515.4297302
447.6024397	511.5753353
447.7746542	485.0054655
447.9468702	512.2681707
448.1190878	507.0809567
448.291307	584.8214074
448.4635278	517.9315753
448.6357501	602.5259461
448.807974	611.056927
448.9801996	601.5268201
449.1524266	654.8428192
449.3246553	638.4734382
449.4968856	626.7390088
449.6691174	650.7483348
449.8413509	643.2436161
450.0135859	697.3610584
450.1858225	699.5288997
450.3580606	676.4748256
450.5303004	756.7075744
450.7025417	757.1068093
450.8747846	787.8191744
451.0470291	779.1407971
451.2192752	798.6121829
451.3915229	778.4346162
451.5637722	799.0334244
451.736023	846.0037093
451.9082754	794.9100956
452.0805294	855.9702897
452.252785	892.2392156
452.4250421	904.4097122
452.5973009	941.2283142
452.7695612	924.1331563
452.9418231	925.1678631
453.1140866	932.3640804
453.2863517	982.4431138
453.4586183	953.8428949
453.6308866	1009.452577
453.8031564	961.3344536
453.9754278	990.4273471
454.1477008	1005.99092
454.3199753	1000.007842
454.4922515	1005.921461
454.6645292	1072.864752
454.8368085	1045.319159
455.0090894	1044.805359
455.1813719	1076.402236
455.353656	1070.485927
455.5259416	1054.269134
455.6982288	1100.133815
455.8705176	1130.902239
456.042808	1091.32712
456.2151	1151.266806
456.3873936	1115.422359
456.5596887	1114.874874
456.7319854	1071.210112
456.9042837	1099.780782
457.0765836	1130.893172
457.2488851	1104.750645
457.4211881	1088.921518
457.5934928	1105.946207
457.765799	1052.199158
457.9381068	1066.546297
458.1104161	1054.906993
458.2827271	1045.088098
458.4550396	1060.548825
458.6273538	1050.477051
458.7996695	1026.586912
458.9719868	1061.843098
459.1443056	1010.936618
459.3166261	1019.513213
459.4889481	1006.688756
459.6612718	953.7021403
459.833597	1012.612789
460.0059237	1023.588178
460.1782521	1000.531001
460.3505821	940.5385759
460.5229136	1006.771843
460.6952467	934.0080144
460.8675814	958.1910364
461.0399177	922.3321858
461.2122555	872.9287985
461.384595	882.4533937
461.556936	909.7168908
461.7292786	873.9970683
461.9016228	870.9517062
462.0739686	854.2812973
462.2463159	795.9549676
462.4186649	809.2486951
462.5910154	793.1410809
462.7633675	816.1447513
462.9357212	831.043632
463.1080764	815.8340127
463.2804333	796.1960891
463.4527917	764.5247994
463.6251517	749.3982602
463.7975133	744.9502076
463.9698765	736.7579538
464.1422413	741.6637513
464.3146076	671.5207923
464.4869755	734.6599921
464.659345	742.6558394
464.8317161	684.4484616
465.0040888	650.2515814
465.176463	731.0354371
465.3488389	636.46527
465.5212163	717.8015972
465.6935953	663.7594907
465.8659759	671.0273962
466.038358	679.2172692
466.2107418	645.2653761
466.3831271	633.0431773
466.555514	608.8476413
466.7279025	650.8043354
466.9002926	638.3819928
467.0726843	654.6695856
467.2450775	636.3829008
467.4174723	614.2568502
467.5898687	636.487891
467.7622667	654.9686263
467.9346663	594.9349517
468.1070675	605.3478699
468.2794702	613.5664967
468.4518745	580.3972218
468.6242804	634.1017959
468.7966879	618.3120132
468.969097	623.2749325
469.1415076	606.985247
469.3139198	615.2205934
469.4863336	602.7347371
469.658749	639.5529287
469.831166	630.0011537
470.0035846	634.5960907
470.1760047	604.1155796
470.3484264	620.6828702
470.5208497	599.4843158
470.6932746	579.3487103
470.8657011	610.1545751
471.0381292	615.0944869
471.2105588	603.4028821
471.38299	603.0947569
471.5554228	601.9627419
471.7278572	564.4992
471.9002932	587.3379754
472.0727307	588.2192684
472.2451698	604.8082638
472.4176106	582.922344
472.5900528	556.3219536
472.7624967	593.2801395
472.9349422	560.7549496
473.1073892	576.8331415
473.2798378	537.3397048
473.4522881	523.1730752
473.6247398	539.6290475
473.7971932	580.5503174
473.9696482	536.3322352
474.1421047	538.644763
474.3145628	559.823099
474.4870225	490.9226659
474.6594838	521.1084356
474.8319467	553.6885919
475.0044111	543.6494279
475.1768771	529.8980278
475.3493448	516.3925536
475.5218139	508.3398103
475.6942847	534.2767965
475.8667571	479.6477639
476.039231	505.9440278
476.2117065	489.9003784
476.3841836	483.4313683
476.5566623	506.8876951
476.7291426	493.9432471
476.9016245	465.1882233
477.0741079	462.6307548
477.2465929	450.1247205
477.4190795	489.4627316
477.5915677	450.4777586
477.7640575	472.1960562
477.9365488	474.7970858
478.1090417	454.9267997
478.2815362	464.8422291
478.4540323	421.4876101
478.62653	455.7340183
478.7990293	437.3970355
478.9715301	429.4935678
479.1440325	438.9700717
479.3165365	399.91001
479.4890421	431.1538619
479.6615493	437.7129962
479.834058	444.2599084
480.0065684	402.1105601
480.1790803	408.5456845
480.3515938	427.4321992
480.5241089	406.9997337
480.6966255	462.5078395
480.8691438	407.9779502
481.0416636	412.7522083
481.214185	407.9805439
481.386708	410.6341879
481.5592326	410.2752812
481.7317588	415.7045813
481.9042865	383.9607792
482.0768158	383.1643762
482.2493467	392.6121699
482.4218792	408.9070713
482.5944133	407.4561618
482.7669489	388.0903583
482.9394862	370.8881751
483.112025	405.75856
483.2845654	371.4282663
483.4571074	394.6696531
483.6296509	382.9298519
483.8021961	385.2735134
483.9747428	358.441875
484.1472911	399.7754207
484.319841	396.9330797
484.4923925	426.4659486
484.6649455	405.5552099
484.8375002	406.7446311
485.0100564	398.6058826
485.1826142	421.3921975
485.3551736	388.351981
485.5277346	402.8325634
485.7002971	374.2873553
485.8728612	368.3354743
486.045427	407.7504584
486.2179943	396.3302204
486.3905631	383.989925
486.5631336	392.9003249
486.7357057	417.4670097
486.9082793	401.1206845
487.0808545	394.067425
487.2534313	412.7409462
487.4260097	401.7451098
487.5985896	384.0112582
487.7711712	394.8816791
487.9437543	409.1296718
488.116339	414.1434249
488.2889253	377.9514972
488.4615131	407.1874847
488.6341026	386.8759469
488.8066936	407.6806464
488.9792862	399.2113789
489.1518804	398.2464028
489.3244762	387.9396808
489.4970736	389.4469708
489.6696725	398.4585425
489.8422731	393.8571261
490.0148752	376.2553036
490.1874789	392.7696781
490.3600841	410.2662118
490.532691	402.2721389
490.7052994	416.400121
490.8779094	404.9117876
491.050521	412.7361561
491.2231342	395.7318928
491.395749	403.8235434
491.5683654	389.1609774
491.7409833	384.2035534
491.9136028	388.3708935
492.0862239	398.2758991
492.2588466	366.4602762
492.4314708	378.9016553
492.6040967	490.92846
492.7767241	405.6450316
492.9493531	404.1105872
493.1219837	405.4446977
493.2946159	390.4034388
493.4672496	398.7370966
493.639885	381.098599
493.8125219	389.081947
493.9851604	411.5061241
494.1578005	392.7373847
494.3304422	392.8278903
494.5030854	412.0397979
494.6757302	410.6853709
494.8483767	403.0701751
495.0210247	416.075901
495.1936742	406.8508788
495.3663254	364.69643
495.5389781	404.3047342
495.7116325	384.569194
495.8842884	395.9350536
496.0569459	412.383637
496.229605	396.1149618
496.4022656	402.6160106
496.5749278	395.3864426
496.7475917	393.7640161
496.9202571	400.5373511
497.0929241	391.5673288
497.2655926	399.5749419
497.4382628	379.1674067
497.6109345	390.2271361
497.7836078	397.4795182
497.9562827	402.948558
498.1289592	404.0328119
498.3016373	394.8853783
498.4743169	412.2657368
498.6469981	390.3305256
498.8196809	381.0815638
498.9923653	391.5072448
499.1650513	407.2980767
499.3377389	394.8937663
499.510428	402.9292415
499.6831187	402.6208567
499.855811	396.1352236
500.0285049	404.6411683
500.2012004	389.800857
500.3738974	375.8067211
500.5465961	382.0268972
500.7192963	395.8207676
500.8919981	395.0685911
501.0647014	389.4764313
501.2374064	376.6238923
501.410113	389.3080228
501.5828211	411.8705046
501.7555308	399.2608046
501.9282421	377.7075992
502.100955	407.4399624
502.2736694	384.9259545
502.4463854	410.3772293
502.6191031	429.8163051
502.7918223	399.7963683
502.9645431	399.452518
503.1372654	398.4777589
503.3099894	390.947488
503.4827149	376.1324999
503.655442	392.5964546
503.8281707	399.3646694
504.000901	399.3734588
504.1736329	400.5526313
504.3463663	406.593067
504.5191013	391.5178135
504.6918379	406.3247426
504.8645761	399.1552563
505.0373159	381.119952
505.2100572	377.2757407
505.3828002	398.5028169
505.5555447	387.7025515
505.7282908	392.3791456
505.9010385	416.7447846
506.0737878	404.8126988
506.2465386	397.298732
506.419291	418.6503177
506.5920451	374.2991082
506.7648006	396.9538405
506.9375578	374.0032308
507.1103166	395.1630031
507.2830769	385.1981042
507.4558389	382.873808
507.6286024	381.0199661
507.8013675	392.5234278
507.9741341	388.6689802
508.1469024	389.5535218
508.3196722	390.123777
508.4924436	394.1199249
508.6652166	408.9187714
508.8379912	386.7055411
509.0107674	393.2029082
509.1835451	385.6340965
509.3563245	384.3648855
509.5291054	401.6410471
509.7018879	393.1724644
509.874672	368.7340517
510.0474576	386.1003581
510.2202449	380.05638
510.3930337	380.3276141
510.5658241	375.0919244
510.7386161	397.7848215
510.9114097	401.1205608
511.0842048	395.2664047
511.2570015	398.2204336
511.4297999	366.5232185
511.6025998	381.7566961
511.7754013	388.4090708
511.9482043	373.3481099
512.121009	367.8878815
512.2938152	374.1015232
512.466623	383.0480865
512.6394324	396.0404389
512.8122434	383.1668644
512.9850559	366.2647623
513.1578701	385.6733753
513.3306858	370.6226376
513.5035031	391.333381
513.676322	366.3239511
513.8491425	405.4291148
514.0219645	392.9620371
514.1947882	370.75379
514.3676134	388.3384694
514.5404402	385.9822507
514.7132686	370.0907707
514.8860985	399.7928051
515.0589301	384.0876055
515.2317632	400.543028
515.4045979	381.7228228
515.5774342	376.6285384
515.7502721	376.4937506
515.9231116	382.7170783
516.0959526	396.4131834
516.2687952	378.3824589
516.4416394	382.2016609
516.6144852	354.7848582
516.7873326	363.2670918
516.9601816	360.8293532
517.1330321	365.8421566
517.3058842	377.4769148
517.4787379	372.1032553
517.6515932	366.2396271
517.8244501	369.5382137
517.9973085	375.9866764
518.1701685	380.5000384
518.3430302	361.6367861
518.5158933	359.2994937
518.6887581	377.1954612
518.8616245	362.7088494
519.0344924	369.0690281
519.2073619	361.8683055
519.3802331	368.4793533
519.5531057	349.2154119
519.72598	369.9136962
519.8988559	343.134532
520.0717333	370.9709563
520.2446123	363.4719879
520.4174929	356.2378282
520.5903751	348.3945328
520.7632589	361.6745672
520.9361442	377.4025007
521.1090311	362.4699788
521.2819197	351.7697498
521.4548098	370.0340606
521.6277014	352.3683023
521.8005947	352.8302451
521.9734895	351.7447463
522.146386	364.633698
522.319284	370.7151595
522.4921836	365.6364288
522.6650847	358.8993412
522.8379875	364.7520229
523.0108918	337.8123965
523.1837977	359.5019563
523.3567052	360.9275553
523.5296143	355.5980139
523.702525	346.3380591
523.8754372	352.8116681
524.0483511	349.6693631
524.2212665	344.0237098
524.3941835	344.0714195
524.567102	367.3687601
524.7400222	352.4233139
524.9129439	358.8648464
525.0858673	348.2309541
525.2587922	340.3368548
525.4317187	364.8494555
525.6046467	354.9799381
525.7775764	344.3200349
525.9505076	344.9094503
526.1234404	363.7899856
526.2963748	332.5520823
526.4693108	344.8294089
526.6422484	355.3111886
526.8151875	344.2037189
526.9881283	346.6498481
527.1610706	365.1681454
527.3340145	350.0393897
527.5069599	334.3824924
527.679907	334.7314225
527.8528556	356.2245644
528.0258059	346.9104583
528.1987577	350.2243486
528.371711	345.747867
528.544666	328.6301041
528.7176226	353.5791466
528.8905807	350.3642212
529.0635404	341.8059787
529.2365017	347.1853031
529.4094646	341.9123354
529.5824291	340.1334154
529.7553951	359.2265221
529.9283627	343.5519832
530.101332	345.7728174
530.2743027	339.6654539
530.4472751	347.2980568
530.6202491	337.0915119
530.7932246	338.6032116
530.9662017	331.8864452
531.1391805	351.0261869
531.3121607	329.6487431
531.4851426	352.4470548
531.6581261	344.6501756
531.8311111	341.6635017
532.0040977	338.4892318
532.1770859	333.0968212
532.3500757	335.2836113
532.5230671	339.816007
532.69606	340.6953098
532.8690545	338.3560792
533.0420506	335.1882961
533.2150483	345.2355218
533.3880476	340.3448419
533.5610485	349.1905989
533.7340509	343.6505285
533.9070549	344.174158
534.0800605	332.6319885
534.2530677	325.9361238
534.4260765	346.3548582
534.5990868	332.1739385
534.7720988	333.3052584
534.9451123	351.6538573
535.1181274	334.1400602
535.2911441	335.8332302
535.4641623	336.6806813
535.6371822	346.9656044
535.8102036	334.7620202
535.9832266	348.5159502
536.1562512	334.5650775
536.3292774	346.4942136
536.5023052	337.6031087
536.6753345	350.11266
536.8483654	337.2107268
537.0213979	337.937536
537.194432	316.3955429
537.3674677	318.7813407
537.5405049	321.3860764
537.7135438	343.8997389
537.8865842	329.5844337
538.0596262	342.1755622
538.2326698	336.7506726
538.4057149	335.0620479
538.5787617	326.873192
538.75181	351.1274325
538.9248599	328.7502761
539.0979114	336.7351006
539.2709645	335.5130699
539.4440191	328.9867138
539.6170754	322.0025022
539.7901332	330.5656641
539.9631926	342.0087819
540.1362536	333.520377
540.3093161	323.5391113
540.4823803	340.9797536
540.655446	316.9882224
540.8285133	343.7071061
541.0015822	333.5489263
541.1746527	325.5369306
541.3477248	331.8309686
541.5207984	335.3814736
541.6938737	324.3922806
541.8669505	332.5050568
542.0400289	332.7565688
542.2131088	327.3231788
542.3861904	341.210895
542.5592735	323.4451357
542.7323583	311.3658027
542.9054446	326.2621614
543.0785324	323.6308432
543.2516219	347.1448191
543.424713	335.965688
543.5978056	338.2426256
543.7708998	334.6617912
543.9439956	323.3344693
544.117093	326.2880784
544.290192	319.882297
544.4632925	320.581043
544.6363946	329.1038435
544.8094983	322.1006576
544.9826036	337.9249124
545.1557105	311.1133388
545.328819	317.6672534
545.501929	326.9754247
545.6750406	321.246758
545.8481538	314.930288
546.0212686	327.105032
546.194385	326.3853946
546.3675029	329.4115123
546.5406225	329.1220424
546.7137436	331.4614413
546.8868663	313.7322702
547.0599906	309.6644303
547.2331164	311.1214797
547.4062439	314.8249958
547.5793729	323.4307974
547.7525035	331.1751666
547.9256357	333.8646298
548.0987695	328.2397546
548.2719048	328.660834
548.4450418	324.7070476
548.6181803	310.4141534
548.7913204	307.1981625
548.9644621	316.6476637
549.1376053	327.0177098
549.3107502	342.6054709
549.4838966	333.1440556
549.6570446	318.3251399
549.8301942	312.2764237
550.0033454	313.9795749
550.1764982	312.998661
550.3496525	319.8352893
550.5228084	321.8770053
550.6959659	319.5837738
550.869125	324.1143126
551.0422857	318.3325674
551.215448	321.8569202
551.3886118	301.61036
551.5617772	313.0177255
551.7349442	318.3069363
551.9081128	315.3250196
552.081283	305.5224
552.2544547	310.844329
552.4276281	297.5423478
552.600803	310.6420867
552.7739795	295.2706861
552.9471576	318.1484069
553.1203372	309.9566003
553.2935185	313.0042282
553.4667013	308.7825828
553.6398857	305.4935361
553.8130717	289.0649535
553.9862593	303.6161
554.1594484	306.4618332
554.3326392	307.8951934
554.5058315	310.2110192
554.6790254	312.705804
554.8522209	307.7893229
555.0254179	310.6701911
555.1986166	298.4123971
555.3718168	298.6630371
555.5450186	300.0385976
555.718222	305.0973253
555.891427	301.2453129
556.0646336	303.9960245
556.2378417	299.3873534
556.4110514	299.3658721
556.5842627	311.6409594
556.7574756	300.0559777
556.9306901	293.5073349
557.1039062	297.6653681
557.2771238	303.3566164
557.450343	295.0117396
557.6235638	298.2493625
557.7967862	300.6310812
557.9700102	297.1415646
558.1432357	306.6636773
558.3164628	281.6055704
558.4896916	284.5597677
558.6629219	303.7822727
558.8361537	302.7379877
559.0093872	284.0611176
559.1826222	296.6425973
559.3558589	301.3932798
559.5290971	289.5541716
559.7023369	302.4791877
559.8755782	291.1175886
560.0488212	295.916565
560.2220657	288.1272779
560.3953118	281.8185437
560.5685595	300.2024792
560.7418088	285.2663904
560.9150597	287.549533
561.0883121	279.2248642
561.2615662	275.7872552
561.4348218	289.1821054
561.608079	289.18632
561.7813378	281.4902565
561.9545981	290.4417331
562.1278601	282.8222613
562.3011236	286.5048713
562.4743887	282.66612
562.6476554	289.4465173
562.8209237	287.0404286
562.9941935	285.0405639
563.167465	286.7689811
563.340738	273.8444183
563.5140126	286.4834775
563.6872888	274.8265043
563.8605665	286.0253671
564.0338459	280.7597222
564.2071268	285.1420133
564.3804093	277.7626707
564.5536934	290.7345233
564.7269791	279.4725365
564.9002664	278.7051088
565.0735552	273.8849633
565.2468456	281.2838652
565.4201376	279.0844371
565.5934312	265.4173748
565.7667264	285.4743396
565.9400231	280.4477455
566.1133215	289.995593
566.2866214	279.4249199
566.4599229	267.483438
566.633226	281.3356681
566.8065306	272.9080922
566.9798369	273.7350516
567.1531447	276.2223675
567.3264541	262.0066086
567.4997651	278.9672603
567.6730777	265.1472102
567.8463919	255.0324974
568.0197076	273.0258655
568.1930249	259.9905985
568.3663438	260.995273
568.5396643	260.3196107
568.7129864	262.5552586
568.8863101	268.0471939
569.0596353	255.7947449
569.2329621	259.1673765
569.4062905	262.0927505
569.5796205	270.6980781
569.7529521	263.1487352
569.9262852	262.082654
570.0996199	268.4461469
570.2729563	268.2556885
570.4462941	259.4077593
570.6196336	271.1241999
570.7929747	256.9246803
570.9663173	253.2960608
571.1396616	249.4888843
571.3130074	265.6333169
571.4863547	262.7849205
571.6597037	254.8881775
571.8330543	246.305806
572.0064064	248.340622
572.1797601	254.3080791
572.3531154	255.0801669
572.5264723	248.7317849
572.6998308	254.0587887
572.8731908	252.1065532
573.0465525	267.6491801
573.2199157	262.9658698
573.3932805	253.4249815
573.5666468	251.2086447
573.7400148	252.2691284
573.9133843	251.7879051
574.0867555	256.9730427
574.2601282	264.040818
574.4335025	248.1568031
574.6068783	238.9394431
574.7802558	249.0729708
574.9536348	254.6689846
575.1270154	251.61404
575.3003976	251.8976439
575.4737814	258.7552535
575.6471668	242.8435186
575.8205537	249.9870643
575.9939423	238.3579467
576.1673324	256.7168506
576.3407241	242.8191953
576.5141173	243.2857477
576.6875122	244.7258889
576.8609086	248.0802847
577.0343067	242.5426817
577.2077063	241.1827405
577.3811075	250.7404248
577.5545102	247.0345129
577.7279146	240.8701861
577.9013205	241.2955233
578.074728	241.1793892
578.2481371	248.5946827
578.4215478	238.5164563
578.5949601	241.7989651
578.7683739	235.2348345
578.9417894	233.9437223
579.1152064	240.7140653
579.288625	236.3803581
579.4620451	245.3489422
579.6354669	236.5095949
579.8088902	236.7808338
579.9823152	229.4282378
580.1557417	239.405562
580.3291698	237.9885148
580.5025994	229.1883741
580.6760307	239.564139
580.8494635	233.5012844
581.0228979	243.2430793
581.1963339	239.6535864
581.3697715	235.6658441
581.5432107	230.0432286
581.7166514	240.0796873
581.8900937	234.9594674
582.0635377	238.916282
582.2369832	224.8407184
582.4104302	234.674954
582.5838789	246.6314603
582.7573291	223.1925834
582.9307809	235.553089
583.1042344	233.4964655
583.2776893	233.1338401
583.4511459	234.7019976
583.6246041	239.3267207
583.7980638	238.5412452
583.9715251	227.7547438
584.144988	229.3197422
584.3184525	235.4774326
584.4919186	223.8081347
584.6653862	236.4052416
584.8388554	243.807979
585.0123262	229.7334816
585.1857986	229.5385381
585.3592726	227.8412316
585.5327482	234.3158367
585.7062253	233.3612599
585.879704	232.1435227
586.0531843	233.7934517
586.2266662	223.4786984
586.4001497	232.3855554
586.5736347	228.2758505
586.7471214	225.1916115
586.9206096	239.7880684
587.0940994	226.6674569
587.2675908	231.0990904
587.4410837	222.7958246
587.6145783	232.8538943
587.7880744	222.439521
587.9615721	221.8296623
588.1350714	222.7004891
588.3085723	223.0330064
588.4820748	229.1642635
588.6555788	223.5717884
588.8290844	222.0408987
589.0025916	225.0499009
589.1761004	224.8499331
589.3496108	216.2664482
589.5231227	224.693101
589.6966363	225.3101959
589.8701514	233.9725189
590.0436681	229.0525541
590.2171864	224.7423957
590.3907062	221.9945373
590.5642277	226.9101543
590.7377507	216.3864734
590.9112753	228.1812129
591.0848015	222.9862902
591.2583293	225.6348686
591.4318586	220.3998397
591.6053896	216.9286675
591.7789221	216.1333141
591.9524562	219.2377684
592.1259919	221.1503679
592.2995291	218.7588245
592.473068	220.5505887
592.6466084	221.4652576
592.8201504	212.1490099
592.993694	223.4991514
593.1672392	218.0267034
593.340786	210.1870328
593.5143343	214.2754771
593.6878843	220.753854
593.8614358	221.6873423
594.0349889	214.528615
594.2085435	225.5346619
594.3820998	225.3489931
594.5556576	223.1631742
594.7292171	214.4465483
594.9027781	220.1305441
595.0763406	214.6908593
595.2499048	205.8743452
595.4234706	218.4839237
595.5970379	223.3779952
595.7706068	211.6234094
595.9441773	215.494562
596.1177494	211.8372016
596.2913231	220.0138989
596.4648983	225.6079873
596.6384751	223.4306371
596.8120535	223.3279938
596.9856335	208.7401172
597.1592151	220.0964761
597.3327983	219.2098608
597.506383	216.1191204
597.6799693	217.0595574
597.8535572	219.3440472
598.0271467	218.9779755
598.2007378	216.5820967
598.3743304	214.2764707
598.5479247	213.9433152
598.7215205	211.9288431
598.8951179	224.3797567
599.0687168	218.0834264
599.2423174	224.1419618
599.4159196	221.6456875
599.5895233	228.817426
599.7631286	227.0071049
599.9367355	227.4165305
600.110344	222.6401149
600.283954	212.787787
600.4575657	211.8207469
600.6311789	221.3279572
600.8047937	217.7757855
600.9784101	220.8360505
601.152028	218.4761785
601.3256476	217.7017385
601.4992687	213.7641016
601.6728914	226.8450581
601.8465157	222.0720942
602.0201416	216.9923033
602.1937691	224.9897092
602.3673981	217.8395314
602.5410287	222.4707681
602.7146609	224.4522025
602.8882947	222.0023888
603.0619301	221.2808993
603.2355671	219.8397988
603.4092056	214.4047221
603.5828457	232.4807802
603.7564874	226.6131609
603.9301307	221.4807131
604.1037756	225.0911663
604.277422	218.2995472
604.4510701	214.2396229
604.6247197	216.6535216
604.7983709	219.0152045
604.9720237	228.0132472
605.145678	218.9265754
605.319334	214.4832316
605.4929915	216.5447138
605.6666506	215.9599492
605.8403113	224.2690147
606.0139736	238.2206317
606.1876374	216.9083639
606.3613028	218.3586346
606.5349699	218.0700151
606.7086385	222.5600598
606.8823087	225.4744228
607.0559804	219.604102
607.2296538	228.6158978
607.4033287	225.1851321
607.5770052	226.940274
607.7506833	217.9776571
607.924363	225.7826302
608.0980443	215.891949
608.2717271	216.3267611
608.4454115	218.6332132
608.6190975	210.6965991
608.7927851	222.9866654
608.9664743	221.3650209
609.1401651	221.9715722
609.3138574	224.6117848
609.4875513	216.5317668
609.6612468	224.7413281
609.8349439	220.9437657
610.0086426	221.2535018
610.1823428	224.064789
610.3560446	227.5837755
610.5297481	220.7081355
610.7034531	220.4570188
610.8771596	227.3721616
611.0508678	222.0784537
611.2245775	229.487041
611.3982889	229.0285936
611.5720018	221.2889396
611.7457163	228.1370363
611.9194323	223.2867226
612.09315	226.2170592
612.2668692	219.1672135
612.44059	216.6417861
612.6143124	222.7092782
612.7880364	218.8454172
612.961762	223.8293106
613.1354891	216.879329
613.3092179	233.5917597
613.4829482	235.8495304
613.6566801	233.7691686
613.8304136	216.9668841
614.0041486	223.3724194
614.1778853	226.6979484
614.3516235	230.3850126
614.5253633	235.3164984
614.6991047	229.1712554
614.8728477	226.0737605
615.0465922	229.2069303
615.2203383	230.6047164
615.3940861	239.9260949
615.5678354	226.8379989
615.7415863	227.5144695
615.9153387	225.6934653
616.0890928	233.4551025
616.2628484	231.609698
616.4366056	226.7243986
616.6103644	228.1254399
616.7841248	227.8488406
616.9578867	224.6355646
617.1316503	235.6304678
617.3054154	236.1257134
617.4791821	236.8111746
617.6529504	237.4347323
617.8267203	230.3543244
618.0004917	227.89238
618.1742648	231.1947354
618.3480394	227.1254417
618.5218156	219.6855442
618.6955934	226.8887269
618.8693727	234.3960538
619.0431537	235.2861997
619.2169362	235.0503545
619.3907203	230.3823075
619.564506	239.2687496
619.7382933	238.5138025
619.9120822	232.7041471
620.0858726	233.4571535
620.2596646	233.266825
620.4334582	240.173886
620.6072534	237.7337283
620.7810502	227.2586489
620.9548486	229.2049039
621.1286485	230.98088
621.30245	231.6184434
621.4762531	231.5955592
621.6500578	237.2697287
621.8238641	230.9608172
621.9976719	231.8928047
622.1714813	235.8624454
622.3452923	234.5840972
622.5191049	231.9391023
622.6929191	234.2351324
622.8667349	231.5758398
623.0405522	230.3036392
623.2143711	235.2989967
623.3881917	243.6225013
623.5620137	229.3902914
623.7358374	241.9302504
623.9096627	233.7357317
624.0834895	238.5289298
624.2573179	232.7489845
624.4311479	241.0005841
624.6049795	238.1339599
624.7788127	230.8106761
624.9526474	239.1203304
625.1264837	235.2739372
625.3003217	234.6232042
625.4741612	232.2806173
625.6480022	236.9847399
625.8218449	237.5172091
625.9956891	235.1531706
626.169535	232.4502127
626.3433824	235.0925809
626.5172313	235.905269
626.6910819	245.6088991
626.8649341	243.6453232
627.0387878	234.850436
627.2126431	248.4503779
627.3865	252.3522622
627.5603585	243.8635473
627.7342186	236.3951777
627.9080802	238.4536955
628.0819434	233.5989694
628.2558083	238.962756
628.4296747	253.003387
628.6035426	238.4813008
628.7774122	256.978283
628.9512833	242.3379725
629.1251561	229.3917179
629.2990304	231.7100122
629.4729062	245.7976997
629.6467837	244.0598487
629.8206628	240.7259958
629.9945434	253.2734279
630.1684256	240.5502764
630.3423094	243.5233174
630.5161948	230.8596106
630.6900818	245.1623834
630.8639703	242.3159772
631.0378604	244.3564207
631.2117522	237.5127018
631.3856455	237.7890922
631.5595403	235.7849685
631.7334368	235.6967659
631.9073348	256.030527
632.0812344	247.4704368
632.2551357	227.6588495
632.4290384	249.8140605
632.6029428	236.072279
632.7768488	236.3015456
632.9507563	245.659332
633.1246654	254.1196584
633.2985761	246.5085261
633.4724884	241.1815383
633.6464023	245.5254135
633.8203177	248.7778788
633.9942347	246.7900835
634.1681533	236.837019
634.3420735	253.5568164
634.5159953	239.808308
634.6899187	242.3077831
634.8638436	236.2298057
635.0377701	233.4066549
635.2116982	239.1808743
635.3856279	245.5833255
635.5595592	246.4005633
635.7334921	237.9813263
635.9074265	243.551516
636.0813625	241.5107482
636.2553001	247.6102895
636.4292393	235.3245956
636.60318	244.2259798
636.7771224	246.7782573
636.9510663	247.7396802
637.1250118	239.0682655
637.2989589	246.3837505
637.4729076	247.2486142
637.6468579	237.6390644
637.8208097	241.9682143
637.9947631	242.5886473
638.1687181	242.4563047
638.3426747	244.9394033
638.5166329	247.4674828
638.6905926	250.5948893
638.864554	238.3785807
639.0385169	236.6821744
639.2124814	238.2503427
639.3864475	247.6216937
639.5604151	241.61822
639.7343844	242.2515778
639.9083552	241.9914963
640.0823276	249.1858249
640.2563016	237.5724867
640.4302772	232.9426295
640.6042543	240.461444
640.7782331	246.7494231
640.9522134	239.704625
641.1261953	234.9115669
641.3001788	242.9334566
641.4741639	242.2222443
641.6481505	240.8782252
641.8221387	245.5950996
641.9961286	246.1046188
642.17012	246.1719539
642.3441129	243.6307091
642.5181075	245.6491216
642.6921037	238.7127261
642.8661014	246.5312067
643.0401007	242.9164225
643.2141016	234.8618356
643.3881041	235.5889327
643.5621081	247.4463883
643.7361138	232.728358
643.910121	244.623825
644.0841298	252.7493861
644.2581402	244.1813965
644.4321521	235.8829469
644.6061657	251.279378
644.7801808	237.210822
644.9541975	230.5042992
645.1282158	248.7931772
645.3022357	239.5077126
645.4762572	235.0625138
645.6502802	241.2901028
645.8243048	232.8712536
645.9983311	245.0553609
646.1723589	240.7737314
646.3463882	252.6379868
646.5204192	246.721049
646.6944517	240.050505
646.8684858	229.6983143
647.0425215	230.4193848
647.2165588	236.1697983
647.3905977	230.2617898
647.5646382	246.0695927
647.7386802	238.1080757
647.9127238	230.9751106
648.086769	237.4921297
648.2608158	240.3612781
648.4348641	233.9881005
648.6089141	240.4073161
648.7829656	233.4914512
648.9570187	234.1014535
649.1310734	231.3452463
649.3051297	239.6623356
649.4791875	238.8143898
649.653247	238.2138238
649.827308	224.4924585
650.0013706	243.1711129
650.1754348	231.284422
650.3495006	247.8133132
650.5235679	225.3195449
650.6976368	232.0331792
650.8717074	225.9048712
651.0457795	227.6483147
651.2198531	232.9869145
651.3939284	238.8977093
651.5680052	232.9963672
651.7420837	238.3763816
651.9161637	240.735366
652.0902453	222.5349557
652.2643284	229.4467882
652.4384132	230.8493647
652.6124995	216.2677274
652.7865875	238.4739509
652.960677	223.6928509
653.134768	229.1511953
653.3088607	218.3089968
653.482955	225.2500543
653.6570508	242.8529227
653.8311482	232.9671094
654.0052472	223.461059
654.1793478	227.4766996
654.35345	238.4957102
654.5275537	229.0246908
654.701659	230.1953528
654.8757659	237.4396507
655.0498744	229.0277792
655.2239845	225.9041227
655.3980962	231.7941479
655.5722094	220.1008518
655.7463242	230.6646932
655.9204406	227.3630536
656.0945586	235.2622113
656.2686782	220.9384695
656.4427993	219.7907148
656.616922	223.8794124
656.7910464	233.7206071
656.9651723	215.3490169
657.1392997	221.6446742
657.3134288	216.80172
657.4875594	217.4376069
657.6616917	217.8934641
657.8358255	219.6742683
658.0099609	225.3793127
658.1840978	230.0544512
658.3582364	229.9650767
658.5323765	220.4276564
658.7065183	221.7178257
658.8806616	229.0213623
659.0548064	228.0328849
659.2289529	212.6263884
659.403101	217.4922371
659.5772506	220.8362507
659.7514018	229.2551762
659.9255546	223.3777858
660.099709	212.9574166
660.2738649	219.0536303
660.4480225	197.5481793
660.6221816	216.9241442
660.7963423	212.1914547
660.9705046	208.1741172
661.1446685	210.3842777
661.3188339	218.7439772
661.493001	207.9447548
661.6671696	201.9367483
661.8413398	201.1493526
662.0155116	204.9332971
662.1896849	206.7668286
662.3638599	211.8039336
662.5380364	203.2509708
662.7122145	199.9887536
662.8863942	207.6061739
663.0605755	216.4516013
663.2347584	200.2456726
663.4089428	205.0968052
663.5831288	205.0167724
663.7573165	210.3290277
663.9315056	212.1063679
664.1056964	217.2514875
664.2798888	198.8772617
664.4540827	205.1254764
664.6282782	226.861969
664.8024753	201.7822126
664.976674	205.4856605
665.1508743	207.7959501
665.3250761	192.6952534
665.4992796	197.8526295
665.6734846	209.2540672
665.8476912	206.4687736
666.0218993	204.8633739
666.1961091	214.4056088
666.3703204	189.3420414
666.5445334	198.5449907
666.7187479	200.7512328
666.892964	200.6502131
667.0671816	200.7684994
667.2414009	206.7959215
667.4156217	198.6438468
667.5898442	209.5992438
667.7640682	192.5882015
667.9382937	197.680448
668.1125209	193.5520128
668.2867497	188.495702
668.46098	203.8212134
668.6352119	204.0026357
668.8094454	187.8021515
668.9836805	194.6370852
669.1579171	195.3101874
669.3321554	187.6127372
669.5063952	192.6632011
669.6806366	193.9247652
669.8548796	188.979089
670.0291242	196.6117358
670.2033703	203.0483706
670.3776181	194.3649109
670.5518674	202.0562668
670.7261183	183.7912595
670.9003708	188.041492
671.0746248	181.5009911
671.2488805	184.0992659
671.4231377	194.0472866
671.5973965	183.4801447
671.7716569	186.9205641
671.9459189	177.2056944
672.1201824	190.8372006
672.2944476	183.07261
672.4687143	188.5948499
672.6429826	184.9388231
672.8172525	182.6648848
672.991524	183.9403488
673.165797	182.8789442
673.3400717	179.0051067
673.5143479	174.0005313
673.6886257	171.2246894
673.8629051	177.587689
674.037186	177.0781883
674.2114686	178.4735307
674.3857527	158.9229877
674.5600384	182.4295852
674.7343257	172.0273339
674.9086146	168.8234262
675.0829051	177.6061848
675.2571971	178.7936517
675.4314907	168.8903688
675.6057859	170.1031796
675.7800827	179.0687878
675.9543811	174.8782426
676.128681	180.9475604
676.3029826	169.5116731
676.4772857	173.4308718
676.6515904	164.6725103
676.8258967	173.5993806
677.0002045	165.787763
677.174514	168.9790446
677.348825	173.0399032
677.5231376	174.8426974
677.6974518	163.6719307
677.8717676	167.8637854
678.046085	174.7656655
678.2204039	163.1538116
678.3947244	171.3804675
678.5690465	168.0069203
678.7433702	172.5275541
678.9176955	151.3335325
679.0920224	157.1581744
679.2663508	163.8558347
679.4406808	161.8486225
679.6150124	160.8256595
679.7893456	167.2448506
679.9636804	168.3800469
680.1380167	172.1860433
680.3123546	153.845302
680.4866941	165.9568656
680.6610352	162.1580163
680.8353779	146.6098033
681.0097222	159.5921596
681.184068	159.6237087
681.3584154	151.8109015
681.5327644	151.0286476
681.707115	164.7867214
681.8814672	157.9259702
682.055821	148.8466218
682.2301763	155.3902397
682.4045332	147.5398125
682.5788917	144.7969011
682.7532518	149.5497384
682.9276135	151.9583524
683.1019767	156.7559994
683.2763415	147.2543934
683.4507079	138.0256319
683.6250759	156.9868714
683.7994455	149.7594743
683.9738167	138.6621023
684.1481894	144.2451141
684.3225637	147.9621509
684.4969396	144.7925255
684.6713171	159.6244822
684.8456962	140.2503709
685.0200768	144.0804885
685.1944591	135.44683
685.3688429	136.1847544
685.5432283	142.1826838
685.7176153	136.9020852
685.8920038	128.6114547
686.066394	139.0948357
686.2407857	141.8055792
686.415179	140.187724
686.5895739	142.2345073
686.7639704	152.5842944
686.9383685	136.3571305
687.1127681	141.3819703
687.2871693	134.8613982
687.4615721	136.1429518
687.6359765	150.2817647
687.8103825	140.0760742
687.98479	140.9130581
688.1591992	126.9160059
688.3336099	144.6559144
688.5080222	142.9859174
688.6824361	142.3222685
688.8568515	127.3502186
689.0312686	137.3380052
689.2056872	132.4391595
689.3801074	132.5478218
689.5545292	136.5710095
689.7289526	129.6086051
689.9033775	133.9294688
690.0778041	127.115851
690.2522322	133.6541462
690.4266619	138.6763305
690.6010932	132.5010801
690.7755261	119.7126455
690.9499605	136.9330624
691.1243965	132.0525625
691.2988342	139.5444108
691.4732734	118.8976825
691.6477141	123.8537047
691.8221565	122.5260739
691.9966005	128.6565537
692.171046	124.3489228
692.3454931	122.3681117
692.5199418	127.132469
692.6943921	138.4336909
692.8688439	133.7102132
693.0432974	133.1494642
693.2177524	133.4055578
693.392209	132.0039624
693.5666672	157.1664996
693.7411269	143.6129495
693.9155883	141.9324207
694.0900512	138.5302542
694.2645157	138.987295
694.4389818	133.3861633
694.6134495	150.550602
694.7879188	137.9207274
694.9623896	132.2121196
695.1368621	114.582958
695.3113361	136.2547094
695.4858117	124.6699361
695.6602888	116.4172903
695.8347676	114.5041073
696.0092479	100.2363108
696.1837299	113.5217809
696.3582134	104.1522451
696.5326984	109.7615093
696.7071851	113.4440112
696.8816734	115.4276884
697.0561632	115.3194151
697.2306546	125.179623
697.4051476	111.5503684
697.5796422	119.4764083
697.7541384	126.1750707
697.9286361	125.2491412
698.1031354	122.5659733
698.2776363	114.9891916
698.4521388	124.5971973
698.6266429	113.4104477
698.8011486	119.7053803
698.9756558	117.8887581
699.1501646	112.052207
699.324675	98.05475915
699.499187	107.9323877
699.6737006	95.70462839
699.8482157	104.5764711
700.0227325	114.4324933
700.1972508	116.8886854
700.3717707	111.0657663
700.5462922	108.5915042
700.7208152	120.7912153
700.8953399	104.2916723
701.0698661	111.2719773
701.2443939	100.2572203
701.4189233	110.9048045
701.5934543	113.4413902
701.7679868	103.2197417
701.942521	101.7480335
702.1170567	105.9867328
702.291594	92.44002712
702.4661329	96.0380431
702.6406733	110.7820731
702.8152154	105.3017756
702.989759	97.24545218
703.1643042	95.1046403
703.338851	99.22995527
703.5133994	109.7256444
703.6879494	104.6823469
703.8625009	104.4212476
704.037054	95.20729151
704.2116088	105.243253
704.386165	92.53180878
704.5607229	103.9519578
704.7352824	112.5381878
704.9098434	90.49922601
705.084406	98.42904727
705.2589702	102.2841963
705.433536	101.4302945
705.6081034	83.51160232
705.7826723	89.0112539
705.9572429	98.17831724
706.131815	95.27000546
706.3063887	94.25706095
706.480964	101.5935362
706.6555408	89.99426323
706.8301193	87.99124743
707.0046993	88.60087969
707.1792809	107.8921161
707.3538641	107.9499414
707.5284489	103.8149814
707.7030352	102.9600722
707.8776232	90.54870904
708.0522127	97.83826014
708.2268038	87.32486475
708.4013965	107.19771
708.5759907	97.28665
708.7505866	93.52630253
708.925184	85.3787857
709.099783	97.39901192
709.2743836	93.32662825
709.4489858	85.71604913
709.6235896	90.02481432
709.7981949	96.11219423
709.9728018	82.96470418
710.1474104	73.3986637
710.3220204	77.13207481
710.4966321	73.45240522
710.6712454	88.84698878
710.8458602	81.81323308
711.0204766	83.99399809
711.1950946	93.43178506
711.3697142	99.64953928
711.5443354	86.00513819
711.7189581	80.76972364
711.8935825	84.06217502
712.0682084	86.13521263
712.2428359	74.15786406
712.417465	91.50212647
712.5920956	92.81104813
712.7667279	76.19469185
712.9413617	84.79722288
713.1159971	81.96794777
713.2906341	82.59030383
713.4652727	77.7183331
713.6399128	88.97023827
713.8145545	87.48650707
713.9891979	84.5454826
714.1638428	82.07778935
714.3384893	96.23100454
714.5131373	83.36612463
714.687787	81.40565052
714.8624382	77.37073403
715.037091	89.29207909
715.2117454	74.0970623
715.3864014	97.94225114
715.5610589	78.97072994
715.7357181	88.18719839
715.9103788	75.72249951
716.0850411	86.20062983
716.259705	92.24207566
716.4343705	74.17306069
716.6090375	90.91244152
716.7837062	84.28436529
716.9583764	88.43087486
717.1330482	80.32381547
717.3077216	84.94338166
717.4823966	81.00167116
717.6570731	79.77574109
717.8317512	70.04475779
718.0064309	72.15043692
718.1811122	89.02884094
718.3557951	66.9528801
718.5304796	78.11517304
718.7051656	71.04853977
718.8798532	70.34056214
719.0545425	78.18576916
719.2292332	75.67594826
719.4039256	67.4393015
719.5786196	74.71948129
719.7533151	68.01833691
719.9280122	75.79225913
720.1027109	67.20286314
720.2774112	85.8182118
720.4521131	73.34901086
720.6268165	76.03620164
720.8015216	56.28718818
720.9762282	71.18657346
721.1509364	74.25342913
721.3256461	75.55595852
721.5003575	77.40316747
721.6750704	79.22673291
721.849785	69.61464963
722.0245011	66.98923922
722.1992188	66.05421677
722.373938	64.64926473
722.5486589	56.50742449
722.7233813	66.19756023
722.8981053	66.05309087
723.0728309	68.66320438
723.2475581	64.50636022
723.4222869	62.33979988
723.5970172	62.93049542
723.7717492	58.21148743
723.9464827	73.61298389
724.1212178	61.55830356
724.2959545	68.51196543
724.4706927	56.96236417
724.6454326	57.6589557
724.820174	67.02837499
724.994917	57.65144371
725.1696616	65.63944918
725.3444078	71.39700267
725.5191555	83.81663795
725.6939048	63.71295628
725.8686558	69.24183192
726.0434083	56.5377458
726.2181623	59.82639606
726.392918	63.65137808
726.5676753	62.55504782
726.7424341	65.44907286
726.9171945	62.05163401
727.0919565	63.81723284
727.2667201	62.07256228
727.4414852	62.69371418
727.616252	54.4830555
727.7910203	64.69673749
727.9657902	72.40962466
728.1405617	64.30499553
728.3153348	59.73878522
728.4901094	79.59091319
728.6648857	73.24216949
728.8396635	68.65793598
729.0144429	63.29649076
729.1892239	68.75436408
729.3640064	62.56934077
729.5387906	68.90911118
729.7135763	48.8333281
729.8883636	45.33827705
730.0631525	57.29773121
730.237943	50.28955114
730.412735	64.25584161
730.5875287	61.65429252
730.7623239	50.21231031
730.9371207	55.32768137
731.1119191	67.50913686
731.2867191	44.5059499
731.4615206	60.63112384
731.6363238	41.96955823
731.8111285	67.03432079
731.9859348	67.21668662
732.1607427	62.3544962
732.3355521	56.82607289
732.5103632	55.864597
732.6851758	45.23349045
732.85999	57.54679255
733.0348058	58.34194145
733.2096232	61.04212547
733.3844421	50.57600863
733.5592627	58.02680723
733.7340848	51.884239
733.9089085	62.0084761
734.0837338	54.00285376
734.2585607	51.37238994
734.4333891	54.91979498
734.6082192	47.56308581
734.7830508	72.70392501
734.957884	60.82829381
735.1327188	54.8884
735.3075551	58.90630261
735.4823931	48.4877294
735.6572326	73.68856041
735.8320737	48.05895755
736.0069164	68.3441512
736.1817607	52.41606061
736.3566065	55.6085148
736.531454	52.57625047
736.706303	49.32490198
736.8811536	40.95843015
737.0560058	69.80977747
737.2308596	48.36027143
737.4057149	53.055788
737.5805718	53.23019102
737.7554304	47.00748766
737.9302905	55.15208546
738.1051521	48.51009832
738.2800154	56.48297653
738.4548803	49.62290621
738.6297467	61.77540918
738.8046147	43.163504
738.9794843	48.51846477
739.1543555	69.66539858
739.3292282	48.48082138
739.5041026	62.69304644
739.6789785	52.37180023
739.853856	50.66234506
740.0287351	54.20837829
740.2036158	53.11677337
740.378498	44.87213289
740.5533818	56.28957794
740.7282673	52.70706075
740.9031543	48.6412058
741.0780428	55.58093073
741.252933	48.04859395
741.4278247	56.61341144
741.6027181	61.23283908
741.777613	50.58449897
741.9525095	52.63133105
742.1274076	61.05903379
742.3023072	44.82965294
742.4772084	42.41974325
742.6521113	43.30835987
742.8270157	47.61298071
743.0019217	30.12285465
743.1768292	56.10004392
743.3517384	52.7268107
743.5266491	38.41761701
743.7015614	46.26350022
743.8764753	59.42607724
744.0513908	39.75596446
744.2263079	50.29820212
744.4012265	67.88489719
744.5761468	37.90299916
744.7510686	48.53313614
744.925992	48.12533176
745.1009169	45.74369827
745.2758435	50.60671692
745.4507716	50.96915057
745.6257013	59.43392873
745.8006327	56.41087038
745.9755655	48.17004697
746.1505	37.63427552
746.3254361	44.7061643
746.5003737	33.00509316
746.6753129	54.23260373
746.8502537	42.83141694
747.0251961	60.4525939
747.2001401	37.44481647
747.3750856	50.72484731
747.5500327	47.12331403
747.7249814	36.40570041
747.8999317	51.01468348
748.0748836	40.26909627
748.2498371	41.40094385
748.4247921	48.42724187
748.5997487	53.98873339
748.7747069	47.62808539
748.9496667	35.25679794
749.1246281	71.42628457
749.299591	37.92546266
749.4745556	38.35388682
749.6495217	50.49721729
749.8244894	35.90981092
749.9994587	43.72266016
750.1744295	39.61683427
750.349402	53.7813387
750.524376	36.72821629
750.6993516	68.51594553
750.8743288	43.01531142
751.0493076	48.71390048
751.2242879	32.85589474
751.3992699	46.8412596
751.5742534	60.81609428
751.7492385	35.59136764
751.9242252	38.83660019
752.0992134	41.8155165
752.2742033	41.63155526
752.4491947	51.95753761
752.6241877	38.93406799
752.7991823	60.2851483
752.9741785	50.89056774
753.1491763	25.73027335
753.3241756	52.33548898
753.4991766	51.80944719
753.6741791	52.27087448
753.8491832	46.24384206
754.0241888	36.59049435
754.1991961	56.34153331
754.3742049	40.13534467
754.5492153	50.72692886
754.7242274	36.80100174
754.8992409	44.9120733
755.0742561	43.35607674
755.2492729	38.66709287
755.4242912	63.33448454
755.5993111	45.98301961
755.7743326	43.6281007
755.9493557	27.63956054
756.1243803	30.33844045
756.2994066	37.94157849
756.4744344	48.7442494
756.6494638	53.69295536
756.8244948	42.62947703
756.9995274	56.70367645
757.1745615	48.87789808
757.3495973	48.77669084
757.5246346	34.84991422
757.6996735	43.27507436
757.874714	32.4511523
758.0497561	43.58255477
758.2247997	39.51478494
758.3998449	46.99072412
758.5748918	41.18042699
758.7499402	31.03839208
758.9249901	38.18232688
759.1000417	46.41485515
759.2750948	33.2837767
759.4501496	52.29948072
759.6252059	45.46348453
759.8002638	54.23711716
759.9753232	41.33917563
760.1503843	44.1300586
760.3254469	50.05963467
760.5005112	49.20095642
760.675577	38.24530514
760.8506443	58.18320398
761.0257133	51.77255738
761.2007839	41.21222304
761.375856	48.08688049
761.5509297	28.40468022
761.726005	41.78546172
761.9010819	41.95217011
762.0761603	47.54430549
762.2512404	31.52333077
762.426322	39.24554128
762.6014052	38.34023109
762.77649	32.81489793
762.9515764	43.39525836
763.1266643	33.69996562
763.3017539	26.76076204
763.476845	46.78644412
763.6519377	28.50447757
763.827032	53.67607028
764.0021278	42.29492048
764.1772253	33.2248355
764.3523243	42.8425804
764.5274249	26.67818497
764.7025271	55.28518531
764.8776309	62.45630563
765.0527363	54.48790665
765.2278432	32.53039903
765.4029517	32.18118903
765.5780619	40.85507451
765.7531735	42.37067945
765.9282868	53.50279806
766.1034017	39.79802112
766.2785181	46.25381496
766.4536361	39.19107015
766.6287557	50.30458147
766.8038769	46.35199098
766.9789997	38.23818814
767.154124	41.23524262
767.32925	43.24388509
767.5043775	39.17679618
767.6795066	51.21501633
767.8546373	33.52992291
768.0297695	30.3004311
768.2049034	36.63855859
768.3800388	54.54995367
768.5551758	45.76536327
768.7303144	29.07024274
768.9054546	47.40698057
769.0805963	20.701406
769.2557396	37.0194839
769.4308846	49.10978413
769.6060311	28.16494934
769.7811791	36.58098955
769.9563288	30.88102994
770.1314801	36.0172591
770.3066329	51.40320467
770.4817873	36.76333127
770.6569433	36.86375967
770.8321009	25.1327449
771.00726	54.13798679
771.1824208	32.40771679
771.3575831	51.85159935
771.532747	47.36725381
771.7079125	51.64087748
771.8830796	43.57226512
772.0582482	52.94662632
772.2334185	44.4781141
772.4085903	33.52846978
772.5837637	39.08940307
772.7589387	48.43443915
772.9341152	32.88272485
773.1092934	34.4401635
773.2844731	44.05920968
773.4596544	50.38990205
773.6348373	30.13427847
773.8100218	46.13059736
773.9852079	26.48281428
774.1603955	37.20197159
774.3355847	53.71060577
774.5107755	39.45436774
774.6859679	36.87496344
774.8611619	45.40766683
775.0363575	38.7172664
775.2115546	46.58497654
775.3867533	39.1395244
775.5619536	45.08176073
775.7371555	27.85102711
775.912359	42.55469202
776.087564	39.27767711
776.2627706	46.39576995
776.4379789	27.350941
776.6131886	61.7923553
776.7884	38.46693663
776.963613	54.34161974
777.1388275	39.87201416
777.3140436	29.11320828
777.4892614	42.83230771
777.6644806	55.18991438
777.8397015	38.59788106
778.014924	60.80982162
778.190148	38.52434421
778.3653736	57.64331829
778.5406008	40.00489243
778.7158296	35.73733411
778.89106	43.98287257
779.0662919	28.93516083
779.2415255	24.07594829
779.4167606	17.85959387
779.5919973	41.11451897
779.7672355	41.11251462
779.9424754	46.71685034
780.1177168	42.70263781
780.2929599	16.66813729
780.4682045	71.81221736
780.6434507	24.98806969
780.8186984	38.80558374
780.9939478	19.72549246
781.1691987	26.14366866
781.3444512	53.60424364
781.5197053	39.04499386
781.694961	54.31716941
781.8702183	46.14040964
782.0454771	17.80773747
782.2207376	47.23717113
782.3959996	48.49082121
782.5712632	54.1233947
782.7465283	55.00333734
782.9217951	61.84415468
783.0970634	42.01711353
783.2723334	45.95266899
783.4476049	45.89256857
783.622878	42.7016567
783.7981526	33.82665639
783.9734289	36.56103429
784.1487067	47.94817276
784.3239861	44.86066272
784.4992671	40.80975985
784.6745497	48.21137838
784.8498339	14.73920366
785.0251196	67.50173864
785.200407	37.65328949
785.3756959	30.34568569
785.5509864	42.83898532
785.7262784	37.05303115
785.9015721	30.48151645
786.0768673	51.37437281
786.2521642	59.57835177
786.4274626	43.23126559
786.6027626	38.82904317
786.7780641	40.92478415
786.9533673	39.82687221
787.128672	42.06607355
787.3039783	55.00084421
787.4792862	68.97646408
787.6545957	41.71090929
787.8299068	44.88630557
788.0052194	44.35007055
788.1805337	61.5415904
788.3558495	59.207653
788.5311669	23.28193357
788.7064858	56.54145436
788.8818064	52.5887309
789.0571285	56.70930201
789.2324523	53.25230485
789.4077776	29.20396694
789.5831045	48.88207545
789.7584329	37.08550427
789.933763	38.273942
790.1090946	42.5536168
790.2844278	54.60887225
790.4597626	63.88187019
790.635099	55.43418003
790.810437	41.69614284
790.9857765	44.28959682
791.1611176	47.12936381
791.3364604	51.38091547
791.5118047	50.75889258
791.6871505	12.72887464
791.862498	56.21022553
792.037847	27.7660141
792.2131976	34.94007629
792.3885499	25.185113
792.5639036	24.97415512
792.739259	42.9253859
792.914616	40.62768714
793.0899745	47.17547105
793.2653346	55.52108997
793.4406963	21.11388384
793.6160596	44.37307344
793.7914245	27.61780784
793.9667909	49.55927694
794.1421589	66.01309798
794.3175285	37.02431719
794.4928997	53.24176999
794.6682725	20.15978849
794.8436469	46.43973884
795.0190228	30.64195637
795.1944003	59.56812299
795.3697794	29.86162158
795.5451601	44.58869203
795.7205424	58.34633674
795.8959262	62.73750858
796.0713117	57.75186263
796.2466987	40.9652134
796.4220873	43.18789745
796.5974775	31.61553935
796.7728692	61.47762885
796.9482626	44.06709527
797.1236575	47.70991172
797.299054	68.50820884
797.4744521	43.60330159
797.6498518	40.03399369
797.825253	45.26864209
798.0006559	29.4158615
798.1760603	60.10540704
798.3514663	57.61671195
798.5268739	36.28028384
798.7022831	46.56019528
798.8776938	44.2588598
799.0531062	50.94790375
799.2285201	54.36897154
799.4039356	49.96960771
799.5793526	43.81017583
799.7547713	55.55131387
799.9301916	29.03571717
800.1056134	62.18818035
800.2810368	32.06717177
800.4564618	20.9221735
800.6318884	48.39152228
800.8073165	29.9754137
800.9827463	58.69146545
801.1581776	43.78772026
801.3336105	57.73559712
801.509045	46.43760666
801.684481	40.61648257
801.8599187	57.20368653
802.0353579	49.96798002
802.2107987	42.08187046
802.3862411	51.1819966
802.5616851	62.81773484
802.7371307	45.85142748
802.9125778	51.30038819
803.0880266	36.45286353
803.2634769	58.15662135
803.4389288	27.77912746
803.6143822	44.77060842
803.7898373	61.89575413
803.9652939	39.57923949
804.1407521	41.49697741
804.3162119	45.29757301
804.4916733	39.77817585
804.6671363	37.63061509
804.8426009	73.20535154
805.018067	22.76815536
805.1935347	31.79410678
805.369004	45.63891636
805.5444749	25.33800402
805.7199473	51.54256773
805.8954214	53.83832038
806.070897	27.74268995
806.2463742	28.91100143
806.421853	57.66966449
806.5973334	42.71037295
806.7728153	55.61897676
806.9482989	47.95505862
807.123784	48.27506121
807.2992707	58.53164418
807.474759	61.28453393
807.6502489	41.84301472
807.8257403	63.24179498
808.0012333	46.33926847
808.176728	76.23621383
808.3522242	33.05108855
808.5277219	31.98862764
808.7032213	55.61966344
808.8787222	53.21400974
809.0542248	38.53744833
809.2297289	49.10539139
809.4052346	61.40820327
809.5807418	51.34405747
809.7562507	44.78599114
809.9317611	80.76332128
810.1072732	35.02004095
810.2827868	78.47582097
810.4583019	43.41790458
810.6338187	53.06098088
810.8093371	64.46787988
810.984857	73.83522333
811.1603785	57.15334768
811.3359016	46.83686559
811.5114263	74.76373958
811.6869525	27.64475422
811.8624804	17.22930956
812.0380098	59.91596564
812.2135408	39.02341838
812.3890734	68.93406445
812.5646076	51.23762956
812.7401433	40.28161583
812.9156807	46.66005468
813.0912196	58.074709
813.2667601	35.35863557
813.4423022	48.69775474
813.6178459	45.24944612
813.7933911	29.3213146
813.9689379	41.35813824
814.1444864	35.05016883
814.3200364	26.94027344
814.4955879	59.75462025
814.6711411	41.97303211
814.8466958	31.82660333
815.0222522	57.03468614
815.1978101	83.78037757
815.3733696	69.04327833
815.5489306	54.79324862
815.7244933	79.82891986
815.9000575	49.46104385
816.0756233	34.06671368
816.2511907	51.03621562
816.4267597	52.84184298
816.6023303	71.56648447
816.7779025	65.72731382
816.9534762	58.65152998
817.1290515	42.82606486
817.3046284	70.3774024
817.4802069	70.48597624
817.6557869	62.85654541
817.8313686	48.32383886
818.0069518	68.84956655
818.1825366	55.8549897
818.358123	55.15117002
818.533711	60.80382369
818.7093005	65.19197311
818.8848917	85.90373827
819.0604844	69.90138365
819.2360787	25.30967625
819.4116746	65.86279029
819.587272	76.98109352
819.7628711	71.02934485
819.9384717	40.92116775
820.1140739	58.59159443
820.2896777	56.17191591
820.4652831	57.00259479
820.6408901	40.72637991
820.8164986	36.3087413
820.9921087	32.76063708
821.1677204	78.89875289
821.3433337	63.23675537
821.5189486	51.10442195
821.6945651	72.41418874
821.8701831	71.39587977
822.0458027	51.18931277
822.2214239	39.8059759
822.3970467	52.01739699
822.5726711	52.7015876
822.748297	83.32855404
822.9239245	56.83035253
823.0995537	71.93220565
823.2751844	54.63830146
823.4508166	90.537834
823.6264505	77.11538009
823.8020859	69.86273822
823.977723	77.50847353
824.1533616	47.07392284
824.3290018	44.04188462
824.5046435	52.75728564
824.6802869	49.27721863
824.8559318	73.69343805
825.0315783	77.58490981
825.2072264	80.48296706
825.3828761	85.01060801
825.5585274	48.36167614
825.7341802	57.31818716
825.9098347	99.26582798
826.0854907	104.3039725
826.2611483	58.48369971
826.4368075	65.53910661
826.6124682	42.64222321
826.7881306	20.11183495
826.9637945	77.39785692
827.13946	50.0175553
827.3151271	65.90488287
827.4907958	60.64857247
827.666466	61.98097405
827.8421378	55.72362786
828.0178113	54.16690303
828.1934863	75.66454577
828.3691628	70.60967606
828.544841	53.59860395
828.7205208	80.29656286
828.8962021	70.5961608
829.071885	51.99299936
829.2475695	65.61182656
829.4232556	72.56849685
829.5989432	27.25926621
829.7746325	43.86316578
829.9503233	65.39524068
830.1260157	62.35916617
830.3017097	47.25800472
830.4774053	76.40968298
830.6531024	97.137423
830.8288012	89.10367985
831.0045015	82.10489283
831.1802034	79.50694817
831.3559069	96.52373001
831.5316119	102.1957541
831.7073186	36.4276156
831.8830268	48.83346397
832.0587366	96.73012228
832.234448	58.72878017
832.410161	45.87739749
832.5858755	63.21210005
832.7615917	78.11174756
832.9373094	73.44781766
833.1130287	85.67125285
833.2887496	100.9366256
833.4644721	62.28640089
833.6401961	76.91902587
833.8159218	109.1984819
833.991649	80.13386471
834.1673778	71.36267835
834.3431082	88.82004554
834.5188401	96.98713133
834.6945737	69.51220957
834.8703088	69.25102906
835.0460455	94.56229628
835.2217838	67.5082483
835.3975237	75.00709337
835.5732652	65.65614295
835.7490082	72.93564272
835.9247528	102.8001868
836.100499	139.6250897
836.2762468	108.7901204
836.4519962	61.01125861
836.6277471	65.417099
836.8034997	59.02953688
836.9792538	123.5792182
837.1550095	51.9294057
837.3307668	40.08344116
837.5065256	56.70395708
837.6822861	71.72584747
837.8580481	101.1300313
838.0338117	80.27086118
838.2095769	104.8575324
838.3853437	125.5260211
838.5611121	49.71014848
838.736882	122.7189152
838.9126535	104.3212903
839.0884266	50.84517093
839.2642013	116.1372875
839.4399776	87.7044129
839.6157554	89.20124219
839.7915349	93.91312546
839.9673159	91.07349864
840.1430985	81.23653795
840.3188827	89.34186635
840.4946684	102.2218208
840.6704558	114.8125554
840.8462447	116.4282338
841.0220352	90.74115132
841.1978273	83.36329543
841.373621	120.573788
841.5494162	54.43098157
841.7252131	67.02349447
841.9010115	49.3670395
842.0768115	34.73636706
842.2526131	50.00564022
842.4284163	47.88411617
842.604221	52.62118546
842.7800274	89.1004728
842.9558353	84.56339863
843.1316448	75.73851219
843.3074559	82.00815107
843.4832685	83.71210732
843.6590828	115.62986
843.8348986	45.23126099
844.010716	102.4440483
844.186535	99.08595452
844.3623556	65.07331904
844.5381777	93.04068403
844.7140015	77.35305496
844.8898268	95.06683348
845.0656537	65.69656907
845.2414822	78.18531596
845.4173123	86.29721394
845.5931439	80.53146595
845.7689771	103.6996018
845.944812	82.2351144
846.1206484	82.48429046
846.2964863	90.61052142
846.4723259	79.58960849
846.6481671	110.3652811
846.8240098	102.693895
846.9998541	110.9905207
847.1757	98.62803619
847.3515475	45.6334361
847.5273965	82.92936382
847.7032472	136.8315201
847.8790994	103.3807347
848.0549532	84.64284729
848.2308086	113.7053022
848.4066655	47.99172587
848.5825241	112.1428233
848.7583842	49.69969339
848.9342459	91.14265271
849.1101092	108.8673948
849.2859741	109.3728466
849.4618406	72.28713389
849.6377086	108.6460193
849.8135783	93.69438041
849.9894495	79.86503748
850.1653223	99.99454679
850.3411966	107.6030148
850.5170726	111.6160121
850.6929501	146.7162114
850.8688293	82.28751435
851.04471	116.9097055
851.2205922	71.23393949
851.3964761	109.5906085
851.5723616	91.75509528
851.7482486	75.66644217
851.9241372	92.54085034
852.1000274	161.4752173
852.2759192	95.04037249
852.4518126	88.28780405
852.6277075	89.13130669
852.803604	124.8820866
852.9795021	91.65718891
853.1554018	101.4202391
853.3313031	101.8955189
853.507206	91.31883268
853.6831104	89.20034053
853.8590164	89.64067367
854.034924	91.01342368
854.2108332	100.6317317
854.386744	110.5377962
854.5626563	113.7018049
854.7385703	95.76618888
854.9144858	54.33049294
855.0904029	107.0604314
855.2663216	135.148306
855.4422418	117.7479379
855.6181637	127.3378106
855.7940871	121.9163235
855.9700121	85.36946116
856.1459387	51.9728079
856.3218669	103.5419046
856.4977966	117.0853994
856.673728	75.27718038
856.8496609	94.93886641
857.0255954	96.90346646
857.2015315	136.1171383
857.3774691	103.0379477
857.5534084	113.1829708
857.7293492	115.6246794
857.9052916	127.7285864
858.0812356	116.301566
858.2571812	104.1971357
858.4331284	48.74598633
858.6090771	118.5483068
858.7850275	90.17675106
858.9609794	94.5288074
859.1369329	113.7816576
859.3128879	116.9972736
859.4888446	124.1121104
859.6648028	108.503574
859.8407626	109.2185535
860.0167241	136.7798122
860.192687	146.5807808
860.3686516	104.7698236
860.5446178	132.1898784
860.7205855	100.6717141
860.8965548	122.6358445
861.0725257	108.5479048
861.2484982	87.85185748
861.4244722	91.71099566
861.6004479	81.03318575
861.7764251	133.2917076
861.9524039	129.8472924
862.1283843	101.4360351
862.3043663	95.44549466
862.4803498	89.22905425
862.656335	99.36857044
862.8323217	105.7384809
863.00831	129.0335523
863.1842999	88.23434441
863.3602914	124.6170185
863.5362844	196.7798121
863.712279	127.1231033
863.8882753	66.51922405
864.0642731	144.240239
864.2402724	126.0840861
864.4162734	145.3145486
864.5922759	126.9685482
864.7682801	73.81159445
864.9442858	154.1910216
865.1202931	115.5394377
865.2963019	154.9994493
865.4723124	102.3544251
865.6483244	109.0443488
865.824338	96.02321234
866.0003533	105.909787
866.17637	86.26000425
866.3523884	127.3446874
866.5284084	133.1036198
866.7044299	110.0393943
866.880453	112.8995444
867.0564777	124.7522332
867.232504	168.4574152
867.4085318	112.6928716
867.5845613	151.670022
867.7605923	114.1514837
867.9366249	124.4379604
868.1126591	77.19988699
868.2886949	114.5635728
868.4647322	112.5554727
868.6407712	110.1569314
868.8168117	115.9819619
868.9928538	114.9798565
869.1688975	102.8507822
869.3449427	150.260618
869.5209896	122.3545965
869.697038	186.4795783
869.873088	144.5795058
870.0491396	213.6839178
870.2251928	27.03257636
870.4012476	183.8873018
870.5773039	55.94919657
870.7533618	134.3751366
870.9294214	119.7139089
871.1054824	182.814664
871.2815451	105.1458876
871.4576094	147.0834105
871.6336752	126.9983231
871.8097426	106.7557436
871.9858116	151.4887968
872.1618822	184.487349
872.3379544	122.6138222
872.5140281	114.7850837
872.6901035	120.3335389
872.8661804	186.8858348
873.0422589	131.3925388
873.2183389	161.538107
873.3944206	187.3402172
873.5705039	189.9179153
873.7465887	128.4322986
873.9226751	148.6777517
874.0987631	188.7689777
874.2748526	134.7212671
874.4509438	159.1636739
874.6270365	145.3793707
874.8031309	121.7307643
874.9792268	112.7999075
875.1553242	120.1595843
875.3314233	196.5224371
875.507524	149.1204099
875.6836262	136.390792
875.85973	150.2491436
876.0358354	161.225831
876.2119424	130.8344775
876.3880509	164.6674971
876.5641611	137.1441352
876.7402728	155.9984613
876.9163861	133.230657
877.092501	188.6597408
877.2686175	144.4674935
877.4447355	191.9060862
877.6208552	148.4318464
877.7969764	122.8313376
877.9730992	210.8618725
878.1492236	195.208713
878.3253495	168.2206276
878.5014771	137.8660011
878.6776062	94.90633843
878.8537369	154.0442729
879.0298692	169.3018114
879.2060031	131.6819608
879.3821386	162.436597
879.5582756	150.2185986
879.7344142	168.9380539
879.9105544	145.032124
880.0866962	101.9095766
880.2628396	114.5238089
880.4389845	124.089421
880.6151311	172.1658119
880.7912792	33.70804871
880.9674289	117.915321
881.1435802	187.690731
881.3197331	234.0393553
881.4958875	161.4219712
881.6720435	178.2442726
881.8482011	155.0344755
882.0243603	158.2926763
882.2005211	131.57074
882.3766835	176.4871321
882.5528474	157.3092373
882.7290129	191.3256052
882.90518	195.1270708
883.0813487	221.5300263
883.257519	115.9460126
883.4336909	184.9045397
883.6098643	187.0988834
883.7860393	138.2842057
883.9622159	134.1666518
884.1383941	183.1032913
884.3145739	178.4499629
884.4907552	165.6770004
884.6669381	105.3297917
884.8431227	197.7968878
885.0193087	95.30255939
885.1954964	242.0308932
885.3716857	239.8363128
885.5478765	219.9192203
885.724069	144.2387541
885.900263	222.9783419
886.0764585	105.7300717
886.2526557	101.8707073
886.4288545	168.8546204
886.6050548	162.487598
886.7812567	223.7575643
886.9574602	168.6305886
887.1336653	146.4498628
887.309872	156.6201175
887.4860802	165.9662123
887.66229	197.9832311
887.8385015	184.6034758
888.0147145	195.8503092
888.190929	214.732971
888.3671452	161.0270335
888.5433629	122.5893394
888.7195823	231.660678
888.8958032	176.5548483
889.0720256	231.2534924
889.2482497	59.88558172
889.4244754	116.4581659
889.6007026	122.1401679
889.7769314	174.4578904
889.9531618	188.4439773
890.1293938	149.8760027
890.3056274	110.166016
890.4818625	178.6998021
890.6580992	202.9353825
890.8343376	216.7982766
891.0105775	233.9224956
891.1868189	137.4737833
891.363062	190.2721981
891.5393066	63.38603206
891.7155529	177.8475105
891.8918007	96.3057974
892.06805	173.8066936
892.244301	199.6172397
892.4205536	149.4446143
892.5968077	272.399096
892.7730634	278.1933697
892.9493207	195.9502684
893.1255796	173.4211463
893.3018401	150.8608781
893.4781021	132.5935406
893.6543657	204.3709283
893.830631	265.3453973
894.0068977	151.3755456
894.1831661	128.1293333
894.3594361	130.4537301
894.5357076	183.5065485
894.7119807	295.8045998
894.8882555	197.1606169
895.0645317	195.2941273
895.2408096	131.4941951
895.4170891	172.8648412
895.5933701	178.0596932
895.7696527	163.4310407
895.9459369	221.4185998
896.1222227	239.6480063
896.2985101	188.8997642
896.474799	197.841628
896.6510895	169.4874193
896.8273816	202.1294236
897.0036753	209.4868979
897.1799706	264.3740329
897.3562675	139.5725059
897.5325659	222.3115008
897.7088659	259.9153454
897.8851675	181.41694
898.0614707	110.4855517
898.2377755	122.5479245
898.4140818	196.7552245
898.5903898	222.1184193
898.7666993	259.9763297
898.9430104	225.1847395
899.1193231	183.4919691
899.2956373	196.8163049
899.4719532	247.6064254
899.6482706	229.3849427
899.8245896	350.042611
