360.1506696	93.94613863
360.3220786	165.8778861
360.4934893	0
360.6649015	42.56421993
360.8363152	54.21057966
361.0077306	43.18991819
361.1791475	46.34547437
361.3505661	75.28654339
361.5219862	63.49936157
361.6934079	62.38887801
361.8648311	45.32897448
362.036256	70.72085609
362.2076824	63.0590978
362.3791104	41.54256867
362.55054	68.29658119
362.7219712	125.4104734
362.893404	79.32541879
363.0648383	3.714163386
363.2362743	55.51571039
363.4077118	65.25044602
363.5791509	34.9731134
363.7505915	98.4868889
363.9220338	105.2470286
364.0934776	45.17206331
364.2649231	54.32709095
364.4363701	71.81104764
364.6078187	59.70894311
364.7792688	50.89923226
364.9507206	53.96737338
365.1221739	57.14865446
365.2936288	57.6837117
365.4650853	82.01831586
365.6365434	5.260560585
365.8080031	1.753726978
365.9794643	77.64459611
366.1509272	85.87879164
366.3223916	76.74733019
366.4938576	125.0804903
366.6653252	57.93255688
366.8367943	62.81520492
367.0082651	74.59421669
367.1797374	68.52018907
367.3512113	118.0799903
367.5226868	55.24778981
367.6941638	95.56688404
367.8656425	55.20069566
368.0371227	63.04721127
368.2086046	34.91216713
368.380088	25.0934683
368.5515729	8.364680634
368.7230595	59.46229269
368.8945477	53.41157135
369.0660374	204.9732609
369.2375287	65.05734397
369.4090216	151.385776
369.5805161	151.9585649
369.7520121	44.15170113
369.9235098	152.1678314
370.095009	141.0268309
370.2665098	242.4259514
370.4380122	116.9216712
370.6095162	61.93436879
370.7810217	21.2595283
370.9525288	75.77926725
371.1240376	38.62951918
371.2955479	81.17238982
371.4670597	78.39272492
371.6385732	51.06719403
371.8100883	89.08198309
371.9816049	73.60951202
372.1531231	0
372.3246429	0
372.4961643	43.22057025
372.6676872	13.13111807
372.8392118	88.75932009
373.0107379	75.17037932
373.1822656	41.39491291
373.3537949	42.01937179
373.5253257	27.7267157
373.6968582	52.45676895
373.8683922	111.0929954
374.0399279	97.26123005
374.2114651	0
374.3830038	87.75744089
374.5545442	81.92834291
374.7260861	49.31664643
374.8976297	35.7334216
375.0691748	37.46364883
375.2407215	48.80322402
375.4122698	65.32843151
375.5838196	17.81039578
375.7553711	110.2865613
375.9269241	12.0182443
376.0984787	133.9598246
376.2700349	96.09427229
376.4415926	46.72928656
376.613152	19.69171012
376.7847129	74.74598604
376.9562754	60.77674081
377.1278395	32.727585
377.2994052	46.5292555
377.4709725	61.89482454
377.6425413	81.0148382
377.8141118	50.54902089
377.9856838	90.04268699
378.1572574	65.87352839
378.3288325	85.62809671
378.5004093	84.7068259
378.6719876	245.9932141
378.8435676	105.7033979
379.0151491	104.66689
379.1867322	148.5360767
379.3583168	91.32247048
379.5299031	68.39656541
379.7014909	60.90790001
379.8730803	97.72304976
380.0446713	111.6240878
380.2162639	45.09287602
380.3878581	68.63064857
380.5594538	93.72504272
380.7310511	75.73704008
380.9026501	104.7564022
381.0742506	111.2829237
381.2458526	53.77627964
381.4174563	194.1117575
381.5890615	312.6707273
381.7606683	83.72859856
381.9322768	99.46287497
382.1038867	37.82720858
382.2754983	141.3741572
382.4471115	53.19571062
382.6187262	91.1331082
382.7903425	0
382.9619604	13.72708584
383.1335799	97.56898414
383.305201	91.25705943
383.4768236	99.9729875
383.6484478	41.23874027
383.8200736	90.52477272
383.991701	160.2382169
384.16333	51.77860802
384.3349606	100.414121
384.5065927	147.1459796
384.6782264	68.65957817
384.8498617	47.7777412
385.0214986	158.6766192
385.1931371	65.88686013
385.3647771	117.9859857
385.5364188	150.2434165
385.708062	150.0324047
385.8797068	158.6612025
386.0513532	202.9014334
386.2230011	26.05164523
386.3946507	203.1410407
386.5663018	85.50479292
386.7379545	97.44904512
386.9096088	51.72834439
387.0812647	97.1490224
387.2529221	76.60100794
387.4245812	181.597344
387.5962418	45.83199881
387.767904	96.04402838
387.9395678	56.07612111
388.1112332	78.89644288
388.2829001	0
388.4545686	37.5166622
388.6262388	53.1102077
388.7979105	175.0945261
388.9695837	57.86071591
389.1412586	35.14412873
389.312935	62.6629077
389.4846131	22.57500981
389.6562927	27.8841858
389.8279739	38.18723539
389.9996566	119.7773879
390.171341	19.46276351
390.3430269	0
390.5147145	58.87578722
390.6864036	51.96340122
390.8580942	36.10945331
391.0297865	72.78860243
391.2014804	18.8286888
391.3731758	109.596828
391.5448728	109.882438
391.7165714	143.3336977
391.8882716	143.9161898
392.0599734	38.86324618
392.2316767	210.3321048
392.4033816	46.18931974
392.5750881	27.98444848
392.7467962	104.5517996
392.9185059	139.534919
393.0902172	54.31619618
393.26193	49.07646383
393.4336444	30.5730146
393.6053604	141.7607292
393.777078	119.1716619
393.9487972	115.5287541
394.1205179	149.7042026
394.2922403	76.30394345
394.4639642	80.69302301
394.6356897	85.86006497
394.8074167	48.3015448
394.9791454	54.51202596
395.1508757	69.35450724
395.3226075	44.25051342
395.4943409	103.5467072
395.6660759	57.24762734
395.8378125	8.091399047
396.0095506	116.3182875
396.1812903	16.91520443
396.3530317	73.01372174
396.5247746	55.75087838
396.6965191	111.5608846
396.8682651	59.73200919
397.0400128	104.0748172
397.211762	12.94242728
397.3835128	86.68407031
397.5552652	40.01492693
397.7270192	69.19489428
397.8987748	0
398.0705319	15.4412698
398.2422906	80.17282501
398.4140509	83.17282688
398.5858128	35.46003648
398.7575763	74.91205388
398.9293414	71.21091263
399.101108	97.89654093
399.2728762	101.6870943
399.444646	66.52843051
399.6164174	95.22215089
399.7881904	123.1947359
399.9599649	84.58287761
400.1317411	44.25172605
400.3035188	41.26376026
400.4752981	99.12013818
400.6470789	82.24366769
400.8188614	88.04892384
400.9906454	66.96164331
401.1624311	84.88016724
401.3342183	157.6256294
401.5060071	110.8854227
401.6777974	69.5706945
401.8495894	51.65132624
402.0213829	48.52829878
402.1931781	61.07591284
402.3649748	69.86301615
402.536773	124.4556857
402.7085729	114.4049105
402.8803744	40.64515124
403.0521774	33.78045128
403.223982	106.3275176
403.3957882	21.26832891
403.567596	98.77569132
403.7394053	80.80309817
403.9112163	101.6112981
404.0830288	74.76056616
404.2548429	35.5520548
404.4266586	36.64932269
404.5984759	79.10090045
404.7702947	109.3419314
404.9421152	44.96384284
405.1139372	31.69128439
405.2857608	0
405.457586	51.93397081
405.6294127	19.79384904
405.8012411	57.95862213
405.973071	86.60293436
406.1449025	5.058455318
406.3167356	72.68068503
406.4885703	76.2585802
406.6604066	0
406.8322444	38.2006964
407.0040838	85.64754249
407.1759249	57.88065851
407.3477674	77.48188829
407.5196116	107.0853498
407.6914574	39.91752025
407.8633047	77.67738714
408.0351536	31.33480061
408.2070041	34.37064043
408.3788562	61.08497686
408.5507099	67.83434075
408.7225651	92.60869488
408.894422	33.02261417
409.0662804	67.43212514
409.2381404	45.44491934
409.4100019	29.86728733
409.5818651	0
409.7537298	57.71207293
409.9255962	89.95538026
410.0974641	62.60490641
410.2693336	48.58661616
410.4412046	87.79410622
410.6130773	89.56364666
410.7849515	56.98888305
410.9568274	82.94576493
411.1287048	81.40088689
411.3005837	90.17967918
411.4724643	36.20032382
411.6443464	15.60501712
411.8162302	58.52796293
411.9881155	55.13594823
412.1600024	55.7782981
412.3318909	0
412.5037809	32.16537645
412.6756726	85.75111378
412.8475658	75.14989948
413.0194606	49.01179599
413.191357	83.38447521
413.363255	0
413.5351545	82.09302075
413.7070557	118.8239711
413.8789584	95.05857733
414.0508627	102.332609
414.2227686	88.82370087
414.394676	88.80354449
414.5665851	60.53859745
414.7384957	83.09468463
414.9104079	43.29983037
415.0823217	61.63212807
415.2542371	92.24212192
415.426154	78.85980874
415.5980726	73.82490343
415.7699927	50.01147173
415.9419144	77.54169063
416.1138377	64.37938069
416.2857626	5.990170049
416.457689	76.31982592
416.6296171	75.46682239
416.8015467	0
416.9734779	92.43919526
417.1454107	39.28280328
417.317345	77.6529079
417.489281	54.32595863
417.6612185	59.81575194
417.8331576	113.0585212
418.0050983	26.19249224
418.1770406	77.92761107
418.3489845	86.92519769
418.5209299	106.0734783
418.6928769	78.30285771
418.8648255	43.84118799
419.0367757	44.73676361
419.2087275	140.9427618
419.3806808	84.67681331
419.5526358	76.08733935
419.7245923	97.2400022
419.8965504	123.7768131
420.0685101	65.50048169
420.2404713	90.73932171
420.4124342	109.4761425
420.5843986	87.75729042
420.7563646	96.76409302
420.9283322	81.31434278
421.1003014	82.33891673
421.2722722	110.4587822
421.4442445	76.76901992
421.6162184	16.14216398
421.7881939	73.1627382
421.960171	77.5360007
422.1321497	51.44213632
422.3041299	83.97364097
422.4761118	95.67961813
422.6480952	85.7540211
422.8200802	97.51334347
422.9920668	43.25505988
423.1640549	78.34220133
423.3360447	78.77118514
423.508036	96.12679594
423.6800289	84.48407106
423.8520234	100.7326886
424.0240195	47.96808684
424.1960172	104.1255406
424.3680164	49.77029028
424.5400172	64.37735246
424.7120196	95.92967551
424.8840236	63.22926504
425.0560292	67.63960152
425.2280363	165.7712174
425.4000451	103.9614909
425.5720554	61.5536135
425.7440673	77.8825369
425.9160808	116.4791716
426.0880958	89.86310882
426.2601125	137.4909601
426.4321307	70.7121517
426.6041505	103.8731516
426.7761719	68.60044641
426.9481949	102.3992983
427.1202194	76.85543695
427.2922456	114.3705466
427.4642733	133.2559475
427.6363026	126.2903149
427.8083335	109.1614474
427.980366	85.27334983
428.1524	85.99516999
428.3244357	115.8486917
428.4964729	119.4520133
428.6685117	148.1816578
428.8405521	136.848353
429.012594	120.7116969
429.1846376	120.7199752
429.3566827	106.6799436
429.5287294	123.1039213
429.7007777	125.7738178
429.8728276	82.98081475
430.044879	87.36146947
430.2169321	130.5006253
430.3889867	168.8994714
430.5610429	144.4267064
430.7331007	135.5659708
430.9051601	106.8814207
431.077221	90.17858337
431.2492835	144.0138524
431.4213477	132.1095485
431.5934134	108.4657313
431.7654806	183.5078578
431.9375495	144.8695925
432.10962	98.79489018
432.281692	117.2301858
432.4537656	122.9169016
432.6258408	147.9925886
432.7979176	112.9403225
432.9699959	122.7105873
433.1420759	79.80512963
433.3141574	127.3073613
433.4862405	135.5459404
433.6583252	150.0641712
433.8304114	174.0602405
434.0024993	177.7994183
434.1745887	171.1427729
434.3466797	126.1843816
434.5187723	173.2621257
434.6908665	128.9764719
434.8629623	119.24264
435.0350596	142.2657923
435.2071586	143.9403544
435.3792591	182.6972915
435.5513612	167.0674409
435.7234648	190.6985881
435.8955701	182.8362078
436.0676769	187.6878627
436.2397854	191.0260594
436.4118954	168.8538458
436.5840069	191.327573
436.7561201	198.3089579
436.9282349	171.6925292
437.1003512	190.0980477
437.2724691	201.4901196
437.4445886	164.7144993
437.6167097	223.4887286
437.7888324	216.3441982
437.9609566	175.1642475
438.1330824	195.8007345
438.3052098	204.904637
438.4773388	214.2364113
438.6494694	242.3438956
438.8216016	235.2400992
438.9937353	206.4678715
439.1658706	226.8575241
439.3380075	237.4939331
439.510146	215.1506634
439.6822861	251.8432631
439.8544277	219.0081357
440.026571	217.4066859
440.1987158	269.4272825
440.3708622	288.1735892
440.5430102	331.9409113
440.7151597	283.7923375
440.8873109	259.678666
441.0594636	258.8928039
441.2316179	241.1049228
441.4037738	255.387272
441.5759313	303.9683622
441.7480903	299.2145321
441.920251	241.4753653
442.0924132	279.060987
442.264577	269.0719041
442.4367424	297.2335415
442.6089093	295.3757287
442.7810779	334.145723
442.953248	329.8266242
443.1254197	303.6185683
443.297593	339.9504908
443.4697679	345.6917115
443.6419444	307.9901686
443.8141224	325.5602629
443.9863021	353.9259611
444.1584833	367.876203
444.3306661	392.5005546
444.5028504	397.252318
444.6750364	368.6012401
444.8472239	356.892362
445.019413	414.3091759
445.1916038	365.8766686
445.363796	411.5892368
445.5359899	405.386037
445.7081854	457.6436353
445.8803824	415.3176544
446.052581	430.9350388
446.2247812	451.8671506
446.396983	476.6477657
446.5691863	443.0931729
446.7413913	481.038475
446.9135978	464.4666152
447.0858059	518.8349732
447.2580156	500.4880867
447.4302269	491.10733
447.6024397	515.2847926
447.7746542	527.8402674
447.9468702	595.4037296
448.1190878	535.7264847
448.291307	586.1993887
448.4635278	565.3976626
448.6357501	609.5636921
448.807974	628.7030362
448.9801996	589.3501175
449.1524266	666.3232807
449.3246553	612.5711546
449.4968856	649.1516093
449.6691174	639.6058843
449.8413509	676.4929132
450.0135859	664.8247067
450.1858225	703.0812465
450.3580606	666.4548273
450.5303004	677.0572689
450.7025417	696.2499593
450.8747846	726.8962904
451.0470291	827.3060539
451.2192752	793.6965671
451.3915229	714.4173074
451.5637722	785.2295312
451.736023	747.0469714
451.9082754	806.2046939
452.0805294	814.4040532
452.252785	823.9496314
452.4250421	864.8411299
452.5973009	789.1837731
452.7695612	840.0201068
452.9418231	846.4611735
453.1140866	847.4000825
453.2863517	846.7996623
453.4586183	847.3625577
453.6308866	855.9766461
453.8031564	896.4163584
453.9754278	853.1834016
454.1477008	887.401377
454.3199753	899.7307373
454.4922515	867.0110858
454.6645292	901.5158284
454.8368085	908.1909485
455.0090894	904.852203
455.1813719	946.2650156
455.353656	863.7142398
455.5259416	923.707516
455.6982288	890.7111854
455.8705176	913.9042748
456.042808	868.6702373
456.2151	926.9056174
456.3873936	930.7028593
456.5596887	895.8423141
456.7319854	886.3274529
456.9042837	894.2261503
457.0765836	904.0051458
457.2488851	856.6875861
457.4211881	911.9340741
457.5934928	889.9036349
457.765799	833.3912976
457.9381068	885.8326228
458.1104161	853.8757704
458.2827271	787.6140348
458.4550396	799.5400567
458.6273538	830.2435487
458.7996695	838.8183972
458.9719868	792.8849743
459.1443056	752.4629143
459.3166261	781.3496643
459.4889481	760.1432786
459.6612718	755.0789552
459.833597	767.9869502
460.0059237	744.5371733
460.1782521	733.1716076
460.3505821	716.0637442
460.5229136	701.9801658
460.6952467	722.7089334
460.8675814	701.8713351
461.0399177	700.0366039
461.2122555	682.747373
461.384595	708.9160112
461.556936	695.3322567
461.7292786	698.9893838
461.9016228	654.2539485
462.0739686	653.9142051
462.2463159	622.2421383
462.4186649	620.7721934
462.5910154	672.0335196
462.7633675	621.2163414
462.9357212	628.8687145
463.1080764	599.2485151
463.2804333	590.4574919
463.4527917	610.3992662
463.6251517	596.2485365
463.7975133	575.8759653
463.9698765	583.1193406
464.1422413	589.0778526
464.3146076	578.0951492
464.4869755	602.4036176
464.659345	571.018448
464.8317161	591.3829268
465.0040888	590.9652914
465.176463	558.3709222
465.3488389	525.281575
465.5212163	586.5329089
465.6935953	525.8118076
465.8659759	509.6322736
466.038358	547.7161356
466.2107418	543.4083745
466.3831271	530.5703961
466.555514	536.9196731
466.7279025	540.7173173
466.9002926	500.2666576
467.0726843	536.0262569
467.2450775	527.7492516
467.4174723	535.2743496
467.5898687	519.0583334
467.7622667	505.3861829
467.9346663	536.9221384
468.1070675	534.2527157
468.2794702	556.7891967
468.4518745	483.8884609
468.6242804	505.0816945
468.7966879	516.5304935
468.969097	492.1879834
469.1415076	482.3547538
469.3139198	496.2355426
469.4863336	507.707272
469.658749	466.4754237
469.831166	500.0952282
470.0035846	536.7885901
470.1760047	512.6114594
470.3484264	503.351075
470.5208497	478.4968678
470.6932746	493.3978297
470.8657011	467.1592089
471.0381292	468.8871336
471.2105588	480.0069828
471.38299	459.5007377
471.5554228	481.9330351
471.7278572	471.2664243
471.9002932	472.6018341
472.0727307	440.9116973
472.2451698	430.0462381
472.4176106	452.610524
472.5900528	451.7369974
472.7624967	453.6587069
472.9349422	464.4922565
473.1073892	469.0440032
473.2798378	444.5448153
473.4522881	456.0008757
473.6247398	431.6008966
473.7971932	450.2101473
473.9696482	441.2487409
474.1421047	419.3116791
474.3145628	405.8540094
474.4870225	390.5038295
474.6594838	417.1880348
474.8319467	442.0461934
475.0044111	395.3372073
475.1768771	394.3904847
475.3493448	435.2029355
475.5218139	393.5389621
475.6942847	399.8760026
475.8667571	400.4276677
476.039231	396.2613592
476.2117065	376.8076692
476.3841836	369.8021688
476.5566623	383.0922774
476.7291426	388.0118703
476.9016245	381.4535979
477.0741079	364.934737
477.2465929	391.7593947
477.4190795	347.8259034
477.5915677	348.7009523
477.7640575	353.7196112
477.9365488	348.6803225
478.1090417	386.1358835
478.2815362	340.8775078
478.4540323	335.6115011
478.62653	342.8988896
478.7990293	353.0245105
478.9715301	352.6177522
479.1440325	351.2702499
479.3165365	297.6737
479.4890421	353.7591453
479.6615493	349.227104
479.834058	318.6745312
480.0065684	338.9039649
480.1790803	314.1896123
480.3515938	348.4421903
480.5241089	317.8527653
480.6966255	366.3601383
480.8691438	340.2619778
481.0416636	324.5955401
481.214185	331.8965928
481.386708	308.2844605
481.5592326	321.5801587
481.7317588	308.7343023
481.9042865	298.8774169
482.0768158	336.3840014
482.2493467	298.4720157
482.4218792	329.3373076
482.5944133	293.8815676
482.7669489	331.8618665
482.9394862	278.5732987
483.112025	326.9379225
483.2845654	321.0701896
483.4571074	310.4285846
483.6296509	300.2800911
483.8021961	300.2604169
483.9747428	283.1346846
484.1472911	319.3995455
484.319841	312.5934826
484.4923925	296.5288445
484.6649455	308.8552321
484.8375002	341.9280422
485.0100564	291.1003654
485.1826142	326.9018874
485.3551736	311.5547419
485.5277346	321.5161146
485.7002971	293.7732152
485.8728612	308.6591836
486.045427	325.9125761
486.2179943	321.2932623
486.3905631	296.4762182
486.5631336	306.2159317
486.7357057	330.247918
486.9082793	324.4423121
487.0808545	322.098506
487.2534313	322.6820419
487.4260097	303.4728882
487.5985896	313.8260562
487.7711712	322.1947128
487.9437543	320.4777108
488.116339	304.633691
488.2889253	314.2656856
488.4615131	293.9141437
488.6341026	326.9405702
488.8066936	331.1666298
488.9792862	331.9710306
489.1518804	322.8712162
489.3244762	334.4276485
489.4970736	298.3709015
489.6696725	321.1784208
489.8422731	326.2892551
490.0148752	320.5689093
490.1874789	311.828062
490.3600841	303.0535417
490.532691	303.9204103
490.7052994	327.488965
490.8779094	302.0110376
491.050521	321.9485715
491.2231342	334.3806348
491.395749	313.4455581
491.5683654	301.1778596
491.7409833	306.5063252
491.9136028	313.9050078
492.0862239	302.0908519
492.2588466	306.041472
492.4314708	321.1792429
492.6040967	343.5349409
492.7767241	314.1165167
492.9493531	331.7510989
493.1219837	309.4943197
493.2946159	315.5334014
493.4672496	316.5714582
493.639885	328.7092163
493.8125219	302.3363997
493.9851604	309.6003412
494.1578005	303.3026428
494.3304422	298.3935116
494.5030854	288.500841
494.6757302	310.0539731
494.8483767	318.3117823
495.0210247	324.2153247
495.1936742	306.09731
495.3663254	291.0928795
495.5389781	292.8867627
495.7116325	318.3694336
495.8842884	318.9957203
496.0569459	312.8312624
496.229605	314.9307043
496.4022656	337.0702514
496.5749278	310.2601798
496.7475917	304.037346
496.9202571	306.5641153
497.0929241	295.6279718
497.2655926	327.4077676
497.4382628	321.7610508
497.6109345	298.4967272
497.7836078	312.6114582
497.9562827	305.5728504
498.1289592	321.6361072
498.3016373	344.3281565
498.4743169	330.9787106
498.6469981	321.8569814
498.8196809	333.4495349
498.9923653	319.0307421
499.1650513	313.6908669
499.3377389	314.9196279
499.510428	323.7378339
499.6831187	330.18029
499.855811	317.9360435
500.0285049	319.3778826
500.2012004	313.5142055
500.3738974	309.6930608
500.5465961	314.0912758
500.7192963	319.5859197
500.8919981	341.7594013
501.0647014	311.7140545
501.2374064	306.4950518
501.410113	315.6644235
501.5828211	350.0629599
501.7555308	311.6447904
501.9282421	336.4231851
502.100955	341.8908247
502.2736694	320.7120655
502.4463854	320.3006388
502.6191031	331.8606683
502.7918223	300.0984675
502.9645431	316.0424126
503.1372654	314.6168729
503.3099894	330.4176906
503.4827149	317.8525102
503.655442	300.7831377
503.8281707	329.4175481
504.000901	329.7402202
504.1736329	335.2209063
504.3463663	328.0484223
504.5191013	327.2113975
504.6918379	341.59675
504.8645761	325.867525
505.0373159	329.8898328
505.2100572	316.8355112
505.3828002	340.5136009
505.5555447	309.1346488
505.7282908	323.4985963
505.9010385	323.5497463
506.0737878	322.7764638
506.2465386	329.0284824
506.419291	337.3307111
506.5920451	331.9309851
506.7648006	337.6857308
506.9375578	333.3984249
507.1103166	324.7696606
507.2830769	308.0369695
507.4558389	321.4850541
507.6286024	325.6399786
507.8013675	311.9969807
507.9741341	326.6059954
508.1469024	302.2881508
508.3196722	329.466493
508.4924436	308.6722946
508.6652166	339.1169287
508.8379912	333.488874
509.0107674	303.7900067
509.1835451	294.927527
509.3563245	342.6085078
509.5291054	341.2847605
509.7018879	316.3303603
509.874672	320.1306972
510.0474576	320.1685774
510.2202449	313.1698937
510.3930337	326.6970954
510.5658241	304.1352216
510.7386161	317.6166331
510.9114097	326.1585218
511.0842048	307.5576529
511.2570015	328.1195575
511.4297999	327.448428
511.6025998	301.3132135
511.7754013	325.5015321
511.9482043	310.5008462
512.121009	326.1040869
512.2938152	292.3254674
512.466623	320.4232887
512.6394324	320.2139545
512.8122434	321.5353133
512.9850559	302.4044514
513.1578701	320.8987146
513.3306858	329.1753383
513.5035031	323.6493868
513.676322	322.5904495
513.8491425	338.6358346
514.0219645	327.6000662
514.1947882	324.3773077
514.3676134	294.6811736
514.5404402	324.8103039
514.7132686	316.8159267
514.8860985	325.6731782
515.0589301	335.7749631
515.2317632	311.965559
515.4045979	329.9667928
515.5774342	310.3757417
515.7502721	310.7429858
515.9231116	307.9095395
516.0959526	321.1358062
516.2687952	324.6889425
516.4416394	313.2456548
516.6144852	311.2685348
516.7873326	295.484197
516.9601816	313.8216914
517.1330321	319.8507474
517.3058842	305.4970259
517.4787379	325.726541
517.6515932	322.5163733
517.8244501	304.9684985
517.9973085	297.3815974
518.1701685	311.051811
518.3430302	319.2391611
518.5158933	297.3624218
518.6887581	332.5321006
518.8616245	320.1975387
519.0344924	308.8055718
519.2073619	310.1738077
519.3802331	309.0245565
519.5531057	312.5528245
519.72598	317.2262581
519.8988559	297.7770142
520.0717333	293.3279738
520.2446123	320.4772421
520.4174929	306.3140983
520.5903751	314.6671919
520.7632589	314.8783367
520.9361442	308.5527444
521.1090311	307.6796705
521.2819197	316.0490369
521.4548098	315.5810126
521.6277014	299.3066772
521.8005947	301.6179841
521.9734895	310.437328
522.146386	297.5853012
522.319284	303.0499123
522.4921836	310.4929422
522.6650847	296.9550952
522.8379875	300.8002327
523.0108918	309.7509642
523.1837977	309.3280428
523.3567052	319.3922022
523.5296143	298.8897898
523.702525	290.1064292
523.8754372	304.0019394
524.0483511	298.5233076
524.2212665	300.3937701
524.3941835	291.3133083
524.567102	304.5672558
524.7400222	312.4180341
524.9129439	310.5517077
525.0858673	316.3158229
525.2587922	312.1832968
525.4317187	309.1800252
525.6046467	312.6201094
525.7775764	316.7578143
525.9505076	303.6161333
526.1234404	291.6135591
526.2963748	299.6315684
526.4693108	300.9764313
526.6422484	310.0022814
526.8151875	303.6099031
526.9881283	309.4238037
527.1610706	292.8911856
527.3340145	301.496381
527.5069599	290.4972817
527.679907	300.1082898
527.8528556	286.657605
528.0258059	306.1022703
528.1987577	287.8799554
528.371711	306.7244362
528.544666	295.0430124
528.7176226	299.6595138
528.8905807	294.4836981
529.0635404	295.6863418
529.2365017	290.5435861
529.4094646	305.5094856
529.5824291	297.53592
529.7553951	292.2117538
529.9283627	313.9325419
530.101332	311.5622058
530.2743027	285.8873992
530.4472751	293.7705161
530.6202491	299.4311599
530.7932246	313.1605068
530.9662017	290.5749185
531.1391805	314.3444754
531.3121607	316.1165465
531.4851426	298.06593
531.6581261	298.0888852
531.8311111	310.62977
532.0040977	331.9987501
532.1770859	292.6914257
532.3500757	280.7898098
532.5230671	305.5634271
532.69606	296.172878
532.8690545	295.7221573
533.0420506	313.5917204
533.2150483	318.4050774
533.3880476	285.3226591
533.5610485	287.4773664
533.7340509	288.9517617
533.9070549	318.7407765
534.0800605	303.347139
534.2530677	300.7270506
534.4260765	293.9034565
534.5990868	296.8336914
534.7720988	291.4295072
534.9451123	296.7779216
535.1181274	284.4687051
535.2911441	302.5304862
535.4641623	284.4902424
535.6371822	298.5518
535.8102036	311.8980541
535.9832266	289.4658154
536.1562512	307.6691562
536.3292774	294.5621422
536.5023052	291.7124305
536.6753345	304.2652855
536.8483654	308.1183105
537.0213979	305.7147519
537.194432	282.5925555
537.3674677	298.0107861
537.5405049	302.140086
537.7135438	301.973417
537.8865842	288.9735929
538.0596262	307.7077635
538.2326698	291.6476588
538.4057149	298.8611776
538.5787617	293.1404888
538.75181	308.6409045
538.9248599	291.5860824
539.0979114	305.025715
539.2709645	304.359628
539.4440191	298.9705293
539.6170754	302.9397896
539.7901332	319.9899046
539.9631926	299.9528237
540.1362536	291.9364786
540.3093161	285.1927507
540.4823803	304.5341967
540.655446	292.652164
540.8285133	273.7120452
541.0015822	288.6549118
541.1746527	301.8756799
541.3477248	295.0785923
541.5207984	309.9352174
541.6938737	292.8493415
541.8669505	281.6709884
542.0400289	284.7876895
542.2131088	286.8430658
542.3861904	300.7211042
542.5592735	293.5603169
542.7323583	291.6243503
542.9054446	307.8497558
543.0785324	299.9724441
543.2516219	299.8578069
543.424713	284.174291
543.5978056	291.1406724
543.7708998	304.6563616
543.9439956	296.3876873
544.117093	296.9040795
544.290192	283.0874285
544.4632925	289.1745209
544.6363946	302.8834201
544.8094983	304.1555326
544.9826036	305.2063606
545.1557105	301.2894798
545.328819	290.8020222
545.501929	304.2732762
545.6750406	304.9961615
545.8481538	293.6263577
546.0212686	301.0591371
546.194385	296.4971134
546.3675029	292.7163764
546.5406225	294.9080394
546.7137436	301.2722598
546.8868663	284.7100805
547.0599906	295.6700747
547.2331164	294.5622372
547.4062439	294.7118652
547.5793729	292.9593723
547.7525035	287.814172
547.9256357	295.6851107
548.0987695	292.1037713
548.2719048	300.3481791
548.4450418	299.2913131
548.6181803	283.8702091
548.7913204	292.389753
548.9644621	288.8845475
549.1376053	305.4648975
549.3107502	290.8767369
549.4838966	284.0339635
549.6570446	296.6669743
549.8301942	290.9588067
550.0033454	291.0026303
550.1764982	290.8553258
550.3496525	296.201308
550.5228084	287.9352513
550.6959659	291.4355543
550.869125	292.2996054
551.0422857	293.8968087
551.215448	289.5074988
551.3886118	288.7288303
551.5617772	283.6727278
551.7349442	270.831991
551.9081128	282.8090011
552.081283	294.8337767
552.2544547	281.1019915
552.4276281	297.954927
552.600803	292.128103
552.7739795	289.4432502
552.9471576	301.9463062
553.1203372	280.6922148
553.2935185	295.3345754
553.4667013	289.0196787
553.6398857	305.9014976
553.8130717	279.5814945
553.9862593	287.0187543
554.1594484	303.1474558
554.3326392	301.8281988
554.5058315	288.6513197
554.6790254	300.606387
554.8522209	281.9739101
555.0254179	294.4398433
555.1986166	287.941893
555.3718168	284.5012968
555.5450186	285.1557747
555.718222	282.1061264
555.891427	296.1000799
556.0646336	281.8080127
556.2378417	286.7564757
556.4110514	285.3913912
556.5842627	289.3682741
556.7574756	283.9659865
556.9306901	284.9320347
557.1039062	277.5158352
557.2771238	278.5489896
557.450343	278.1026954
557.6235638	295.4842862
557.7967862	273.4475902
557.9700102	271.4039485
558.1432357	282.4425205
558.3164628	285.939044
558.4896916	280.5221157
558.6629219	276.1700058
558.8361537	298.2338454
559.0093872	275.4182994
559.1826222	271.2318648
559.3558589	290.6278625
559.5290971	289.3986257
559.7023369	292.2552178
559.8755782	290.074886
560.0488212	298.2038784
560.2220657	279.8354275
560.3953118	279.7129259
560.5685595	282.4918547
560.7418088	274.9229984
560.9150597	279.2682036
561.0883121	286.8259987
561.2615662	274.3541183
561.4348218	287.546955
561.608079	267.3193386
561.7813378	283.8231722
561.9545981	287.8856145
562.1278601	280.8003544
562.3011236	280.5115848
562.4743887	276.7226665
562.6476554	292.1075661
562.8209237	287.8231126
562.9941935	276.2857509
563.167465	291.0141548
563.340738	292.2640367
563.5140126	290.8804754
563.6872888	269.6761911
563.8605665	292.8443254
564.0338459	274.142649
564.2071268	276.4437069
564.3804093	290.4271049
564.5536934	300.1361178
564.7269791	293.7178632
564.9002664	298.385956
565.0735552	272.1619926
565.2468456	274.1711968
565.4201376	284.1639688
565.5934312	286.1962726
565.7667264	279.2931966
565.9400231	289.501758
566.1133215	297.8602583
566.2866214	276.5491854
566.4599229	286.8533771
566.633226	282.3855847
566.8065306	277.9775937
566.9798369	260.9823879
567.1531447	284.4089629
567.3264541	277.8501754
567.4997651	284.1413588
567.6730777	277.3349673
567.8463919	288.9100756
568.0197076	276.7106016
568.1930249	272.6988074
568.3663438	280.0828808
568.5396643	286.3235524
568.7129864	279.2514243
568.8863101	273.7825669
569.0596353	272.3676594
569.2329621	271.451568
569.4062905	279.7885642
569.5796205	279.0051782
569.7529521	271.7969796
569.9262852	282.1352555
570.0996199	292.5797763
570.2729563	280.9127825
570.4462941	263.7464431
570.6196336	281.3605356
570.7929747	263.5279265
570.9663173	274.0119635
571.1396616	273.1124575
571.3130074	276.0697058
571.4863547	277.7012329
571.6597037	272.8987435
571.8330543	280.1714114
572.0064064	280.7188994
572.1797601	272.6188054
572.3531154	269.9390141
572.5264723	275.8844248
572.6998308	287.4500856
572.8731908	280.826232
573.0465525	278.5780115
573.2199157	283.3725453
573.3932805	263.9805128
573.5666468	270.4334891
573.7400148	272.925866
573.9133843	270.1873147
574.0867555	267.2862322
574.2601282	282.9746927
574.4335025	283.70996
574.6068783	263.7395586
574.7802558	271.8460443
574.9536348	285.1100056
575.1270154	278.4768592
575.3003976	283.5337412
575.4737814	279.5777461
575.6471668	264.4238746
575.8205537	270.3732384
575.9939423	267.8617066
576.1673324	275.431489
576.3407241	275.9410757
576.5141173	268.7659686
576.6875122	282.6947938
576.8609086	281.7619274
577.0343067	290.7238315
577.2077063	277.2382435
577.3811075	268.6219731
577.5545102	287.3905081
577.7279146	283.4701594
577.9013205	273.2381224
578.074728	272.1292563
578.2481371	283.9633304
578.4215478	264.0090598
578.5949601	272.5606507
578.7683739	275.9208137
578.9417894	276.8557952
579.1152064	273.0770007
579.288625	263.893291
579.4620451	277.9290832
579.6354669	272.7845296
579.8088902	279.483755
579.9823152	270.2862924
580.1557417	278.6758512
580.3291698	282.2044709
580.5025994	269.5378796
580.6760307	281.4071432
580.8494635	286.3101675
581.0228979	267.4652393
581.1963339	278.2462081
581.3697715	289.5265952
581.5432107	281.1861769
581.7166514	296.0596122
581.8900937	270.6916193
582.0635377	280.1414966
582.2369832	269.8816676
582.4104302	280.6391996
582.5838789	272.1999089
582.7573291	290.3361031
582.9307809	275.1784082
583.1042344	278.8326672
583.2776893	291.0281068
583.4511459	279.4745329
583.6246041	283.4819899
583.7980638	269.195171
583.9715251	284.9257226
584.144988	282.4389742
584.3184525	273.9874948
584.4919186	291.7956934
584.6653862	289.8926644
584.8388554	270.9227792
585.0123262	289.9488718
585.1857986	257.1786178
585.3592726	280.6167708
585.5327482	283.9959383
585.7062253	287.9516363
585.879704	267.90893
586.0531843	279.1675386
586.2266662	267.5972097
586.4001497	270.1907837
586.5736347	278.8589831
586.7471214	268.9936143
586.9206096	270.0394099
587.0940994	281.7987695
587.2675908	285.5701464
587.4410837	272.4687145
587.6145783	285.320883
587.7880744	281.5097889
587.9615721	261.4205264
588.1350714	267.0147262
588.3085723	272.9021595
588.4820748	270.4245542
588.6555788	274.0871548
588.8290844	274.9904257
589.0025916	274.718827
589.1761004	268.9916445
589.3496108	270.4649981
589.5231227	254.8564279
589.6966363	281.9714762
589.8701514	268.546336
590.0436681	270.0647164
590.2171864	276.5492619
590.3907062	272.5260299
590.5642277	257.1951824
590.7377507	261.9123105
590.9112753	270.1054506
591.0848015	269.5240228
591.2583293	265.1977841
591.4318586	269.6564403
591.6053896	272.068641
591.7789221	264.1479468
591.9524562	263.976536
592.1259919	271.7348776
592.2995291	271.6199076
592.473068	269.6639952
592.6466084	270.1579764
592.8201504	268.7138847
592.993694	274.7741527
593.1672392	268.4930445
593.340786	266.0389939
593.5143343	259.322699
593.6878843	272.8754687
593.8614358	254.9796757
594.0349889	258.7423994
594.2085435	279.0847932
594.3820998	273.4148394
594.5556576	274.5521798
594.7292171	255.4772891
594.9027781	265.9547099
595.0763406	265.1372547
595.2499048	277.9655022
595.4234706	254.5862283
595.5970379	278.539889
595.7706068	267.5681227
595.9441773	272.4423043
596.1177494	267.2472631
596.2913231	276.1884225
596.4648983	262.4265831
596.6384751	277.8506788
596.8120535	273.0464244
596.9856335	271.2385141
597.1592151	264.1772673
597.3327983	267.218654
597.506383	263.8638614
597.6799693	251.7504327
597.8535572	264.2550385
598.0271467	260.0095391
598.2007378	261.7623206
598.3743304	268.8295814
598.5479247	255.1037432
598.7215205	260.3885764
598.8951179	257.2428268
599.0687168	271.9923899
599.2423174	266.0309654
599.4159196	250.1196455
599.5895233	241.2191316
599.7631286	262.1512321
599.9367355	269.9893805
600.110344	265.589651
600.283954	255.2236761
600.4575657	255.7633435
600.6311789	268.3903529
600.8047937	248.5157223
600.9784101	260.2265279
601.152028	256.9625156
601.3256476	259.4441349
601.4992687	254.4039152
601.6728914	246.5091733
601.8465157	250.0040963
602.0201416	262.9319434
602.1937691	253.367802
602.3673981	258.998869
602.5410287	269.1243689
602.7146609	259.2290879
602.8882947	249.17256
603.0619301	251.8589574
603.2355671	256.2277524
603.4092056	264.8094049
603.5828457	253.5298144
603.7564874	250.486195
603.9301307	262.7813126
604.1037756	268.2972385
604.277422	247.0582231
604.4510701	243.3034756
604.6247197	254.5303599
604.7983709	247.2032217
604.9720237	251.4585269
605.145678	265.0501938
605.319334	247.9735969
605.4929915	260.9325323
605.6666506	251.8074134
605.8403113	238.0228091
606.0139736	258.6902937
606.1876374	256.2262769
606.3613028	251.8730263
606.5349699	248.4042404
606.7086385	252.5588839
606.8823087	249.0092091
607.0559804	244.2750045
607.2296538	250.2703856
607.4033287	244.7978906
607.5770052	239.8868112
607.7506833	245.4934083
607.924363	247.9412484
608.0980443	242.7664213
608.2717271	248.2521871
608.4454115	241.1837384
608.6190975	246.8630035
608.7927851	247.7324072
608.9664743	243.8766271
609.1401651	250.7888834
609.3138574	244.3706015
609.4875513	234.0676554
609.6612468	247.8771341
609.8349439	242.4613721
610.0086426	230.8791394
610.1823428	234.7112392
610.3560446	253.3681839
610.5297481	246.7984724
610.7034531	234.9183809
610.8771596	243.9361262
611.0508678	237.3299557
611.2245775	243.3382463
611.3982889	229.8505574
611.5720018	237.7494972
611.7457163	243.4565474
611.9194323	235.4849851
612.09315	229.01046
612.2668692	225.0657798
612.44059	225.3911977
612.6143124	232.2084246
612.7880364	237.8724796
612.961762	235.5455444
613.1354891	241.8851345
613.3092179	229.7876256
613.4829482	228.0461216
613.6566801	241.026941
613.8304136	226.632882
614.0041486	236.9108688
614.1778853	225.3499038
614.3516235	237.6866548
614.5253633	234.9925783
614.6991047	239.6682847
614.8728477	218.6549271
615.0465922	236.0437666
615.2203383	231.5707171
615.3940861	231.8157922
615.5678354	226.8306272
615.7415863	224.8025861
615.9153387	227.7465741
616.0890928	246.2830859
616.2628484	223.5031143
616.4366056	240.7973336
616.6103644	230.173578
616.7841248	223.2919815
616.9578867	205.645982
617.1316503	214.5826293
617.3054154	226.5764547
617.4791821	226.1138833
617.6529504	213.4529125
617.8267203	212.9250687
618.0004917	212.6796859
618.1742648	221.4533622
618.3480394	218.2136067
618.5218156	231.2549333
618.6955934	211.3358717
618.8693727	219.4834748
619.0431537	208.0527112
619.2169362	214.8505491
619.3907203	211.8094654
619.564506	215.3530392
619.7382933	221.6377801
619.9120822	214.0452324
620.0858726	213.4786875
620.2596646	216.9218652
620.4334582	203.4997417
620.6072534	209.5040857
620.7810502	212.7718791
620.9548486	209.7457448
621.1286485	214.2185406
621.30245	208.0406705
621.4762531	220.2463243
621.6500578	203.9937192
621.8238641	213.8558309
621.9976719	214.3985689
622.1714813	207.6084049
622.3452923	209.4282777
622.5191049	212.2985489
622.6929191	208.9271886
622.8667349	211.4607542
623.0405522	218.9446493
623.2143711	207.9595752
623.3881917	212.371305
623.5620137	210.7236514
623.7358374	206.2680777
623.9096627	191.3172817
624.0834895	207.5567697
624.2573179	201.8307286
624.4311479	207.5464398
624.6049795	205.6147828
624.7788127	195.1102872
624.9526474	211.0418807
625.1264837	217.356181
625.3003217	203.1199485
625.4741612	204.7855344
625.6480022	195.8747664
625.8218449	208.5912854
625.9956891	203.2115586
626.169535	197.4513107
626.3433824	210.3067772
626.5172313	203.5855174
626.6910819	212.3644249
626.8649341	201.2576493
627.0387878	197.0800136
627.2126431	193.7138481
627.3865	194.1382309
627.5603585	203.4475085
627.7342186	197.5361305
627.9080802	189.1242009
628.0819434	192.8812388
628.2558083	201.0893319
628.4296747	195.2564255
628.6035426	197.5523203
628.7774122	188.9355232
628.9512833	195.3536476
629.1251561	191.2199985
629.2990304	192.7762107
629.4729062	184.9508643
629.6467837	197.7083616
629.8206628	186.0236497
629.9945434	195.4728095
630.1684256	192.9363292
630.3423094	182.5966547
630.5161948	186.9868603
630.6900818	184.484287
630.8639703	180.4790818
631.0378604	180.6913512
631.2117522	173.1942978
631.3856455	187.3612065
631.5595403	174.0205794
631.7334368	182.8413868
631.9073348	180.7073148
632.0812344	188.5130173
632.2551357	180.6614137
632.4290384	176.0126948
632.6029428	170.5510466
632.7768488	172.4656087
632.9507563	181.2555603
633.1246654	175.8977302
633.2985761	170.68767
633.4724884	178.7418109
633.6464023	172.7901722
633.8203177	176.6888877
633.9942347	177.9794206
634.1681533	188.4089224
634.3420735	179.1350716
634.5159953	178.2616004
634.6899187	171.9548938
634.8638436	173.5304152
635.0377701	166.3435942
635.2116982	174.0795024
635.3856279	165.027447
635.5595592	178.0476155
635.7334921	167.6221863
635.9074265	160.2749986
636.0813625	180.6248359
636.2553001	168.6371336
636.4292393	163.1334254
636.60318	177.3980213
636.7771224	159.6193908
636.9510663	166.0234174
637.1250118	172.7915052
637.2989589	165.8196006
637.4729076	160.2361612
637.6468579	158.5368401
637.8208097	168.2717241
637.9947631	163.1757843
638.1687181	170.9575657
638.3426747	165.8015999
638.5166329	155.4921791
638.6905926	157.785382
638.864554	153.7115583
639.0385169	156.7665744
639.2124814	164.7697391
639.3864475	170.5332026
639.5604151	168.7495711
639.7343844	162.0143613
639.9083552	149.1342809
640.0823276	149.2573517
640.2563016	163.2998338
640.4302772	154.2279709
640.6042543	155.1304882
640.7782331	148.263384
640.9522134	154.8693476
641.1261953	148.5065468
641.3001788	148.9613332
641.4741639	147.4416665
641.6481505	151.4263897
641.8221387	153.1125123
641.9961286	148.2322291
642.17012	158.2985574
642.3441129	152.7991991
642.5181075	152.7327754
642.6921037	147.2733325
642.8661014	134.4504388
643.0401007	135.4600445
643.2141016	155.0288992
643.3881041	146.4150721
643.5621081	151.6892741
643.7361138	143.5511572
643.910121	149.2932196
644.0841298	142.9474859
644.2581402	138.1539587
644.4321521	142.2994034
644.6061657	148.8545708
644.7801808	143.2278832
644.9541975	140.0804321
645.1282158	141.5045665
645.3022357	146.7532101
645.4762572	130.6500497
645.6502802	134.5202564
645.8243048	143.5263992
645.9983311	143.3382373
646.1723589	137.2495512
646.3463882	142.9808187
646.5204192	137.7401506
646.6944517	137.7535705
646.8684858	138.3564
647.0425215	126.6823386
647.2165588	120.7581771
647.3905977	128.8516957
647.5646382	143.4177401
647.7386802	133.3301622
647.9127238	136.8425025
648.086769	135.6427656
648.2608158	134.638063
648.4348641	130.1922641
648.6089141	130.5409077
648.7829656	130.72161
648.9570187	131.5198952
649.1310734	129.182797
649.3051297	121.805969
649.4791875	131.3550223
649.653247	121.3933509
649.827308	125.2835145
650.0013706	131.2236949
650.1754348	126.3793444
650.3495006	125.099419
650.5235679	118.278878
650.6976368	119.6185358
650.8717074	115.0956484
651.0457795	121.6216133
651.2198531	118.2419026
651.3939284	121.2036736
651.5680052	123.8000202
651.7420837	130.8534151
651.9161637	119.3988555
652.0902453	111.1358166
652.2643284	110.5221044
652.4384132	122.7783324
652.6124995	116.6770379
652.7865875	124.728118
652.960677	114.1357052
653.134768	111.9043083
653.3088607	117.1821819
653.482955	106.8519455
653.6570508	118.123596
653.8311482	105.2543497
654.0052472	99.04489652
654.1793478	108.8034422
654.35345	118.2852264
654.5275537	117.8611696
654.701659	112.2702739
654.8757659	114.2034561
655.0498744	103.3504259
655.2239845	117.1227696
655.3980962	117.8563958
655.5722094	112.0602058
655.7463242	115.1628433
655.9204406	120.0704592
656.0945586	117.0694316
656.2686782	111.2833079
656.4427993	113.5554654
656.616922	111.2921606
656.7910464	99.42945754
656.9651723	95.08125304
657.1392997	107.3972193
657.3134288	99.25797139
657.4875594	105.8058443
657.6616917	104.2633272
657.8358255	109.2172265
658.0099609	106.634437
658.1840978	117.6546049
658.3582364	102.1168925
658.5323765	108.1764342
658.7065183	105.1602309
658.8806616	105.0399857
659.0548064	109.3696963
659.2289529	103.4989378
659.403101	94.78929304
659.5772506	110.0672921
659.7514018	92.65418944
659.9255546	103.5160878
660.099709	101.0482074
660.2738649	104.7776113
660.4480225	96.27510588
660.6221816	90.37931865
660.7963423	101.0096112
660.9705046	102.2698727
661.1446685	96.90320191
661.3188339	96.66002614
661.493001	95.40134363
661.6671696	99.22021578
661.8413398	86.68259473
662.0155116	92.73159586
662.1896849	98.34217176
662.3638599	104.967717
662.5380364	82.15848738
662.7122145	99.66402838
662.8863942	101.630906
663.0605755	92.88189433
663.2347584	98.72792486
663.4089428	92.5076047
663.5831288	90.85775784
663.7573165	97.41399297
663.9315056	85.58287657
664.1056964	83.73847793
664.2798888	80.77385037
664.4540827	96.34769506
664.6282782	97.71479631
664.8024753	81.8652861
664.976674	83.89963275
665.1508743	91.4577505
665.3250761	81.77222961
665.4992796	84.93224389
665.6734846	91.15397703
665.8476912	88.50393757
666.0218993	74.69942203
666.1961091	87.36601218
666.3703204	83.86587482
666.5445334	75.36948229
666.7187479	79.37780678
666.892964	79.25423371
667.0671816	85.08346347
667.2414009	88.35165059
667.4156217	87.84564744
667.5898442	91.67967562
667.7640682	84.23087832
667.9382937	90.33359336
668.1125209	86.43660184
668.2867497	80.93862299
668.46098	78.67241489
668.6352119	81.11555894
668.8094454	83.25725669
668.9836805	77.81378982
669.1579171	81.01144552
669.3321554	74.96357489
669.5063952	81.41107568
669.6806366	74.84109266
669.8548796	74.21967482
670.0291242	82.5686574
670.2033703	73.35458378
670.3776181	79.63161238
670.5518674	81.49786329
670.7261183	76.73234162
670.9003708	73.51166418
671.0746248	75.76509952
671.2488805	65.75730062
671.4231377	73.74802987
671.5973965	66.18571492
671.7716569	75.680953
671.9459189	66.19614518
672.1201824	78.67206113
672.2944476	67.69099783
672.4687143	67.90351052
672.6429826	80.07191416
672.8172525	67.46559531
672.991524	73.19247687
673.165797	68.0161043
673.3400717	73.34809399
673.5143479	66.93214244
673.6886257	68.42438757
673.8629051	74.55991092
674.037186	69.91341921
674.2114686	58.90503113
674.3857527	68.75329643
674.5600384	69.18759217
674.7343257	65.31331227
674.9086146	76.21715718
675.0829051	60.18838978
675.2571971	63.29613808
675.4314907	63.85284222
675.6057859	75.880335
675.7800827	59.98383406
675.9543811	68.47773571
676.128681	71.00574441
676.3029826	69.86934762
676.4772857	64.01303124
676.6515904	60.46773811
676.8258967	68.12234848
677.0002045	61.40255164
677.174514	60.93432188
677.348825	68.47001523
677.5231376	71.88570467
677.6974518	53.83676896
677.8717676	68.2601668
678.046085	67.84954401
678.2204039	53.58573753
678.3947244	57.13791229
678.5690465	63.66990229
678.7433702	61.53311915
678.9176955	63.03187314
679.0920224	59.15242925
679.2663508	50.14409107
679.4406808	57.06340696
679.6150124	53.37546985
679.7893456	61.30656593
679.9636804	56.98299146
680.1380167	65.66466532
680.3123546	62.40853406
680.4866941	55.72046532
680.6610352	56.20491677
680.8353779	49.83288145
681.0097222	61.12130087
681.184068	55.80754992
681.3584154	57.67872608
681.5327644	52.88602562
681.707115	55.95825308
681.8814672	60.58347299
682.055821	51.66499678
682.2301763	54.72864535
682.4045332	50.31939844
682.5788917	67.39615427
682.7532518	52.06895236
682.9276135	42.79437697
683.1019767	56.87324034
683.2763415	49.18834964
683.4507079	44.05658959
683.6250759	60.73322679
683.7994455	55.14533814
683.9738167	57.97633418
684.1481894	51.29409032
684.3225637	52.15582625
684.4969396	44.45988797
684.6713171	50.32664024
684.8456962	46.74304074
685.0200768	52.57187839
685.1944591	55.04492466
685.3688429	44.06882302
685.5432283	58.92842864
685.7176153	58.26255964
685.8920038	49.50816829
686.066394	43.01315269
686.2407857	50.57141241
686.415179	52.16245857
686.5895739	51.51452339
686.7639704	56.33002553
686.9383685	42.73611012
687.1127681	51.16119647
687.2871693	50.70016651
687.4615721	44.92058438
687.6359765	41.84767487
687.8103825	43.67840323
687.98479	46.80040852
688.1591992	45.42312837
688.3336099	44.93309307
688.5080222	50.92077307
688.6824361	51.28122342
688.8568515	49.0504921
689.0312686	49.2034389
689.2056872	43.83966865
689.3801074	44.51169259
689.5545292	43.67657791
689.7289526	41.65993194
689.9033775	45.85853117
690.0778041	44.71040594
690.2522322	45.6410642
690.4266619	33.90853047
690.6010932	47.20203794
690.7755261	38.61465306
690.9499605	50.22270013
691.1243965	41.64174494
691.2988342	51.97488845
691.4732734	54.70371192
691.6477141	33.22564475
691.8221565	40.33986097
691.9966005	46.00353809
692.171046	39.86327947
692.3454931	34.90027961
692.5199418	37.80511379
692.6943921	48.087478
692.8688439	44.18890193
693.0432974	52.20784949
693.2177524	39.10890895
693.392209	42.42197733
693.5666672	44.90099861
693.7411269	44.23042851
693.9155883	34.2639609
694.0900512	49.15663373
694.2645157	27.74898275
694.4389818	52.00004595
694.6134495	43.96418703
694.7879188	32.02406795
694.9623896	37.51514743
695.1368621	43.27012703
695.3113361	42.29880793
695.4858117	41.4590193
695.6602888	34.50479224
695.8347676	44.94438615
696.0092479	22.32943583
696.1837299	45.02745143
696.3582134	35.3544402
696.5326984	41.95966569
696.7071851	32.96166226
696.8816734	39.76621658
697.0561632	38.67261859
697.2306546	52.59932269
697.4051476	43.69583446
697.5796422	53.1339118
697.7541384	43.34887566
697.9286361	40.2845974
698.1031354	34.44611507
698.2776363	46.05943364
698.4521388	33.18800591
698.6266429	37.98117593
698.8011486	26.39666567
698.9756558	28.98698599
699.1501646	36.81167556
699.324675	29.66143703
699.499187	26.44677811
699.6737006	33.43142575
699.8482157	22.75251508
700.0227325	13.91384782
700.1972508	29.20306467
700.3717707	34.65744429
700.5462922	31.80991394
700.7208152	34.10792492
700.8953399	39.27809277
701.0698661	36.96318286
701.2443939	31.84134815
701.4189233	40.24401381
701.5934543	27.76376903
701.7679868	31.30598365
701.942521	37.98537508
702.1170567	31.85430452
702.291594	26.70357265
702.4661329	27.5874526
702.6406733	42.03383165
702.8152154	24.88554751
702.989759	25.4194769
703.1643042	28.15696266
703.338851	32.99922805
703.5133994	27.88187142
703.6879494	29.68546414
703.8625009	29.10556129
704.037054	31.03914195
704.2116088	37.21158523
704.386165	29.05546901
704.5607229	31.66140769
704.7352824	27.45550927
704.9098434	28.04201654
705.084406	32.81024911
705.2589702	29.33091381
705.433536	30.60361767
705.6081034	27.38051757
705.7826723	32.04261095
705.9572429	26.8389438
706.131815	33.42024315
706.3063887	33.39023913
706.480964	32.28984665
706.6555408	23.43668091
706.8301193	26.65839011
707.0046993	32.69121916
707.1792809	39.53153956
707.3538641	44.1567648
707.5284489	23.91621631
707.7030352	36.38253528
707.8776232	25.09538537
708.0522127	38.4136
708.2268038	33.66557135
708.4013965	29.40933638
708.5759907	31.44906406
708.7505866	26.49044529
708.925184	26.70584044
709.099783	36.81938784
709.2743836	31.39405662
709.4489858	27.94559597
709.6235896	35.37478979
709.7981949	27.91052078
709.9728018	34.34770019
710.1474104	23.96159849
710.3220204	23.58863418
710.4966321	24.26042231
710.6712454	30.13040451
710.8458602	26.69468582
711.0204766	19.14858679
711.1950946	25.73782082
711.3697142	21.38067943
711.5443354	37.17876712
711.7189581	21.34362612
711.8935825	39.22807006
712.0682084	23.84053096
712.2428359	27.39475092
712.417465	19.28439067
712.5920956	24.18416875
712.7667279	22.2833219
712.9413617	31.70537249
713.1159971	28.9939561
713.2906341	22.64665737
713.4652727	26.9703241
713.6399128	27.51868546
713.8145545	33.01084479
713.9891979	27.87925812
714.1638428	22.92562078
714.3384893	40.63955251
714.5131373	21.28541133
714.687787	21.20255503
714.8624382	23.8034091
715.037091	26.5091833
715.2117454	18.21464274
715.3864014	24.53598864
715.5610589	27.9053823
715.7357181	23.22323779
715.9103788	25.93636909
716.0850411	29.62978116
716.259705	34.08778098
716.4343705	24.17492011
716.6090375	27.31770807
716.7837062	24.94050807
716.9583764	22.13168777
717.1330482	26.06280545
717.3077216	25.81284229
717.4823966	30.01336003
717.6570731	22.3232257
717.8317512	23.15329147
718.0064309	19.10744669
718.1811122	24.78418582
718.3557951	20.83317525
718.5304796	19.71349591
718.7051656	17.71391392
718.8798532	21.98496759
719.0545425	27.12138988
719.2292332	17.18564293
719.4039256	23.76198946
719.5786196	22.13544036
719.7533151	22.96473617
719.9280122	30.65683477
720.1027109	23.51365653
720.2774112	28.54806749
720.4521131	28.5086493
720.6268165	31.39653747
720.8015216	14.69930782
720.9762282	23.14765039
721.1509364	24.38680497
721.3256461	29.32658467
721.5003575	29.52659803
721.6750704	21.58117667
721.849785	30.82037141
722.0245011	29.20396066
722.1992188	25.42427769
722.373938	21.29200271
722.5486589	19.13462763
722.7233813	27.86923063
722.8981053	27.99769244
723.0728309	28.32295176
723.2475581	27.01972954
723.4222869	23.56832648
723.5970172	22.55176539
723.7717492	11.86354844
723.9464827	22.11340028
724.1212178	21.67262522
724.2959545	24.89255656
724.4706927	19.81640418
724.6454326	12.92929164
724.820174	21.22544105
724.994917	22.75350846
725.1696616	24.35704672
725.3444078	20.50324359
725.5191555	26.8982203
725.6939048	25.97928215
725.8686558	21.12236833
726.0434083	10.3422221
726.2181623	27.96314385
726.392918	17.99721355
726.5676753	24.22980571
726.7424341	29.04747471
726.9171945	16.10876325
727.0919565	27.37386759
727.2667201	20.80294566
727.4414852	25.2920049
727.616252	9.70160848
727.7910203	21.57161386
727.9657902	31.61795304
728.1405617	24.18474635
728.3153348	26.23469184
728.4901094	26.62548459
728.6648857	31.19829429
728.8396635	20.04425413
729.0144429	20.76795116
729.1892239	21.53464443
729.3640064	18.42297657
729.5387906	33.21827411
729.7135763	28.25726175
729.8883636	10.17945224
730.0631525	20.88772438
730.237943	10.26523219
730.412735	28.37377816
730.5875287	20.48279837
730.7623239	14.5710713
730.9371207	19.37233384
731.1119191	31.38884287
731.2867191	10.70117187
731.4615206	10.62863549
731.6363238	21.67222951
731.8111285	24.05433917
731.9859348	25.43320122
732.1607427	22.77549702
732.3355521	22.19857945
732.5103632	26.94178008
732.6851758	19.55846648
732.85999	19.59561032
733.0348058	13.67969591
733.2096232	30.14379954
733.3844421	11.73114759
733.5592627	12.52167675
733.7340848	16.03442933
733.9089085	23.69029711
734.0837338	16.12918853
734.2585607	21.03335936
734.4333891	12.46459119
734.6082192	13.50158393
734.7830508	27.85091793
734.957884	20.52435977
735.1327188	12.36377642
735.3075551	19.00310041
735.4823931	28.77481801
735.6572326	22.48689146
735.8320737	10.21016276
736.0069164	30.17727078
736.1817607	33.68954094
736.3566065	26.84218276
736.531454	4.146133626
736.706303	29.3799316
736.8811536	13.48618654
737.0560058	18.90270532
737.2308596	20.20705958
737.4057149	19.54482111
737.5805718	23.26029075
737.7554304	17.56674555
737.9302905	27.32035441
738.1051521	25.31322815
738.2800154	26.40754535
738.4548803	19.34989243
738.6297467	11.17405879
738.8046147	15.88784912
738.9794843	19.59478803
739.1543555	21.75101744
739.3292282	11.49511788
739.5041026	12.82908349
739.6789785	15.89891762
739.853856	24.85633211
740.0287351	26.16567695
740.2036158	3.907713911
740.378498	26.1085366
740.5533818	22.86307873
740.7282673	18.76529243
740.9031543	19.55900448
741.0780428	2.965227362
741.252933	17.09144849
741.4278247	23.58317063
741.6027181	15.06053757
741.777613	15.62929753
741.9525095	10.18409214
742.1274076	25.74344397
742.3023072	11.31177396
742.4772084	18.35560412
742.6521113	19.0257247
742.8270157	11.6183461
743.0019217	10.16645271
743.1768292	20.69867146
743.3517384	32.73343514
743.5266491	16.34534347
743.7015614	27.92620392
743.8764753	32.29215703
744.0513908	17.40257637
744.2263079	10.09281055
744.4012265	23.31739897
744.5761468	10.23476747
744.7510686	25.42413862
744.925992	15.1469088
745.1009169	16.66196692
745.2758435	15.38935235
745.4507716	25.71820366
745.6257013	29.04780506
745.8006327	17.49564159
745.9755655	22.85113836
746.1505	8.939785095
746.3254361	17.42516719
746.5003737	16.55392107
746.6753129	16.34033842
746.8502537	19.69960711
747.0251961	23.95612087
747.2001401	9.11376279
747.3750856	19.40735318
747.5500327	20.89348816
747.7249814	20.7363821
747.8999317	13.8812702
748.0748836	13.59202842
748.2498371	4.397123491
748.4247921	20.87496906
748.5997487	9.892663929
748.7747069	21.63353374
748.9496667	20.03251541
749.1246281	23.90747972
749.299591	26.20476486
749.4745556	14.26292324
749.6495217	13.57375334
749.8244894	15.92764959
749.9994587	12.43242111
750.1744295	23.18878185
750.349402	17.87882359
750.524376	6.377753407
750.6993516	33.33493938
750.8743288	20.55561462
751.0493076	26.44446322
751.2242879	19.4768575
751.3992699	30.79727587
751.5742534	12.42427104
751.7492385	9.69841164
751.9242252	9.431081755
752.0992134	15.57501128
752.2742033	19.6010725
752.4491947	29.78116338
752.6241877	17.5686331
752.7991823	22.52457736
752.9741785	30.75707034
753.1491763	9.140078708
753.3241756	21.34979923
753.4991766	22.6897163
753.6741791	29.78418065
753.8491832	16.41623764
754.0241888	14.6433792
754.1991961	18.32169275
754.3742049	19.50313111
754.5492153	17.74748681
754.7242274	24.72330655
754.8992409	28.95149685
755.0742561	18.63134898
755.2492729	22.04238218
755.4242912	5.301665614
755.5993111	23.09969277
755.7743326	20.04978094
755.9493557	19.89965423
756.1243803	12.06333931
756.2994066	12.12685223
756.4744344	26.60144369
756.6494638	15.30273359
756.8244948	7.003114659
756.9995274	13.09342172
757.1745615	12.04597144
757.3495973	28.17677265
757.5246346	22.41717384
757.6996735	19.33369586
757.874714	18.73398381
758.0497561	18.72083358
758.2247997	23.1975329
758.3998449	2.231600504
758.5748918	22.00632082
758.7499402	13.64248962
758.9249901	26.36734746
759.1000417	32.62051787
759.2750948	0
759.4501496	43.56957077
759.6252059	17.59914407
759.8002638	16.12249882
759.9753232	24.05173141
760.1503843	14.18614752
760.3254469	20.56078709
760.5005112	13.70031952
760.675577	21.95160148
760.8506443	30.55082149
761.0257133	32.61611498
761.2007839	23.67411019
761.375856	38.0412781
761.5509297	10.42086273
761.726005	16.00726639
761.9010819	11.17282702
762.0761603	16.16796658
762.2512404	15.74776132
762.426322	12.35145026
762.6014052	14.75128552
762.77649	15.8990857
762.9515764	25.24078601
763.1266643	6.024586852
763.3017539	20.97124944
763.476845	31.05110641
763.6519377	20.58400259
763.827032	31.35689495
764.0021278	26.06464858
764.1772253	7.389364799
764.3523243	14.45601709
764.5274249	13.82281032
764.7025271	11.87045599
764.8776309	27.93248187
765.0527363	14.7952019
765.2278432	17.31238076
765.4029517	16.3981907
765.5780619	0
765.7531735	25.54226612
765.9282868	11.62547231
766.1034017	12.91474403
766.2785181	31.79796572
766.4536361	26.90133316
766.6287557	17.85061847
766.8038769	16.22813953
766.9789997	14.40514785
767.154124	24.59298307
767.32925	16.81201962
767.5043775	2.339008659
767.6795066	34.3239334
767.8546373	19.31617564
768.0297695	20.78888933
768.2049034	20.90932748
768.3800388	14.56102108
768.5551758	19.57358588
768.7303144	6.071179935
768.9054546	39.33160756
769.0805963	13.39052082
769.2557396	32.43577323
769.4308846	9.112294141
769.6060311	16.01235964
769.7811791	17.20272366
769.9563288	13.82986315
770.1314801	9.102705284
770.3066329	51.06461409
770.4817873	8.859857726
770.6569433	33.6229994
770.8321009	6.157971075
771.00726	19.05580745
771.1824208	9.07147813
771.3575831	32.97894131
771.532747	13.31580961
771.7079125	13.96429756
771.8830796	23.03851279
772.0582482	32.2105945
772.2334185	20.3074531
772.4085903	8.492850711
772.5837637	13.6987455
772.7589387	35.99765801
772.9341152	13.24292477
773.1092934	15.9947019
773.2844731	5.231029168
773.4596544	20.78316567
773.6348373	18.70634739
773.8100218	10.92917196
773.9852079	22.71576758
774.1603955	24.58517316
774.3355847	29.62608496
774.5107755	31.95706816
774.6859679	29.21880298
774.8611619	18.53503775
775.0363575	0.614717771
775.2115546	0
775.3867533	10.74653461
775.5619536	16.03267993
775.7371555	9.122126389
775.912359	8.74395634
776.087564	12.40403344
776.2627706	18.64988739
776.4379789	15.11452047
776.6131886	35.59208336
776.7884	28.031546
776.963613	36.94297506
777.1388275	39.1197078
777.3140436	13.76255998
777.4892614	30.68074262
777.6644806	29.56669953
777.8397015	1.759201327
778.014924	18.16127613
778.190148	13.44273838
778.3653736	24.16378327
778.5406008	17.28149934
778.7158296	21.70709798
778.89106	38.14470113
779.0662919	22.06911759
779.2415255	8.260874498
779.4167606	28.49248925
779.5919973	33.74037745
779.7672355	18.36421836
779.9424754	21.16346865
780.1177168	31.73728547
780.2929599	17.08980901
780.4682045	26.60520947
780.6434507	23.81984533
780.8186984	16.85202737
780.9939478	15.84620117
781.1691987	20.91973906
781.3444512	29.33336882
781.5197053	25.71088332
781.694961	17.09094149
781.8702183	12.77531588
782.0454771	13.79682804
782.2207376	41.6843202
782.3959996	32.7722683
782.5712632	19.21125019
782.7465283	31.76207349
782.9217951	25.70876797
783.0970634	28.5096521
783.2723334	33.22080836
783.4476049	16.35027806
783.622878	23.03458453
783.7981526	17.88229229
783.9734289	22.6214541
784.1487067	21.45011821
784.3239861	22.87887133
784.4992671	17.97083734
784.6745497	17.14360216
784.8498339	27.592453
785.0251196	37.95487536
785.200407	23.51094612
785.3756959	42.49438659
785.5509864	0
785.7262784	29.77335962
785.9015721	23.46737931
786.0768673	31.61027814
786.2521642	42.30639781
786.4274626	29.02836031
786.6027626	27.97099549
786.7780641	37.31904202
786.9533673	32.20410611
787.128672	31.61205495
787.3039783	38.47697442
787.4792862	26.03317035
787.6545957	33.28845076
787.8299068	26.15712037
788.0052194	28.4706254
788.1805337	16.8662208
788.3558495	17.39184113
788.5311669	18.40394967
788.7064858	23.7810945
788.8818064	37.19699199
789.0571285	20.26782778
789.2324523	11.65940622
789.4077776	15.55039486
789.5831045	26.70100433
789.7584329	49.92580568
789.933763	18.43833387
790.1090946	14.07984801
790.2844278	44.11739843
790.4597626	28.14205395
790.635099	13.25616601
790.810437	12.89450625
790.9857765	23.91860283
791.1611176	32.7559172
791.3364604	32.10528613
791.5118047	29.06687162
791.6871505	5.313605265
791.862498	18.08184825
792.037847	28.84174408
792.2131976	37.4279314
792.3885499	23.93131088
792.5639036	36.4313534
792.739259	33.98032986
792.914616	25.72583497
793.0899745	13.48555872
793.2653346	34.93571876
793.4406963	0.860909133
793.6160596	30.49761582
793.7914245	27.66807567
793.9667909	15.64374839
794.1421589	39.01225014
794.3175285	41.7973477
794.4928997	25.58254842
794.6682725	8.537213739
794.8436469	22.9624776
795.0190228	38.94841004
795.1944003	27.01908531
795.3697794	17.52222254
795.5451601	21.75030971
795.7205424	14.00172228
795.8959262	23.50152508
796.0713117	29.70659178
796.2466987	17.74887726
796.4220873	19.7702575
796.5974775	29.0360374
796.7728692	23.94510099
796.9482626	25.1877285
797.1236575	2.284946186
797.299054	14.80397445
797.4744521	23.65687365
797.6498518	31.04137985
797.825253	32.88002439
798.0006559	8.963171456
798.1760603	51.93508398
798.3514663	19.12321294
798.5268739	0
798.7022831	39.8133217
798.8776938	22.27949732
799.0531062	45.34940642
799.2285201	45.86142171
799.4039356	24.36883103
799.5793526	19.21774708
799.7547713	42.83388669
799.9301916	28.63682059
800.1056134	38.71121429
800.2810368	6.257391925
800.4564618	36.22648281
800.6318884	12.64638564
800.8073165	19.69067818
800.9827463	26.66802803
801.1581776	24.14205838
801.3336105	23.03627061
801.509045	28.57162654
801.684481	0
801.8599187	33.25411016
802.0353579	22.75122478
802.2107987	27.73559216
802.3862411	55.11643263
802.5616851	64.74714279
802.7371307	26.12588936
802.9125778	35.92026924
803.0880266	4.090284373
803.2634769	45.29934553
803.4389288	14.69699488
803.6143822	18.05463583
803.7898373	50.40396452
803.9652939	17.78351896
804.1407521	1.64182259
804.3162119	36.4489462
804.4916733	20.11950758
804.6671363	11.94875247
804.8426009	37.83649279
805.018067	20.74775813
805.1935347	4.105713585
805.369004	24.15075266
805.5444749	27.01701843
805.7199473	44.1320764
805.8954214	32.13285379
806.070897	5.000702925
806.2463742	37.83260397
806.421853	51.8239603
806.5973334	42.52405033
806.7728153	29.02547766
806.9482989	8.616466766
807.123784	48.09426509
807.2992707	43.43694304
807.474759	37.67101209
807.6502489	28.23464585
807.8257403	73.7525989
808.0012333	13.47888825
808.176728	39.89945718
808.3522242	27.64941807
808.5277219	27.19611683
808.7032213	57.56684065
808.8787222	35.39612175
809.0542248	42.25755437
809.2297289	42.05599312
809.4052346	63.03037637
809.5807418	53.00133063
809.7562507	18.15027908
809.9317611	54.94509231
810.1072732	24.33332539
810.2827868	70.14079766
810.4583019	33.30336418
810.6338187	37.75719565
810.8093371	31.25292379
810.984857	16.69183745
811.1603785	46.19668894
811.3359016	33.06056776
811.5114263	16.89634491
811.6869525	34.04379857
811.8624804	32.72818228
812.0380098	13.7795342
812.2135408	13.43685192
812.3890734	40.45872854
812.5646076	26.99740696
812.7401433	9.937002331
812.9156807	2.856058863
813.0912196	48.51486999
813.2667601	18.2404263
813.4423022	28.77747108
813.6178459	30.4994258
813.7933911	22.98171188
813.9689379	44.45259259
814.1444864	44.57089854
814.3200364	0
814.4955879	42.9637625
814.6711411	7.733444856
814.8466958	13.41398042
815.0222522	31.74893761
815.1978101	6.307315848
815.3733696	61.86033788
815.5489306	36.23442552
815.7244933	23.49096433
815.9000575	32.94069392
816.0756233	48.73060373
816.2511907	19.74049551
816.4267597	29.92229622
816.6023303	66.7501006
816.7779025	38.52893541
816.9534762	74.75362352
817.1290515	23.24764917
817.3046284	36.54985989
817.4802069	47.96281014
817.6557869	32.34318741
817.8313686	3.819334041
818.0069518	44.15587054
818.1825366	15.88106164
818.358123	55.79972948
818.533711	13.5768554
818.7093005	65.17046184
818.8848917	16.96664175
819.0604844	56.47451496
819.2360787	13.522239
819.4116746	20.69418504
819.587272	56.38182796
819.7628711	47.28109455
819.9384717	26.61624409
820.1140739	37.11603362
820.2896777	35.51567174
820.4652831	23.65619115
820.6408901	62.07140217
820.8164986	33.34621201
820.9921087	6.308156061
821.1677204	59.58648804
821.3433337	13.98109946
821.5189486	30.33465694
821.6945651	39.7564348
821.8701831	18.70134495
822.0458027	20.36790455
822.2214239	52.96867401
822.3970467	32.25576373
822.5726711	0
822.748297	29.15087394
822.9239245	43.4534884
823.0995537	52.43508095
823.2751844	69.66439142
823.4508166	19.78865064
823.6264505	33.1076838
823.8020859	33.58283716
823.977723	32.17348732
824.1533616	56.10940829
824.3290018	32.11568698
824.5046435	23.22930838
824.6802869	28.62901088
824.8559318	33.95783316
825.0315783	36.19449944
825.2072264	60.20770093
825.3828761	58.53258331
825.5585274	28.52592679
825.7341802	62.52848345
825.9098347	21.31487321
826.0854907	48.34718496
826.2611483	30.80095024
826.4368075	48.84471479
826.6124682	47.46594286
826.7881306	60.61670532
826.9637945	47.05205782
827.13946	9.889315598
827.3151271	41.92707472
827.4907958	29.29869395
827.666466	54.89510792
827.8421378	48.36765417
828.0178113	14.39528268
828.1934863	28.34526821
828.3691628	58.73426887
828.544841	26.64328378
828.7205208	56.34867092
828.8962021	40.44173124
829.071885	16.1837753
829.2475695	63.7055211
829.4232556	39.90409844
829.5989432	23.36669203
829.7746325	38.37694255
829.9503233	43.33761952
830.1260157	17.99172382
830.3017097	31.64517813
830.4774053	66.0359377
830.6531024	19.95896031
830.8288012	28.15364713
831.0045015	24.20487392
831.1802034	14.93032534
831.3559069	70.18899852
831.5316119	66.18404443
831.7073186	31.72711187
831.8830268	16.09212601
832.0587366	78.28425846
832.234448	46.97359846
832.410161	36.63938931
832.5858755	17.30115434
832.7615917	38.90140514
832.9373094	61.25019644
833.1130287	0.832465166
833.2887496	56.15229486
833.4644721	57.17277248
833.6401961	52.35041285
833.8159218	64.18063006
833.991649	42.48364946
834.1673778	42.59722775
834.3431082	58.14561858
834.5188401	87.72441264
834.6945737	54.03405
834.8703088	52.63128
835.0460455	56.49546973
835.2217838	69.9377402
835.3975237	25.26905385
835.5732652	66.09713162
835.7490082	30.15316709
835.9247528	45.38526721
836.100499	91.14210347
836.2762468	58.23512455
836.4519962	33.14304811
836.6277471	24.9505826
836.8034997	38.54618784
836.9792538	71.31675981
837.1550095	15.62860099
837.3307668	62.06411875
837.5065256	30.95870105
837.6822861	61.37166686
837.8580481	68.73082531
838.0338117	69.64895719
838.2095769	85.66261542
838.3853437	101.2279036
838.5611121	42.30593336
838.736882	42.11612491
838.9126535	50.1112259
839.0884266	39.1659129
839.2642013	91.49044949
839.4399776	41.39916766
839.6157554	1.001891219
839.7915349	72.52680381
839.9673159	30.14432358
840.1430985	73.53474715
840.3188827	32.73630795
840.4946684	61.7777195
840.6704558	75.79786863
840.8462447	92.20760559
841.0220352	70.32004184
841.1978273	49.09847882
841.373621	58.26605659
841.5494162	72.2493623
841.7252131	62.58994306
841.9010115	16.32361048
842.0768115	32.87450719
842.2526131	32.67711588
842.4284163	92.50453751
842.604221	14.70355093
842.7800274	38.65534961
842.9558353	99.14086547
843.1316448	22.61415363
843.3074559	25.29294723
843.4832685	63.18880028
843.6590828	67.93891239
843.8348986	62.53325904
844.010716	61.36671097
844.186535	72.33270293
844.3623556	47.36638989
844.5381777	79.25094478
844.7140015	55.95270929
844.8898268	79.65281258
845.0656537	46.00930442
845.2414822	71.09651286
845.4173123	78.94638374
845.5931439	44.93623886
845.7689771	24.05307743
845.944812	37.69054899
846.1206484	97.03271214
846.2964863	89.46920846
846.4723259	86.82738062
846.6481671	93.70102161
846.8240098	89.57640503
846.9998541	68.22830272
847.1757	86.49134926
847.3515475	56.03764003
847.5273965	28.11458543
847.7032472	71.59261959
847.8790994	65.83278259
848.0549532	43.28062623
848.2308086	76.50287516
848.4066655	68.2438077
848.5825241	79.60727496
848.7583842	42.51785414
848.9342459	67.26375821
849.1101092	83.31103749
849.2859741	31.59625674
849.4618406	33.08184408
849.6377086	89.20469775
849.8135783	69.30611025
849.9894495	106.5668811
850.1653223	0
850.3411966	61.81608282
850.5170726	42.04887023
850.6929501	86.62759204
850.8688293	66.36534862
851.04471	84.13222916
851.2205922	48.09995812
851.3964761	83.31841953
851.5723616	15.97883317
851.7482486	57.2874366
851.9241372	82.22276026
852.1000274	102.4193205
852.2759192	74.72637013
852.4518126	38.82865517
852.6277075	38.44840476
852.803604	67.0913774
852.9795021	107.1502995
853.1554018	91.2118808
853.3313031	104.0357967
853.507206	103.5943818
853.6831104	93.09177839
853.8590164	60.27908407
854.034924	63.26466552
854.2108332	98.19310669
854.386744	89.08280313
854.5626563	67.70690647
854.7385703	69.39164199
854.9144858	57.49569545
855.0904029	43.22809839
855.2663216	90.21442812
855.4422418	53.89339617
855.6181637	103.6554209
855.7940871	69.74373953
855.9700121	48.07169917
856.1459387	60.48540254
856.3218669	56.17273333
856.4977966	42.8557457
856.673728	37.76044979
856.8496609	68.09102071
857.0255954	98.06782619
857.2015315	77.01929683
857.3774691	42.88392298
857.5534084	136.8047033
857.7293492	78.15914475
857.9052916	82.53927522
858.0812356	49.3400849
858.2571812	83.64816804
858.4331284	57.13797686
858.6090771	72.24753932
858.7850275	51.44780353
858.9609794	97.05317213
859.1369329	67.22010221
859.3128879	58.35350584
859.4888446	76.74291527
859.6648028	52.63092826
859.8407626	74.42177596
860.0167241	112.8004288
860.192687	81.19436803
860.3686516	50.3636101
860.5446178	75.52886857
860.7205855	73.14557653
860.8965548	113.3650005
861.0725257	57.81143683
861.2484982	55.81300596
861.4244722	67.205281
861.6004479	77.8250882
861.7764251	50.64811248
861.9524039	75.44738363
862.1283843	60.25414919
862.3043663	128.3178351
862.4803498	59.69137307
862.656335	75.27399158
862.8323217	95.15332752
863.00831	65.72823598
863.1842999	77.57356065
863.3602914	102.0566449
863.5362844	162.5957367
863.712279	55.51507002
863.8882753	63.66629175
864.0642731	111.3865219
864.2402724	68.02005764
864.4162734	89.63796553
864.5922759	90.41056548
864.7682801	28.76000517
864.9442858	77.92616271
865.1202931	54.62483902
865.2963019	64.88572885
865.4723124	73.16021569
865.6483244	46.95270236
865.824338	38.36710759
866.0003533	94.62822646
866.17637	38.59077795
866.3523884	108.4528326
866.5284084	141.231488
866.7044299	69.34963954
866.880453	81.48490124
867.0564777	56.79119427
867.232504	81.44940034
867.4085318	89.60416987
867.5845613	101.1129418
867.7605923	57.72553792
867.9366249	37.18677474
868.1126591	71.15574725
868.2886949	76.19603545
868.4647322	75.44759081
868.6407712	100.5307337
868.8168117	78.71823575
868.9928538	85.75741771
869.1688975	104.9855942
869.3449427	117.7558733
869.5209896	51.79499303
869.697038	52.06713142
869.873088	89.97844805
870.0491396	70.21056404
870.2251928	48.30409603
870.4012476	88.55142093
870.5773039	86.57203126
870.7533618	60.58091999
870.9294214	83.89350556
871.1054824	120.1396988
871.2815451	134.5360553
871.4576094	108.1314168
871.6336752	92.95861968
871.8097426	48.47316926
871.9858116	155.8722501
872.1618822	115.0393796
872.3379544	148.1829256
872.5140281	112.7567087
872.6901035	106.10555
872.8661804	99.38594589
873.0422589	86.41871226
873.2183389	118.8348934
873.3944206	176.3600173
873.5705039	66.56123558
873.7465887	115.2492582
873.9226751	92.16796047
874.0987631	120.9211116
874.2748526	139.9505714
874.4509438	124.9535936
874.6270365	46.55534536
874.8031309	63.41760918
874.9792268	108.2833294
875.1553242	42.56974767
875.3314233	144.1912057
875.507524	93.77632647
875.6836262	186.5506327
875.85973	140.4742208
876.0358354	135.132572
876.2119424	86.9980509
876.3880509	144.2231158
876.5641611	56.1716292
876.7402728	98.47930076
876.9163861	97.25157587
877.092501	131.0751929
877.2686175	123.031233
877.4447355	105.1540155
877.6208552	109.9898687
877.7969764	113.8574229
877.9730992	121.1932417
878.1492236	76.90246935
878.3253495	136.6067754
878.5014771	102.3851398
878.6776062	102.0627781
878.8537369	165.9939565
879.0298692	90.21458616
879.2060031	78.1227068
879.3821386	114.0002885
879.5582756	141.9601584
879.7344142	154.1844327
879.9105544	143.4585616
880.0866962	124.5165231
880.2628396	130.2006377
880.4389845	96.96991893
880.6151311	89.35477079
880.7912792	101.1281173
880.9674289	126.0192382
881.1435802	141.1878339
881.3197331	207.4345208
881.4958875	154.5385955
881.6720435	63.35082343
881.8482011	119.4457331
882.0243603	136.9327697
882.2005211	117.9244973
882.3766835	97.59965815
882.5528474	102.8476732
882.7290129	128.5702958
882.90518	47.02253128
883.0813487	191.0112236
883.257519	39.24214548
883.4336909	113.6859432
883.6098643	76.36016378
883.7860393	142.0537563
883.9622159	50.89676007
884.1383941	115.0506366
884.3145739	146.7732232
884.4907552	92.77672397
884.6669381	100.2349212
884.8431227	130.9670785
885.0193087	102.0948319
885.1954964	173.7277945
885.3716857	108.994297
885.5478765	115.1990687
885.724069	119.0096631
885.900263	174.7273261
886.0764585	119.2856679
886.2526557	47.74133416
886.4288545	116.0189864
886.6050548	118.6516526
886.7812567	33.19925452
886.9574602	166.5585764
887.1336653	90.80867375
887.309872	74.56454731
887.4860802	102.9547218
887.66229	170.6639597
887.8385015	143.6223859
888.0147145	138.4948611
888.190929	152.5896501
888.3671452	154.4086648
888.5433629	117.3498896
888.7195823	153.1695593
888.8958032	74.31208137
889.0720256	101.8838449
889.2482497	141.7572603
889.4244754	65.45453959
889.6007026	94.86798208
889.7769314	135.6080431
889.9531618	56.39934023
890.1293938	126.8392521
890.3056274	147.2484604
890.4818625	144.5269374
890.6580992	154.3696219
890.8343376	109.2622983
891.0105775	178.8531576
891.1868189	114.6260942
891.363062	143.0250884
891.5393066	70.13272198
891.7155529	189.8981886
891.8918007	61.69395735
892.06805	66.98797513
892.244301	154.3069603
892.4205536	143.7921148
892.5968077	101.6220232
892.7730634	132.7177528
892.9493207	103.3298367
893.1255796	95.01452006
893.3018401	162.0489711
893.4781021	108.1876543
893.6543657	221.2618703
893.830631	201.7062538
894.0068977	120.4405694
894.1831661	82.7217064
894.3594361	126.0060739
894.5357076	173.2318767
894.7119807	220.6823872
894.8882555	175.6964381
895.0645317	102.4578841
895.2408096	154.7261105
895.4170891	141.5077065
895.5933701	172.3789977
895.7696527	179.3064293
895.9459369	103.7006542
896.1222227	184.3707809
896.2985101	24.09668784
896.474799	137.0464661
896.6510895	126.4266087
896.8273816	92.19305401
897.0036753	193.0474023
897.1799706	287.7069534
897.3562675	95.76424138
897.5325659	130.0391915
897.7088659	143.5943773
897.8851675	110.5820818
898.0614707	205.9769428
898.2377755	152.8576016
898.4140818	134.8388696
898.5903898	224.3157862
898.7666993	144.3907195
898.9430104	147.7730635
899.1193231	165.7705048
899.2956373	119.2778319
899.4719532	74.76138417
899.6482706	153.0693723
899.8245896	243.7086971
