360.1506696	106.5088414
360.3220786	288.4578335
360.4934893	338.8795561
360.6649015	66.94686732
360.8363152	64.4955031
361.0077306	53.2680256
361.1791475	62.77477777
361.3505661	166.273786
361.5219862	105.9871839
361.6934079	131.554147
361.8648311	79.66272357
362.036256	134.7451973
362.2076824	44.18627152
362.3791104	97.28633894
362.55054	95.77541055
362.7219712	148.0640523
362.893404	150.0801896
363.0648383	81.43264029
363.2362743	176.1353746
363.4077118	140.2369809
363.5791509	106.7408116
363.7505915	77.5230474
363.9220338	177.9742567
364.0934776	63.56615091
364.2649231	140.5233206
364.4363701	96.47133977
364.6078187	116.6312848
364.7792688	94.39146264
364.9507206	114.5891981
365.1221739	158.8103567
365.2936288	149.0536999
365.4650853	219.233469
365.6365434	43.57167654
365.8080031	256.1163392
365.9794643	126.2479611
366.1509272	72.37434881
366.3223916	105.6596002
366.4938576	190.552093
366.6653252	64.72860178
366.8367943	129.5534061
367.0082651	80.26997159
367.1797374	135.1559254
367.3512113	97.89598952
367.5226868	34.93028562
367.6941638	133.6986311
367.8656425	93.94038929
368.0371227	121.9743225
368.2086046	73.06452985
368.380088	210.0658517
368.5515729	18.63000722
368.7230595	48.28298069
368.8945477	81.432558
369.0660374	281.3583935
369.2375287	112.3338431
369.4090216	100.5466873
369.5805161	263.5862029
369.7520121	157.6357095
369.9235098	181.5196185
370.095009	149.9736776
370.2665098	215.9544205
370.4380122	173.5664246
370.6095162	218.1022292
370.7810217	152.5293884
370.9525288	144.9162898
371.1240376	148.9555158
371.2955479	188.3600854
371.4670597	86.84701255
371.6385732	175.4498787
371.8100883	173.8151584
371.9816049	94.63379215
372.1531231	226.195158
372.3246429	112.0426856
372.4961643	90.23122229
372.6676872	104.2321628
372.8392118	152.3720638
373.0107379	193.6432856
373.1822656	105.144092
373.3537949	115.3095032
373.5253257	117.8183101
373.6968582	80.92797096
373.8683922	110.1488402
374.0399279	120.462906
374.2114651	130.6723649
374.3830038	214.570346
374.5545442	174.7214365
374.7260861	92.75698516
374.8976297	64.35952299
375.0691748	133.3655821
375.2407215	22.91733241
375.4122698	89.04593812
375.5838196	122.7730578
375.7553711	212.7717335
375.9269241	243.0041398
376.0984787	251.3642576
376.2700349	32.48500449
376.4415926	125.3524521
376.613152	174.318096
376.7847129	122.614537
376.9562754	96.79058758
377.1278395	125.9061188
377.2994052	159.4821155
377.4709725	123.360483
377.6425413	57.05185287
377.8141118	206.3180318
377.9856838	220.7767939
378.1572574	131.4020553
378.3288325	105.9717676
378.5004093	134.7198452
378.6719876	258.7702422
378.8435676	63.59877913
379.0151491	103.5193309
379.1867322	310.9479724
379.3583168	232.5721504
379.5299031	226.9305603
379.7014909	170.3302322
379.8730803	145.3822307
380.0446713	171.0009779
380.2162639	209.8992562
380.3878581	85.34041158
380.5594538	117.0927344
380.7310511	144.5929555
380.9026501	271.6246772
381.0742506	228.5262471
381.2458526	58.44845514
381.4174563	316.8777252
381.5890615	430.0153375
381.7606683	200.6861643
381.9322768	173.4833058
382.1038867	197.6159883
382.2754983	242.9467205
382.4471115	73.48485974
382.6187262	131.3087147
382.7903425	224.0923378
382.9619604	12.20886347
383.1335799	163.9108348
383.305201	85.3636665
383.4768236	127.0843555
383.6484478	110.4153075
383.8200736	138.7026676
383.991701	217.692819
384.16333	113.684563
384.3349606	230.2550945
384.5065927	134.2046936
384.6782264	106.0007995
384.8498617	151.8909111
385.0214986	166.608356
385.1931371	179.317335
385.3647771	141.6117613
385.5364188	142.3109117
385.708062	159.9649076
385.8797068	253.5537775
386.0513532	199.7638985
386.2230011	146.4746879
386.3946507	164.6563272
386.5663018	101.4426911
386.7379545	194.9102557
386.9096088	131.8636511
387.0812647	207.7406203
387.2529221	123.8243734
387.4245812	218.5025741
387.5962418	102.1599795
387.767904	141.3961575
387.9395678	250.9862507
388.1112332	111.7711884
388.2829001	111.1935847
388.4545686	405.4365489
388.6262388	73.53457197
388.7979105	309.6857558
388.9695837	76.35977672
389.1412586	137.0703917
389.312935	89.85259755
389.4846131	13.83138281
389.6562927	104.9797385
389.8279739	165.7983953
389.9996566	164.4674331
390.171341	73.15376383
390.3430269	142.0161086
390.5147145	69.85688601
390.6864036	101.2873926
390.8580942	148.5498591
391.0297865	42.55095011
391.2014804	189.017122
391.3731758	59.4620354
391.5448728	57.14698791
391.7165714	159.5765604
391.8882716	214.8223547
392.0599734	99.4926058
392.2316767	132.8008138
392.4033816	130.5317263
392.5750881	109.1519354
392.7467962	264.2312171
392.9185059	178.1809439
393.0902172	188.8130976
393.26193	144.5725264
393.4336444	107.2121171
393.6053604	167.0730841
393.777078	96.21981639
393.9487972	181.6015799
394.1205179	234.5303014
394.2922403	132.9237326
394.4639642	109.7704809
394.6356897	110.9842175
394.8074167	102.0023706
394.9791454	92.16285965
395.1508757	162.8975571
395.3226075	138.9708536
395.4943409	132.9534845
395.6660759	103.2743174
395.8378125	161.3216978
396.0095506	158.1613913
396.1812903	90.58030209
396.3530317	174.3957679
396.5247746	144.5159087
396.6965191	250.1936599
396.8682651	111.9200813
397.0400128	205.114044
397.211762	141.3992319
397.3835128	180.6711499
397.5552652	62.96387142
397.7270192	129.8142264
397.8987748	92.05505761
398.0705319	125.8601977
398.2422906	202.7952881
398.4140509	106.5004694
398.5858128	77.48663488
398.7575763	103.9427031
398.9293414	197.1146771
399.101108	57.7687332
399.2728762	65.11741857
399.444646	82.60543179
399.6164174	131.8769666
399.7881904	119.3289486
399.9599649	163.7167541
400.1317411	155.2660182
400.3035188	149.8855875
400.4752981	176.9497284
400.6470789	88.99169944
400.8188614	116.0556808
400.9906454	140.8749113
401.1624311	134.5777854
401.3342183	97.73626383
401.5060071	139.537674
401.6777974	134.3512532
401.8495894	110.8741858
402.0213829	183.6475716
402.1931781	142.9563852
402.3649748	31.15735971
402.536773	162.5735302
402.7085729	124.0523011
402.8803744	109.9531306
403.0521774	41.4653795
403.223982	155.873926
403.3957882	74.77473799
403.567596	129.6345611
403.7394053	52.29816671
403.9112163	157.5384729
404.0830288	101.4923948
404.2548429	73.73718689
404.4266586	76.14495757
404.5984759	84.05219249
404.7702947	134.1238228
404.9421152	189.9216904
405.1139372	50.23891373
405.2857608	51.34267746
405.457586	154.0980528
405.6294127	89.45708241
405.8012411	111.2953078
405.973071	133.4102267
406.1449025	109.6796515
406.3167356	130.4155096
406.4885703	99.83869399
406.6604066	79.89823382
406.8322444	71.4401248
407.0040838	186.3253078
407.1759249	160.2183706
407.3477674	78.07430755
407.5196116	122.7906486
407.6914574	187.3349803
407.8633047	81.87765848
408.0351536	145.1263052
408.2070041	97.6281211
408.3788562	96.34477238
408.5507099	121.2825462
408.7225651	131.681819
408.894422	114.2402441
409.0662804	77.771208
409.2381404	93.63699228
409.4100019	115.8777043
409.5818651	92.53763498
409.7537298	66.82727464
409.9255962	102.5851366
410.0974641	95.04998346
410.2693336	136.0880624
410.4412046	104.8177564
410.6130773	57.69994735
410.7849515	57.38627041
410.9568274	156.4151001
411.1287048	160.1518735
411.3005837	128.984313
411.4724643	144.5901146
411.6443464	120.3002603
411.8162302	152.2652297
411.9881155	153.3551386
412.1600024	105.1167254
412.3318909	20.09326196
412.5037809	107.0514874
412.6756726	89.39654798
412.8475658	148.4434645
413.0194606	76.27600355
413.191357	136.7673558
413.363255	70.50444194
413.5351545	185.9953352
413.7070557	154.3452226
413.8789584	158.9257207
414.0508627	102.0884284
414.2227686	95.31585613
414.394676	128.6340438
414.5665851	97.17748565
414.7384957	113.7366621
414.9104079	77.88605682
415.0823217	101.8965816
415.2542371	158.0144013
415.426154	105.6025127
415.5980726	123.5399942
415.7699927	142.664493
415.9419144	73.04188033
416.1138377	102.332866
416.2857626	144.973949
416.457689	129.687835
416.6296171	146.7705421
416.8015467	58.14256943
416.9734779	93.52177667
417.1454107	65.86381671
417.317345	104.4457234
417.489281	109.2343677
417.6612185	78.2453008
417.8331576	117.8490148
418.0050983	128.1950373
418.1770406	106.4327548
418.3489845	113.8507736
418.5209299	51.07781774
418.6928769	66.86222718
418.8648255	57.80911164
419.0367757	110.4109995
419.2087275	84.40799415
419.3806808	129.3708734
419.5526358	81.67939658
419.7245923	145.4102574
419.8965504	120.8508129
420.0685101	85.8203417
420.2404713	168.4185604
420.4124342	71.90368484
420.5843986	110.3682596
420.7563646	132.75368
420.9283322	159.394386
421.1003014	127.7082158
421.2722722	113.4433517
421.4442445	165.8878639
421.6162184	162.3847959
421.7881939	123.1746785
421.960171	101.0711254
422.1321497	130.3231683
422.3041299	149.3192367
422.4761118	109.1044578
422.6480952	114.7847415
422.8200802	60.5527396
422.9920668	59.16917522
423.1640549	95.93254958
423.3360447	167.9554489
423.508036	170.35263
423.6800289	88.20272479
423.8520234	146.7668331
424.0240195	129.6670433
424.1960172	104.8490496
424.3680164	126.2501195
424.5400172	103.4054488
424.7120196	72.12415638
424.8840236	67.76079078
425.0560292	113.1496048
425.2280363	152.8476244
425.4000451	145.2459215
425.5720554	39.59007376
425.7440673	134.0941954
425.9160808	104.3171913
426.0880958	60.13366941
426.2601125	141.3150989
426.4321307	117.5199468
426.6041505	109.6391805
426.7761719	153.3869466
426.9481949	205.9246813
427.1202194	50.75448315
427.2922456	167.7213223
427.4642733	126.0272917
427.6363026	153.5569439
427.8083335	108.1604627
427.980366	151.9240961
428.1524	150.7012436
428.3244357	180.9680127
428.4964729	109.7836442
428.6685117	149.8396703
428.8405521	181.7305168
429.012594	152.3295021
429.1846376	76.75383908
429.3566827	100.0886685
429.5287294	112.4646971
429.7007777	143.1334457
429.8728276	120.2282699
430.044879	145.8071639
430.2169321	150.942278
430.3889867	97.90503788
430.5610429	119.0769661
430.7331007	91.5695254
430.9051601	111.7349978
431.077221	185.0046705
431.2492835	125.6752632
431.4213477	194.9883523
431.5934134	175.2693721
431.7654806	185.969171
431.9375495	132.9966146
432.10962	177.6644072
432.281692	147.0514815
432.4537656	82.74744203
432.6258408	159.7848925
432.7979176	183.0988013
432.9699959	138.0719438
433.1420759	195.746026
433.3141574	152.4413097
433.4862405	167.7600653
433.6583252	141.1517456
433.8304114	121.3242491
434.0024993	179.4064454
434.1745887	181.2202148
434.3466797	182.9401422
434.5187723	189.4751702
434.6908665	182.6441627
434.8629623	168.150957
435.0350596	151.2642042
435.2071586	169.0988494
435.3792591	214.7865706
435.5513612	198.8630949
435.7234648	127.2666095
435.8955701	187.0450965
436.0676769	154.3527051
436.2397854	189.3198926
436.4118954	152.2977579
436.5840069	171.2098511
436.7561201	193.3681663
436.9282349	160.2739944
437.1003512	216.6514408
437.2724691	244.5820374
437.4445886	163.7635909
437.6167097	194.1934683
437.7888324	208.5870563
437.9609566	195.2593187
438.1330824	221.7036605
438.3052098	193.6375507
438.4773388	209.5274546
438.6494694	238.6169839
438.8216016	249.59405
438.9937353	208.0153224
439.1658706	233.6394069
439.3380075	234.2268747
439.510146	223.4440494
439.6822861	226.040975
439.8544277	256.3780625
440.026571	216.05665
440.1987158	294.5241098
440.3708622	241.1372706
440.5430102	264.3417255
440.7151597	259.528603
440.8873109	281.762126
441.0594636	301.6928168
441.2316179	248.9607209
441.4037738	244.5912607
441.5759313	314.0079589
441.7480903	281.6101062
441.920251	258.1806379
442.0924132	306.9024942
442.264577	332.9510274
442.4367424	304.5435509
442.6089093	271.0491867
442.7810779	370.3680637
442.953248	351.1451931
443.1254197	310.1645634
443.297593	340.3069209
443.4697679	306.8386279
443.6419444	268.214182
443.8141224	380.2794927
443.9863021	375.4343424
444.1584833	358.3669919
444.3306661	445.2651087
444.5028504	374.4979568
444.6750364	350.9456155
444.8472239	367.9926464
445.019413	349.4795415
445.1916038	382.4812574
445.363796	392.0918509
445.5359899	417.037105
445.7081854	423.9159465
445.8803824	438.7966983
446.052581	439.1544161
446.2247812	422.3094361
446.396983	437.2436611
446.5691863	420.9376804
446.7413913	481.1513633
446.9135978	475.7981815
447.0858059	459.9026941
447.2580156	495.6872295
447.4302269	477.4544996
447.6024397	519.2780011
447.7746542	481.7984531
447.9468702	540.8966731
448.1190878	492.4296173
448.291307	596.5175502
448.4635278	548.7409477
448.6357501	625.1953015
448.807974	596.3783642
448.9801996	590.43781
449.1524266	599.0324354
449.3246553	612.2273007
449.4968856	634.9323973
449.6691174	668.7974072
449.8413509	669.304831
450.0135859	701.3027783
450.1858225	734.8164686
450.3580606	647.7736133
450.5303004	694.758311
450.7025417	748.3040479
450.8747846	744.5698722
451.0470291	775.3984699
451.2192752	789.6435442
451.3915229	817.5235309
451.5637722	808.0370772
451.736023	828.2462423
451.9082754	833.7683789
452.0805294	835.2774734
452.252785	881.0646292
452.4250421	901.0334993
452.5973009	904.1973673
452.7695612	896.8594603
452.9418231	864.4064286
453.1140866	995.3401431
453.2863517	952.7614578
453.4586183	907.3200473
453.6308866	983.3360896
453.8031564	965.6341871
453.9754278	984.3574568
454.1477008	1045.212493
454.3199753	1057.522446
454.4922515	1034.351729
454.6645292	1096.89288
454.8368085	1071.292209
455.0090894	1032.410037
455.1813719	1100.875361
455.353656	1043.951277
455.5259416	1059.433422
455.6982288	1108.139364
455.8705176	1106.440978
456.042808	1077.049989
456.2151	1142.882638
456.3873936	1119.774458
456.5596887	1114.704844
456.7319854	1105.646384
456.9042837	1078.915231
457.0765836	1102.835117
457.2488851	1094.806237
457.4211881	1120.027169
457.5934928	1063.01548
457.765799	1104.577684
457.9381068	1097.77455
458.1104161	1103.839173
458.2827271	1044.776492
458.4550396	1020.826846
458.6273538	1112.367584
458.7996695	1029.532685
458.9719868	1056.809529
459.1443056	1025.295573
459.3166261	1002.216725
459.4889481	1014.766235
459.6612718	1019.015403
459.833597	1034.951702
460.0059237	1081.48391
460.1782521	978.2423947
460.3505821	946.7432865
460.5229136	1038.369043
460.6952467	928.2274005
460.8675814	942.2993896
461.0399177	945.5880022
461.2122555	882.3272253
461.384595	888.9527189
461.556936	908.2303652
461.7292786	893.4406436
461.9016228	885.8624826
462.0739686	859.7454639
462.2463159	837.1263761
462.4186649	830.2680572
462.5910154	849.5518888
462.7633675	831.2503298
462.9357212	786.6802647
463.1080764	824.0958845
463.2804333	748.5759004
463.4527917	750.1362089
463.6251517	784.8250922
463.7975133	736.4081874
463.9698765	749.8577686
464.1422413	716.4032018
464.3146076	750.2732373
464.4869755	690.9363016
464.659345	751.8260579
464.8317161	689.5744369
465.0040888	691.4957989
465.176463	692.3079449
465.3488389	674.2969608
465.5212163	680.5218481
465.6935953	664.6792583
465.8659759	643.3805621
466.038358	675.7978311
466.2107418	666.8426931
466.3831271	623.7008229
466.555514	625.1089005
466.7279025	677.2862248
466.9002926	615.6550706
467.0726843	650.9054335
467.2450775	668.0384386
467.4174723	632.0577981
467.5898687	627.2825937
467.7622667	631.4311257
467.9346663	600.4567537
468.1070675	645.9579568
468.2794702	609.3352757
468.4518745	601.9604845
468.6242804	626.588303
468.7966879	604.7037561
468.969097	629.5631702
469.1415076	583.1722658
469.3139198	630.9931016
469.4863336	615.1535423
469.658749	633.6367951
469.831166	641.0763128
470.0035846	617.4805149
470.1760047	599.0996846
470.3484264	631.554185
470.5208497	604.147664
470.6932746	574.2615616
470.8657011	601.957816
471.0381292	606.1882932
471.2105588	567.7064691
471.38299	609.2547853
471.5554228	621.4658122
471.7278572	565.1102633
471.9002932	616.6593632
472.0727307	602.6025725
472.2451698	578.7305646
472.4176106	595.4888706
472.5900528	558.6457237
472.7624967	571.418075
472.9349422	569.4580141
473.1073892	569.4821364
473.2798378	549.8287644
473.4522881	585.1044617
473.6247398	562.0887772
473.7971932	574.7759187
473.9696482	541.3831588
474.1421047	517.7687549
474.3145628	539.9926188
474.4870225	504.1962793
474.6594838	534.3524775
474.8319467	551.461616
475.0044111	525.5750758
475.1768771	519.9299969
475.3493448	509.4124599
475.5218139	503.3010987
475.6942847	515.2409215
475.8667571	476.3233193
476.039231	498.5914078
476.2117065	508.2131223
476.3841836	490.4827332
476.5566623	474.6987338
476.7291426	490.043519
476.9016245	480.8815972
477.0741079	469.7691269
477.2465929	455.6752385
477.4190795	467.490063
477.5915677	453.4243756
477.7640575	454.8880272
477.9365488	450.8151955
478.1090417	421.7581708
478.2815362	444.7001928
478.4540323	447.1896935
478.62653	437.3911884
478.7990293	435.8909872
478.9715301	439.6891269
479.1440325	463.6579531
479.3165365	439.5032927
479.4890421	438.2062128
479.6615493	432.9913847
479.834058	419.7511266
480.0065684	433.923493
480.1790803	421.874156
480.3515938	408.9641307
480.5241089	427.7159397
480.6966255	480.7119687
480.8691438	412.8094805
481.0416636	398.0607872
481.214185	377.7324755
481.386708	393.1933455
481.5592326	404.8124427
481.7317588	408.8335969
481.9042865	398.1169094
482.0768158	420.2090604
482.2493467	404.115358
482.4218792	430.5148436
482.5944133	395.7231408
482.7669489	400.1471398
482.9394862	375.5961347
483.112025	412.7832792
483.2845654	362.2179621
483.4571074	396.4403553
483.6296509	405.9262435
483.8021961	407.7229733
483.9747428	380.2448749
484.1472911	419.633102
484.319841	424.1796888
484.4923925	410.2998766
484.6649455	391.0717391
484.8375002	406.1825602
485.0100564	409.6590599
485.1826142	420.1636943
485.3551736	407.1812294
485.5277346	389.9302334
485.7002971	403.0927476
485.8728612	392.7752482
486.045427	372.4155608
486.2179943	390.865013
486.3905631	403.5587697
486.5631336	401.5539197
486.7357057	403.0831053
486.9082793	399.160861
487.0808545	398.7375048
487.2534313	419.0372278
487.4260097	396.0532417
487.5985896	380.5548572
487.7711712	404.4756497
487.9437543	411.0279292
488.116339	400.2915771
488.2889253	412.9297102
488.4615131	390.1303699
488.6341026	393.4328878
488.8066936	402.4436767
488.9792862	410.236767
489.1518804	392.3387368
489.3244762	404.6757712
489.4970736	384.3595852
489.6696725	421.4136533
489.8422731	415.6717131
490.0148752	399.5885327
490.1874789	398.0811414
490.3600841	403.1531626
490.532691	396.4154582
490.7052994	437.7995015
490.8779094	393.1191387
491.050521	406.390063
491.2231342	398.8746176
491.395749	408.0955972
491.5683654	410.7124367
491.7409833	441.7999924
491.9136028	391.4263941
492.0862239	398.4312028
492.2588466	395.1555791
492.4314708	398.2609958
492.6040967	465.9804932
492.7767241	419.4103063
492.9493531	426.4234695
493.1219837	410.2822171
493.2946159	415.5529341
493.4672496	407.3939928
493.639885	412.0398437
493.8125219	406.344794
493.9851604	403.3588259
494.1578005	399.5068724
494.3304422	422.0349602
494.5030854	419.4346254
494.6757302	411.1082774
494.8483767	396.0115412
495.0210247	409.1742485
495.1936742	402.949313
495.3663254	409.2793837
495.5389781	404.8005499
495.7116325	420.2864012
495.8842884	420.2763584
496.0569459	404.3774391
496.229605	413.5257513
496.4022656	411.1651673
496.5749278	423.5333929
496.7475917	394.666388
496.9202571	392.6574568
497.0929241	400.4964206
497.2655926	401.9921663
497.4382628	395.1478228
497.6109345	404.4626185
497.7836078	399.1041789
497.9562827	393.5894077
498.1289592	432.2652438
498.3016373	404.9469565
498.4743169	402.7293003
498.6469981	422.2854577
498.8196809	395.3415688
498.9923653	388.406576
499.1650513	402.9013102
499.3377389	419.5590697
499.510428	388.9471611
499.6831187	427.6975926
499.855811	412.0748466
500.0285049	427.8517733
500.2012004	394.9044674
500.3738974	413.7146687
500.5465961	397.0352455
500.7192963	412.0861869
500.8919981	415.7419856
501.0647014	404.0040705
501.2374064	395.6937899
501.410113	387.7423241
501.5828211	406.5276334
501.7555308	405.9300557
501.9282421	423.312234
502.100955	413.1226808
502.2736694	407.1787991
502.4463854	426.5439691
502.6191031	438.0490792
502.7918223	418.2286684
502.9645431	412.0519087
503.1372654	414.4604917
503.3099894	406.2567015
503.4827149	408.9221694
503.655442	383.8840065
503.8281707	399.0201111
504.000901	410.0401862
504.1736329	426.9924223
504.3463663	425.9829545
504.5191013	400.5280489
504.6918379	438.830238
504.8645761	417.2500901
505.0373159	397.1049591
505.2100572	402.9949281
505.3828002	411.4098073
505.5555447	399.530794
505.7282908	407.4717243
505.9010385	410.7465961
506.0737878	405.5492226
506.2465386	406.2218568
506.419291	395.6618909
506.5920451	399.8241063
506.7648006	418.4928164
506.9375578	398.033046
507.1103166	413.4009519
507.2830769	412.7638756
507.4558389	388.5044335
507.6286024	404.2240016
507.8013675	396.9077763
507.9741341	407.7065899
508.1469024	414.4449857
508.3196722	416.1344306
508.4924436	400.7893075
508.6652166	411.2810747
508.8379912	427.9482631
509.0107674	384.6137983
509.1835451	388.539288
509.3563245	418.233333
509.5291054	425.8784855
509.7018879	424.0462649
509.874672	409.8652773
510.0474576	392.9740041
510.2202449	409.023706
510.3930337	396.6143024
510.5658241	403.4736574
510.7386161	419.7218018
510.9114097	415.8371881
511.0842048	408.9937881
511.2570015	407.0045767
511.4297999	399.4852676
511.6025998	407.4896432
511.7754013	417.7579298
511.9482043	392.0856746
512.121009	415.9617555
512.2938152	396.1348078
512.466623	391.5679454
512.6394324	398.8719113
512.8122434	411.7009528
512.9850559	401.7843537
513.1578701	413.3769494
513.3306858	393.6524629
513.5035031	396.9248859
513.676322	394.098582
513.8491425	397.9765311
514.0219645	392.9109392
514.1947882	404.7773598
514.3676134	403.7370715
514.5404402	401.5025396
514.7132686	396.1621852
514.8860985	400.574227
515.0589301	427.0539932
515.2317632	401.5797176
515.4045979	407.6065904
515.5774342	390.3392174
515.7502721	395.4104128
515.9231116	389.6217448
516.0959526	379.4457878
516.2687952	401.4186253
516.4416394	392.4861168
516.6144852	396.2652147
516.7873326	378.2804266
516.9601816	374.5409259
517.1330321	393.3807077
517.3058842	389.0165038
517.4787379	388.6107877
517.6515932	365.2952121
517.8244501	381.4378522
517.9973085	388.5620952
518.1701685	391.5393685
518.3430302	399.6726516
518.5158933	404.4989991
518.6887581	406.4652351
518.8616245	382.9213165
519.0344924	387.6801537
519.2073619	368.7582685
519.3802331	395.247766
519.5531057	382.7222421
519.72598	408.0132393
519.8988559	376.8759762
520.0717333	385.5220726
520.2446123	383.37482
520.4174929	391.9006433
520.5903751	382.1152408
520.7632589	397.5828433
520.9361442	388.8026529
521.1090311	377.1576977
521.2819197	365.8742159
521.4548098	389.2117252
521.6277014	394.2116236
521.8005947	363.0581049
521.9734895	392.2325582
522.146386	396.4889787
522.319284	375.3950546
522.4921836	388.8685811
522.6650847	378.1764833
522.8379875	393.9066159
523.0108918	365.1156524
523.1837977	375.5378243
523.3567052	388.1650025
523.5296143	383.6443449
523.702525	370.0810131
523.8754372	379.3310629
524.0483511	381.1127432
524.2212665	354.9522482
524.3941835	365.0795049
524.567102	393.5319034
524.7400222	371.8492458
524.9129439	380.4543098
525.0858673	382.7577464
525.2587922	351.1206873
525.4317187	366.3420525
525.6046467	388.2519783
525.7775764	361.397329
525.9505076	377.7028052
526.1234404	378.9407515
526.2963748	364.0227074
526.4693108	376.1706437
526.6422484	368.8944592
526.8151875	368.4461949
526.9881283	365.1307937
527.1610706	375.6833183
527.3340145	357.8388906
527.5069599	369.8536137
527.679907	362.6714106
527.8528556	385.8966825
528.0258059	360.4327897
528.1987577	359.743017
528.371711	377.2840746
528.544666	345.3663402
528.7176226	371.7746166
528.8905807	383.2717484
529.0635404	381.66433
529.2365017	364.1920334
529.4094646	369.628211
529.5824291	387.1210197
529.7553951	372.6756643
529.9283627	387.5021445
530.101332	360.4355187
530.2743027	361.1636301
530.4472751	365.7402813
530.6202491	368.1097545
530.7932246	361.3420549
530.9662017	363.0406355
531.1391805	352.2055514
531.3121607	365.8896339
531.4851426	378.9044054
531.6581261	362.3803807
531.8311111	368.4712512
532.0040977	368.2725587
532.1770859	372.088006
532.3500757	357.2509686
532.5230671	365.5322419
532.69606	372.6319046
532.8690545	375.1951297
533.0420506	378.5217582
533.2150483	380.6830436
533.3880476	370.0521783
533.5610485	359.6756714
533.7340509	367.8359326
533.9070549	372.8052924
534.0800605	372.7714349
534.2530677	355.9720447
534.4260765	345.5767526
534.5990868	361.7097572
534.7720988	361.0895866
534.9451123	353.1349071
535.1181274	346.6601685
535.2911441	356.2652155
535.4641623	377.2619411
535.6371822	360.7576103
535.8102036	366.4466826
535.9832266	368.6022519
536.1562512	364.5574577
536.3292774	383.6426507
536.5023052	366.5483464
536.6753345	371.789775
536.8483654	355.8449762
537.0213979	371.7900925
537.194432	354.8820398
537.3674677	368.7101462
537.5405049	353.7820148
537.7135438	374.7108758
537.8865842	351.9903554
538.0596262	358.6661341
538.2326698	363.8373169
538.4057149	353.7743035
538.5787617	365.1718083
538.75181	369.0733922
538.9248599	348.8296968
539.0979114	356.7807743
539.2709645	377.4492597
539.4440191	359.0587694
539.6170754	344.347271
539.7901332	365.9513904
539.9631926	362.4927735
540.1362536	368.9642492
540.3093161	360.9420668
540.4823803	346.5029773
540.655446	354.7087385
540.8285133	372.1694539
541.0015822	362.6096155
541.1746527	345.1224574
541.3477248	351.6257499
541.5207984	359.9130539
541.6938737	350.1311425
541.8669505	363.4776547
542.0400289	359.6041848
542.2131088	356.6160799
542.3861904	361.3758958
542.5592735	350.554802
542.7323583	352.1238048
542.9054446	360.0193556
543.0785324	365.1778481
543.2516219	369.2122602
543.424713	361.9590944
543.5978056	357.3495221
543.7708998	350.5681368
543.9439956	349.7607636
544.117093	353.3911671
544.290192	352.4314423
544.4632925	361.0352357
544.6363946	365.9053905
544.8094983	351.0016093
544.9826036	351.2904256
545.1557105	353.9908164
545.328819	356.115823
545.501929	353.1101819
545.6750406	355.7859274
545.8481538	358.2187653
546.0212686	352.2631771
546.194385	357.8185298
546.3675029	351.829131
546.5406225	352.2820385
546.7137436	348.0209649
546.8868663	353.8176213
547.0599906	364.2906366
547.2331164	343.3365355
547.4062439	341.2227505
547.5793729	356.9665104
547.7525035	354.4447278
547.9256357	359.5724933
548.0987695	347.474082
548.2719048	359.8606448
548.4450418	362.8574764
548.6181803	345.3278264
548.7913204	344.609768
548.9644621	338.5217774
549.1376053	346.2755524
549.3107502	361.3613334
549.4838966	357.6534209
549.6570446	339.2590617
549.8301942	353.472862
550.0033454	350.3676362
550.1764982	360.9118082
550.3496525	346.8972475
550.5228084	355.2149858
550.6959659	354.5023957
550.869125	342.5328186
551.0422857	364.550378
551.215448	353.2577638
551.3886118	335.2556839
551.5617772	339.9058811
551.7349442	346.4814606
551.9081128	340.8865925
552.081283	337.9840103
552.2544547	346.2160168
552.4276281	337.5804382
552.600803	349.0548513
552.7739795	337.3583072
552.9471576	337.4466202
553.1203372	330.3701339
553.2935185	341.5666462
553.4667013	342.3726113
553.6398857	342.4626947
553.8130717	323.5804325
553.9862593	330.2909947
554.1594484	340.6450743
554.3326392	326.4715701
554.5058315	322.7243651
554.6790254	338.4139297
554.8522209	333.5526489
555.0254179	341.1907047
555.1986166	318.905492
555.3718168	328.6874728
555.5450186	348.9323767
555.718222	332.1209265
555.891427	316.781341
556.0646336	325.9439569
556.2378417	331.5880455
556.4110514	324.7935282
556.5842627	331.6550597
556.7574756	323.2952641
556.9306901	324.2674137
557.1039062	327.4343926
557.2771238	334.6463911
557.450343	329.1651061
557.6235638	339.9408168
557.7967862	325.0696375
557.9700102	324.1769861
558.1432357	321.4024679
558.3164628	318.2358963
558.4896916	319.056729
558.6629219	323.1931375
558.8361537	316.9301842
559.0093872	325.1675759
559.1826222	326.1186453
559.3558589	327.297381
559.5290971	326.2976272
559.7023369	323.0911009
559.8755782	323.7193207
560.0488212	322.3959869
560.2220657	317.2800582
560.3953118	318.1689112
560.5685595	330.6245766
560.7418088	329.1306915
560.9150597	320.8094246
561.0883121	304.4525563
561.2615662	315.3840671
561.4348218	319.4109381
561.608079	314.7562407
561.7813378	311.5333922
561.9545981	326.3873785
562.1278601	307.6214426
562.3011236	306.5251985
562.4743887	319.2793993
562.6476554	313.2341294
562.8209237	315.741023
562.9941935	327.7462933
563.167465	318.9060184
563.340738	309.2124637
563.5140126	322.6674563
563.6872888	324.5336199
563.8605665	303.891682
564.0338459	312.0783118
564.2071268	315.4096888
564.3804093	319.165436
564.5536934	312.0945092
564.7269791	300.4127317
564.9002664	305.4923668
565.0735552	312.657335
565.2468456	306.1198344
565.4201376	310.7274317
565.5934312	302.194867
565.7667264	321.5392955
565.9400231	302.2691863
566.1133215	316.5329311
566.2866214	307.2978939
566.4599229	304.9439023
566.633226	304.1579244
566.8065306	304.2947825
566.9798369	300.6078716
567.1531447	301.0436936
567.3264541	299.2278303
567.4997651	303.3333849
567.6730777	306.0543814
567.8463919	305.0858804
568.0197076	299.8752009
568.1930249	301.05609
568.3663438	305.3572676
568.5396643	296.5521698
568.7129864	293.5399643
568.8863101	282.9648808
569.0596353	290.9325895
569.2329621	295.6468187
569.4062905	303.9220778
569.5796205	297.6760638
569.7529521	295.6548544
569.9262852	290.2534835
570.0996199	291.2860547
570.2729563	287.6251698
570.4462941	290.0073489
570.6196336	305.4192641
570.7929747	279.3872789
570.9663173	297.1112024
571.1396616	282.9689439
571.3130074	287.3087087
571.4863547	281.2328868
571.6597037	289.9939064
571.8330543	285.5075426
572.0064064	303.3743001
572.1797601	289.4699118
572.3531154	284.9759667
572.5264723	278.8714767
572.6998308	274.5655038
572.8731908	279.1618877
573.0465525	283.9213258
573.2199157	280.1856949
573.3932805	275.2970059
573.5666468	272.2099224
573.7400148	285.1227942
573.9133843	283.3140594
574.0867555	293.7473077
574.2601282	277.7221096
574.4335025	279.2995811
574.6068783	289.4404588
574.7802558	284.6457537
574.9536348	277.7212963
575.1270154	295.6689638
575.3003976	274.7395401
575.4737814	282.3958589
575.6471668	274.0036289
575.8205537	275.4187449
575.9939423	269.995483
576.1673324	277.1108184
576.3407241	275.1365107
576.5141173	273.5443813
576.6875122	260.2678575
576.8609086	270.8897025
577.0343067	273.6215987
577.2077063	279.7241737
577.3811075	267.9290754
577.5545102	277.1779569
577.7279146	276.5855625
577.9013205	257.7487084
578.074728	286.5424906
578.2481371	270.2063893
578.4215478	263.3873528
578.5949601	270.2786198
578.7683739	257.0011132
578.9417894	264.8975977
579.1152064	268.899427
579.288625	257.5246084
579.4620451	263.6331976
579.6354669	268.7739575
579.8088902	268.1273055
579.9823152	263.7173025
580.1557417	264.8522876
580.3291698	257.1054949
580.5025994	249.5105375
580.6760307	265.9710859
580.8494635	265.5077479
581.0228979	262.7969586
581.1963339	263.4456661
581.3697715	262.4846376
581.5432107	256.855301
581.7166514	261.0509286
581.8900937	257.7837612
582.0635377	267.3362545
582.2369832	261.2296601
582.4104302	263.1494734
582.5838789	267.306207
582.7573291	262.4981996
582.9307809	264.8808552
583.1042344	262.2411699
583.2776893	257.2850532
583.4511459	259.7279919
583.6246041	258.3156771
583.7980638	266.9492338
583.9715251	251.6847035
584.144988	255.9988155
584.3184525	255.8437811
584.4919186	257.2129081
584.6653862	261.478803
584.8388554	254.6657693
585.0123262	253.8564646
585.1857986	256.3440011
585.3592726	246.568445
585.5327482	262.4162054
585.7062253	257.9841387
585.879704	251.734025
586.0531843	258.3789817
586.2266662	243.9432995
586.4001497	250.6807918
586.5736347	254.1880877
586.7471214	230.3669517
586.9206096	249.0002876
587.0940994	244.7489384
587.2675908	254.3429087
587.4410837	250.2665349
587.6145783	252.8481041
587.7880744	245.0038382
587.9615721	248.1942082
588.1350714	253.8408809
588.3085723	244.5842792
588.4820748	238.4303229
588.6555788	244.1074276
588.8290844	250.9844884
589.0025916	242.2171613
589.1761004	239.2988238
589.3496108	247.0931612
589.5231227	250.9605485
589.6966363	254.062988
589.8701514	244.5010294
590.0436681	248.436545
590.2171864	245.8930385
590.3907062	236.5262924
590.5642277	251.6885147
590.7377507	238.8329673
590.9112753	240.4481797
591.0848015	241.4113673
591.2583293	241.8709668
591.4318586	244.4299439
591.6053896	243.6371816
591.7789221	248.6165656
591.9524562	240.3042109
592.1259919	239.6529143
592.2995291	246.3114645
592.473068	242.0566982
592.6466084	235.0288583
592.8201504	226.4274723
592.993694	231.9377341
593.1672392	237.2745658
593.340786	242.1401031
593.5143343	239.462714
593.6878843	234.7012524
593.8614358	241.8132385
594.0349889	237.0028432
594.2085435	235.6080915
594.3820998	245.3228982
594.5556576	247.3667636
594.7292171	240.6501824
594.9027781	239.1366123
595.0763406	243.9431896
595.2499048	232.4326709
595.4234706	243.3708396
595.5970379	243.6455839
595.7706068	239.2239049
595.9441773	241.5073947
596.1177494	237.0138632
596.2913231	244.3350842
596.4648983	245.3535963
596.6384751	237.0658423
596.8120535	250.4321083
596.9856335	240.6846209
597.1592151	237.0988953
597.3327983	241.8182024
597.506383	238.8252413
597.6799693	237.5547098
597.8535572	230.8227084
598.0271467	248.11659
598.2007378	244.3155437
598.3743304	233.0665754
598.5479247	240.4833598
598.7215205	231.3229857
598.8951179	242.4840386
599.0687168	242.1412112
599.2423174	248.4483655
599.4159196	243.0038843
599.5895233	240.0939123
599.7631286	255.2517578
599.9367355	239.0640715
600.110344	241.4393988
600.283954	245.8546341
600.4575657	236.2514032
600.6311789	233.5015958
600.8047937	239.9597263
600.9784101	248.3304877
601.152028	239.4872998
601.3256476	233.7003438
601.4992687	240.9501161
601.6728914	248.4530541
601.8465157	234.8992962
602.0201416	235.3113076
602.1937691	247.6143583
602.3673981	247.5544732
602.5410287	235.9008295
602.7146609	240.068386
602.8882947	229.1616867
603.0619301	238.1301531
603.2355671	251.8060322
603.4092056	247.7803042
603.5828457	244.163559
603.7564874	240.8399922
603.9301307	236.175942
604.1037756	249.767341
604.277422	244.0486848
604.4510701	232.6340744
604.6247197	229.7353481
604.7983709	233.4737733
604.9720237	243.1003928
605.145678	239.3845097
605.319334	230.5061499
605.4929915	248.7205969
605.6666506	244.9808583
605.8403113	249.3873355
606.0139736	248.8581318
606.1876374	244.6322699
606.3613028	236.4763997
606.5349699	240.7562048
606.7086385	251.3547102
606.8823087	250.1847074
607.0559804	233.9623114
607.2296538	243.2771025
607.4033287	243.0358874
607.5770052	242.1719595
607.7506833	257.6492749
607.924363	238.5903852
608.0980443	235.5208241
608.2717271	249.5308569
608.4454115	239.8177611
608.6190975	240.5233579
608.7927851	247.7909663
608.9664743	245.303168
609.1401651	239.2244266
609.3138574	244.3121297
609.4875513	243.2383737
609.6612468	241.965476
609.8349439	242.2736264
610.0086426	238.8507727
610.1823428	243.2565707
610.3560446	248.6101445
610.5297481	238.3917999
610.7034531	240.1777827
610.8771596	241.732976
611.0508678	240.4421869
611.2245775	241.8294484
611.3982889	251.2360921
611.5720018	247.6322942
611.7457163	240.3227722
611.9194323	244.6596455
612.09315	253.3672358
612.2668692	243.3300636
612.44059	237.1996713
612.6143124	239.5317135
612.7880364	244.438924
612.961762	244.6672963
613.1354891	238.2842182
613.3092179	245.0807427
613.4829482	241.6792347
613.6566801	257.9933907
613.8304136	243.2897454
614.0041486	236.0119956
614.1778853	248.3803085
614.3516235	253.5237722
614.5253633	257.3891766
614.6991047	254.9005627
614.8728477	250.9682809
615.0465922	247.0760899
615.2203383	250.0278617
615.3940861	241.0722437
615.5678354	246.1187127
615.7415863	251.7669628
615.9153387	240.7720999
616.0890928	252.3570242
616.2628484	258.5223569
616.4366056	251.6178268
616.6103644	251.4779277
616.7841248	248.0385367
616.9578867	239.0756376
617.1316503	255.4127488
617.3054154	254.0773671
617.4791821	249.0497561
617.6529504	262.3637332
617.8267203	250.9606706
618.0004917	242.2447723
618.1742648	243.7319276
618.3480394	247.367247
618.5218156	265.7111247
618.6955934	253.0773612
618.8693727	255.7846293
619.0431537	247.9392374
619.2169362	248.2612947
619.3907203	247.9282791
619.564506	267.2025127
619.7382933	250.3859101
619.9120822	250.8448695
620.0858726	245.3483926
620.2596646	240.9638825
620.4334582	248.2576875
620.6072534	253.7604962
620.7810502	252.2860831
620.9548486	259.9220306
621.1286485	244.517695
621.30245	255.3996118
621.4762531	259.4892267
621.6500578	263.7076249
621.8238641	256.9851839
621.9976719	259.3008963
622.1714813	252.9685711
622.3452923	251.8277185
622.5191049	257.3075507
622.6929191	252.1262841
622.8667349	249.3120958
623.0405522	250.6026843
623.2143711	252.296485
623.3881917	255.69881
623.5620137	255.8890814
623.7358374	265.1677787
623.9096627	264.5154131
624.0834895	253.2349868
624.2573179	253.4785422
624.4311479	262.5398212
624.6049795	262.6382232
624.7788127	251.4155765
624.9526474	258.1228683
625.1264837	270.3217686
625.3003217	254.8603106
625.4741612	254.1755405
625.6480022	264.512417
625.8218449	258.5543419
625.9956891	263.9887669
626.169535	263.0174973
626.3433824	252.6989195
626.5172313	250.5330099
626.6910819	264.7864928
626.8649341	261.3128748
627.0387878	266.1967004
627.2126431	264.0953183
627.3865	263.0251729
627.5603585	258.8158321
627.7342186	256.3683115
627.9080802	262.7895302
628.0819434	262.6943073
628.2558083	261.5885011
628.4296747	273.1703777
628.6035426	270.8686228
628.7774122	268.397893
628.9512833	261.3087465
629.1251561	256.0901128
629.2990304	266.5038321
629.4729062	252.9411975
629.6467837	265.0760406
629.8206628	261.7945709
629.9945434	278.2107572
630.1684256	262.0309239
630.3423094	263.9008904
630.5161948	266.5434712
630.6900818	268.2224174
630.8639703	263.4862078
631.0378604	258.61521
631.2117522	263.9296791
631.3856455	260.5870785
631.5595403	259.0586359
631.7334368	271.3315272
631.9073348	268.0455571
632.0812344	259.2731671
632.2551357	259.1873663
632.4290384	273.1781256
632.6029428	264.8156846
632.7768488	265.3084284
632.9507563	268.4323211
633.1246654	273.4864125
633.2985761	272.6895809
633.4724884	255.1373644
633.6464023	247.7930233
633.8203177	264.9998492
633.9942347	261.529539
634.1681533	274.2823523
634.3420735	254.7269426
634.5159953	275.377692
634.6899187	250.3876164
634.8638436	264.7256481
635.0377701	263.5979972
635.2116982	258.2803991
635.3856279	256.0697968
635.5595592	261.9536337
635.7334921	266.7686649
635.9074265	263.9151249
636.0813625	263.2682548
636.2553001	261.8592489
636.4292393	255.4556635
636.60318	268.5739593
636.7771224	279.842391
636.9510663	271.0082445
637.1250118	261.9954192
637.2989589	275.5281098
637.4729076	273.6034303
637.6468579	263.5841461
637.8208097	259.3405981
637.9947631	267.5250833
638.1687181	274.04882
638.3426747	273.6386893
638.5166329	265.8811189
638.6905926	267.537254
638.864554	266.2972184
639.0385169	273.0912802
639.2124814	261.347115
639.3864475	283.1347375
639.5604151	262.9697625
639.7343844	280.102177
639.9083552	259.4297058
640.0823276	267.0628605
640.2563016	261.2991076
640.4302772	260.5286071
640.6042543	263.9461751
640.7782331	261.319198
640.9522134	257.8124006
641.1261953	259.0298167
641.3001788	264.415733
641.4741639	269.6158739
641.6481505	261.6931658
641.8221387	254.0009521
641.9961286	264.4045579
642.17012	279.0029822
642.3441129	262.8941005
642.5181075	267.6536395
642.6921037	269.725692
642.8661014	255.4728728
643.0401007	256.4504435
643.2141016	258.6745533
643.3881041	270.9117335
643.5621081	264.5294765
643.7361138	260.4838414
643.910121	260.69126
644.0841298	269.3416801
644.2581402	258.797173
644.4321521	245.4182017
644.6061657	273.1217035
644.7801808	260.632939
644.9541975	265.6768378
645.1282158	254.6783531
645.3022357	258.3428239
645.4762572	254.3367466
645.6502802	255.0435422
645.8243048	261.8515107
645.9983311	256.8742493
646.1723589	254.9595414
646.3463882	262.0359025
646.5204192	268.2299807
646.6944517	261.7653111
646.8684858	261.96098
647.0425215	255.5191199
647.2165588	251.003918
647.3905977	253.9948514
647.5646382	255.8938959
647.7386802	261.8783887
647.9127238	245.3592595
648.086769	250.4041715
648.2608158	254.8448146
648.4348641	258.6553364
648.6089141	254.4406016
648.7829656	243.4914057
648.9570187	249.268642
649.1310734	254.02393
649.3051297	257.9641545
649.4791875	256.0105577
649.653247	256.3695538
649.827308	236.0884293
650.0013706	246.1175665
650.1754348	257.3064395
650.3495006	264.2574953
650.5235679	241.3606037
650.6976368	259.7443574
650.8717074	254.2635404
651.0457795	250.2152329
651.2198531	254.5526432
651.3939284	252.0587538
651.5680052	247.3395062
651.7420837	252.6460786
651.9161637	262.3869536
652.0902453	246.15375
652.2643284	244.0287529
652.4384132	258.3020028
652.6124995	246.955683
652.7865875	247.4315182
652.960677	254.7308228
653.134768	241.7349843
653.3088607	241.1714902
653.482955	236.1686021
653.6570508	258.0746427
653.8311482	234.7382444
654.0052472	235.6473051
654.1793478	241.4107199
654.35345	249.1780163
654.5275537	247.2041361
654.701659	235.3571133
654.8757659	248.3027744
655.0498744	246.3852503
655.2239845	250.7445127
655.3980962	243.0531714
655.5722094	243.7964653
655.7463242	244.6685343
655.9204406	243.6719488
656.0945586	247.8236847
656.2686782	237.0713304
656.4427993	246.2869226
656.616922	241.4959398
656.7910464	244.7295221
656.9651723	239.0558028
657.1392997	241.3201637
657.3134288	239.0578168
657.4875594	236.3393671
657.6616917	244.6088146
657.8358255	236.4005445
658.0099609	238.137709
658.1840978	245.8280499
658.3582364	238.3566799
658.5323765	248.2681288
658.7065183	236.6656758
658.8806616	239.5202884
659.0548064	238.8863172
659.2289529	222.3601635
659.403101	230.0758311
659.5772506	234.6060272
659.7514018	244.5433112
659.9255546	236.8928368
660.099709	237.5224912
660.2738649	235.2936211
660.4480225	226.4711905
660.6221816	234.8297362
660.7963423	238.7260612
660.9705046	228.5888198
661.1446685	231.6143967
661.3188339	235.1012544
661.493001	234.2354379
661.6671696	230.7654888
661.8413398	226.9330329
662.0155116	222.5056221
662.1896849	232.17663
662.3638599	235.943402
662.5380364	226.9091015
662.7122145	224.0067292
662.8863942	221.1666998
663.0605755	226.6910095
663.2347584	225.3651911
663.4089428	213.3931029
663.5831288	224.480385
663.7573165	224.37583
663.9315056	223.575902
664.1056964	221.4022158
664.2798888	213.4432051
664.4540827	217.6325352
664.6282782	235.7315508
664.8024753	214.5043258
664.976674	221.176578
665.1508743	221.5321477
665.3250761	215.4902296
665.4992796	217.9206106
665.6734846	226.9595904
665.8476912	231.5954917
666.0218993	214.7365497
666.1961091	219.9230737
666.3703204	210.5664268
666.5445334	212.7479466
666.7187479	209.3657777
666.892964	206.5979044
667.0671816	203.6065564
667.2414009	208.7105017
667.4156217	216.0018858
667.5898442	223.9099927
667.7640682	207.370635
667.9382937	210.0940862
668.1125209	210.2036728
668.2867497	206.6314961
668.46098	206.2330252
668.6352119	214.5767332
668.8094454	205.0897827
668.9836805	215.4465944
669.1579171	205.3202465
669.3321554	201.7889229
669.5063952	199.1802008
669.6806366	200.5674632
669.8548796	202.7482837
670.0291242	210.4474225
670.2033703	211.3416814
670.3776181	205.6761279
670.5518674	213.4369182
670.7261183	207.4956737
670.9003708	195.803141
671.0746248	206.6537549
671.2488805	196.8190079
671.4231377	200.8665734
671.5973965	193.1893344
671.7716569	202.4857945
671.9459189	187.1560158
672.1201824	206.3067086
672.2944476	199.2273152
672.4687143	198.7563152
672.6429826	189.4220594
672.8172525	199.7228963
672.991524	192.7003023
673.165797	197.8935114
673.3400717	200.6541091
673.5143479	196.8248683
673.6886257	186.462988
673.8629051	198.061469
674.037186	195.3124288
674.2114686	180.6684975
674.3857527	185.693478
674.5600384	193.9101592
674.7343257	185.6336853
674.9086146	189.1711738
675.0829051	185.5358828
675.2571971	190.6563577
675.4314907	196.9153321
675.6057859	189.2318885
675.7800827	190.6344419
675.9543811	190.714638
676.128681	181.2791288
676.3029826	185.5840271
676.4772857	194.8318215
676.6515904	182.3464815
676.8258967	183.2365473
677.0002045	189.4122459
677.174514	189.1176529
677.348825	189.0651723
677.5231376	182.0207119
677.6974518	168.8293569
677.8717676	182.7573903
678.046085	188.3214988
678.2204039	183.5293784
678.3947244	184.3692668
678.5690465	183.333506
678.7433702	177.4931934
678.9176955	178.955496
679.0920224	171.394745
679.2663508	176.1750357
679.4406808	167.1621409
679.6150124	172.0062114
679.7893456	170.5237918
679.9636804	187.911411
680.1380167	171.8748258
680.3123546	158.6454446
680.4866941	166.1527885
680.6610352	160.4740491
680.8353779	168.9783862
681.0097222	171.9431296
681.184068	174.6251862
681.3584154	165.6597044
681.5327644	169.7492652
681.707115	162.3657251
681.8814672	166.0126324
682.055821	161.7405294
682.2301763	169.3281767
682.4045332	163.6191777
682.5788917	169.6081305
682.7532518	153.5744055
682.9276135	161.9250356
683.1019767	170.6112715
683.2763415	161.2975395
683.4507079	161.1613786
683.6250759	154.4292916
683.7994455	161.7762476
683.9738167	164.9281229
684.1481894	153.8685565
684.3225637	172.4910877
684.4969396	155.6773228
684.6713171	159.5004104
684.8456962	157.5316884
685.0200768	157.4783135
685.1944591	152.7345675
685.3688429	142.4594829
685.5432283	154.1779559
685.7176153	163.0325693
685.8920038	151.7703696
686.066394	150.1904458
686.2407857	153.4894757
686.415179	143.3992993
686.5895739	155.2669825
686.7639704	154.3486971
686.9383685	144.709233
687.1127681	154.0855946
687.2871693	148.1796135
687.4615721	147.2868414
687.6359765	155.3197671
687.8103825	148.571731
687.98479	157.4011804
688.1591992	153.5657734
688.3336099	146.3778241
688.5080222	152.6138387
688.6824361	148.3429234
688.8568515	139.1420861
689.0312686	150.3691308
689.2056872	140.4193924
689.3801074	145.163037
689.5545292	138.070389
689.7289526	136.585802
689.9033775	144.6799548
690.0778041	139.4281023
690.2522322	140.0940002
690.4266619	138.6894797
690.6010932	153.9341289
690.7755261	135.280154
690.9499605	137.6047008
691.1243965	137.6611696
691.2988342	144.2603189
691.4732734	136.6678905
691.6477141	137.9221874
691.8221565	134.0303128
691.9966005	139.4411587
692.171046	140.7523604
692.3454931	136.7486123
692.5199418	140.8800258
692.6943921	140.1628171
692.8688439	145.5729218
693.0432974	150.3068584
693.2177524	154.8526679
693.392209	140.6724448
693.5666672	150.9564447
693.7411269	142.3990542
693.9155883	148.9089929
694.0900512	142.4473235
694.2645157	151.0618923
694.4389818	147.3723695
694.6134495	150.60944
694.7879188	147.5448566
694.9623896	123.0567745
695.1368621	133.5510934
695.3113361	120.8783556
695.4858117	144.3904475
695.6602888	117.7586067
695.8347676	96.83401869
696.0092479	106.3138666
696.1837299	118.1611898
696.3582134	106.6901532
696.5326984	109.6199387
696.7071851	122.7595914
696.8816734	133.5955098
697.0561632	119.4043915
697.2306546	131.7672036
697.4051476	123.1704295
697.5796422	146.3358349
697.7541384	140.2229963
697.9286361	140.0305719
698.1031354	132.6272023
698.2776363	127.9965146
698.4521388	130.1998449
698.6266429	120.0021793
698.8011486	122.2857523
698.9756558	120.4179597
699.1501646	111.23461
699.324675	111.9289781
699.499187	107.7662515
699.6737006	113.3676988
699.8482157	104.3918283
700.0227325	121.8355895
700.1972508	115.057149
700.3717707	112.5959945
700.5462922	120.2405729
700.7208152	119.2319795
700.8953399	110.7007794
701.0698661	117.7217553
701.2443939	116.7794437
701.4189233	113.8286497
701.5934543	116.8583019
701.7679868	125.2549947
701.942521	108.0793854
702.1170567	107.2319539
702.291594	114.7300202
702.4661329	105.4079712
702.6406733	116.5897284
702.8152154	105.5772738
702.989759	101.954973
703.1643042	110.6635073
703.338851	107.6468869
703.5133994	105.4474286
703.6879494	105.2692621
703.8625009	112.5488192
704.037054	100.5326008
704.2116088	110.8966624
704.386165	114.2857551
704.5607229	114.4368678
704.7352824	121.1554518
704.9098434	106.925116
705.084406	108.965362
705.2589702	100.1856589
705.433536	102.0783038
705.6081034	104.8688575
705.7826723	101.1462622
705.9572429	95.1370044
706.131815	99.23173696
706.3063887	96.13449878
706.480964	107.3528402
706.6555408	89.58816696
706.8301193	94.67573957
707.0046993	91.93391486
707.1792809	104.6845592
707.3538641	104.527331
707.5284489	85.82776799
707.7030352	107.3515656
707.8776232	98.10414907
708.0522127	97.87837347
708.2268038	89.07916214
708.4013965	92.30057975
708.5759907	99.18298139
708.7505866	98.40636825
708.925184	95.01421405
709.099783	103.4226024
709.2743836	110.8093979
709.4489858	96.26892402
709.6235896	99.0735984
709.7981949	94.3978452
709.9728018	87.69804909
710.1474104	92.82711482
710.3220204	86.36418765
710.4966321	91.83617189
710.6712454	90.86725665
710.8458602	94.92466562
711.0204766	89.09839413
711.1950946	92.10447854
711.3697142	93.83386114
711.5443354	94.56729875
711.7189581	87.56759545
711.8935825	89.69393204
712.0682084	92.71766387
712.2428359	92.27595732
712.417465	82.12903384
712.5920956	93.50378899
712.7667279	83.85690185
712.9413617	97.30568519
713.1159971	90.30462515
713.2906341	81.01185359
713.4652727	72.70162925
713.6399128	92.43194271
713.8145545	89.32880283
713.9891979	88.60669891
714.1638428	87.24799505
714.3384893	99.20417722
714.5131373	104.3484994
714.687787	92.97119036
714.8624382	93.92652131
715.037091	92.82463297
715.2117454	87.55148634
715.3864014	82.7913831
715.5610589	78.24814174
715.7357181	90.14024306
715.9103788	86.17720334
716.0850411	75.42599798
716.259705	90.02972438
716.4343705	89.62255263
716.6090375	84.31027536
716.7837062	86.59080777
716.9583764	89.29132765
717.1330482	87.26876591
717.3077216	83.34064577
717.4823966	96.75963613
717.6570731	68.95684773
717.8317512	79.55949062
718.0064309	77.54807695
718.1811122	91.94986123
718.3557951	78.58964587
718.5304796	77.13817499
718.7051656	76.56541889
718.8798532	86.74958556
719.0545425	78.18409804
719.2292332	70.35796955
719.4039256	81.10554656
719.5786196	81.38455435
719.7533151	69.90672506
719.9280122	69.86744118
720.1027109	81.51591765
720.2774112	78.0800606
720.4521131	74.50199854
720.6268165	71.96031308
720.8015216	63.29530581
720.9762282	66.7701631
721.1509364	77.42583825
721.3256461	79.80640036
721.5003575	75.05100018
721.6750704	80.03634397
721.849785	71.01521874
722.0245011	70.97123498
722.1992188	75.90249143
722.373938	68.27542218
722.5486589	69.76864651
722.7233813	75.36271485
722.8981053	68.95927392
723.0728309	59.41232444
723.2475581	72.2998694
723.4222869	69.59274135
723.5970172	65.09291265
723.7717492	71.33319316
723.9464827	64.98163973
724.1212178	69.63552962
724.2959545	64.44610562
724.4706927	69.7103455
724.6454326	56.2470043
724.820174	60.52984083
724.994917	72.02595802
725.1696616	62.02029895
725.3444078	62.19966113
725.5191555	80.64898182
725.6939048	58.77792496
725.8686558	68.84099861
726.0434083	66.59987148
726.2181623	65.86971002
726.392918	46.57416909
726.5676753	59.65083164
726.7424341	62.25898575
726.9171945	62.53068557
727.0919565	58.18464719
727.2667201	63.26664059
727.4414852	55.5726002
727.616252	68.46668535
727.7910203	66.25938283
727.9657902	60.12861109
728.1405617	73.70894995
728.3153348	68.89613762
728.4901094	78.86939207
728.6648857	66.89613017
728.8396635	68.74523964
729.0144429	68.91746465
729.1892239	55.48227692
729.3640064	63.51938166
729.5387906	63.85815292
729.7135763	62.93661137
729.8883636	51.55201441
730.0631525	58.05487607
730.237943	51.99317863
730.412735	70.77818169
730.5875287	56.35307261
730.7623239	55.88308458
730.9371207	62.44050193
731.1119191	57.84117799
731.2867191	58.57536465
731.4615206	59.13320216
731.6363238	73.49543384
731.8111285	58.73097074
731.9859348	56.53170572
732.1607427	54.4671816
732.3355521	64.41194867
732.5103632	55.25904567
732.6851758	50.49529092
732.85999	60.6372981
733.0348058	60.63829155
733.2096232	66.6833864
733.3844421	46.77338824
733.5592627	67.51727567
733.7340848	64.7157139
733.9089085	54.04059485
734.0837338	51.07605408
734.2585607	54.52769089
734.4333891	48.76020542
734.6082192	52.37777128
734.7830508	61.66227211
734.957884	76.27773344
735.1327188	48.27407501
735.3075551	42.0836431
735.4823931	63.94511297
735.6572326	58.56895768
735.8320737	41.10846359
736.0069164	52.96571455
736.1817607	59.92449738
736.3566065	63.15438103
736.531454	44.74083691
736.706303	53.90685389
736.8811536	52.0474901
737.0560058	66.32628338
737.2308596	53.70993995
737.4057149	43.92326095
737.5805718	49.67192908
737.7554304	53.49789022
737.9302905	46.8082865
738.1051521	51.00282409
738.2800154	56.7231597
738.4548803	47.13874647
738.6297467	46.79794068
738.8046147	42.98668367
738.9794843	43.92153319
739.1543555	54.60638832
739.3292282	37.31679104
739.5041026	61.2117091
739.6789785	46.59529987
739.853856	52.93473861
740.0287351	57.92597625
740.2036158	47.80055399
740.378498	48.5217275
740.5533818	52.76158022
740.7282673	59.47925852
740.9031543	58.60370514
741.0780428	46.18675332
741.252933	52.44443121
741.4278247	44.77437711
741.6027181	50.89391977
741.777613	48.98989732
741.9525095	46.38731877
742.1274076	48.12935194
742.3023072	47.2407025
742.4772084	44.87914275
742.6521113	53.90090519
742.8270157	50.66663642
743.0019217	40.80367595
743.1768292	59.0660679
743.3517384	55.05153977
743.5266491	54.4731019
743.7015614	55.54746493
743.8764753	61.72739857
744.0513908	46.21782645
744.2263079	44.03203025
744.4012265	52.89906513
744.5761468	58.44374204
744.7510686	57.16371292
744.925992	39.51364553
745.1009169	45.10949324
745.2758435	51.06274238
745.4507716	52.58104324
745.6257013	48.60392525
745.8006327	38.36399333
745.9755655	32.81647383
746.1505	44.59716768
746.3254361	41.58972959
746.5003737	35.74190585
746.6753129	39.93349779
746.8502537	41.41914903
747.0251961	54.88772976
747.2001401	33.73166421
747.3750856	55.54964907
747.5500327	56.69366211
747.7249814	52.58932113
747.8999317	46.20213454
748.0748836	48.76649572
748.2498371	44.10691365
748.4247921	47.75686304
748.5997487	45.51396476
748.7747069	38.57919407
748.9496667	33.54085895
749.1246281	57.19323432
749.299591	50.97262021
749.4745556	43.20986195
749.6495217	40.6557994
749.8244894	44.23574292
749.9994587	54.23922334
750.1744295	49.56804404
750.349402	51.83280526
750.524376	50.79990325
750.6993516	62.77254349
750.8743288	31.27378861
751.0493076	46.37816838
751.2242879	36.47247972
751.3992699	48.33495522
751.5742534	44.67333752
751.7492385	44.13395188
751.9242252	41.36124306
752.0992134	48.41747414
752.2742033	51.21582861
752.4491947	53.44469721
752.6241877	42.28292573
752.7991823	58.87758449
752.9741785	43.51104033
753.1491763	33.42114637
753.3241756	44.12991789
753.4991766	44.96288969
753.6741791	41.93095977
753.8491832	50.29292286
754.0241888	40.85445799
754.1991961	44.64755463
754.3742049	39.38810248
754.5492153	38.54177946
754.7242274	42.48418539
754.8992409	48.22848305
755.0742561	42.26213763
755.2492729	41.41435824
755.4242912	44.46268579
755.5993111	42.46672252
755.7743326	28.09670311
755.9493557	41.28257618
756.1243803	38.04968023
756.2994066	41.71620949
756.4744344	41.54518407
756.6494638	44.83053815
756.8244948	32.89506211
756.9995274	53.89802722
757.1745615	58.1013927
757.3495973	60.12417205
757.5246346	40.29173902
757.6996735	36.27404992
757.874714	34.97573229
758.0497561	44.31233697
758.2247997	43.8746852
758.3998449	46.02101798
758.5748918	45.95226656
758.7499402	37.57048079
758.9249901	41.47064052
759.1000417	36.89871889
759.2750948	39.24018138
759.4501496	48.18020042
759.6252059	49.54864389
759.8002638	50.21610367
759.9753232	43.85694835
760.1503843	40.93238732
760.3254469	44.62646788
760.5005112	39.10678658
760.675577	36.43075272
760.8506443	48.17901176
761.0257133	51.87769733
761.2007839	45.08693857
761.375856	44.84625089
761.5509297	27.60017171
761.726005	24.65770243
761.9010819	43.66647054
762.0761603	31.38065736
762.2512404	45.21344986
762.426322	34.50363027
762.6014052	48.92695053
762.77649	36.66576639
762.9515764	38.63118253
763.1266643	51.79688491
763.3017539	33.21617989
763.476845	55.84019091
763.6519377	27.55277276
763.827032	45.21133484
764.0021278	51.60068453
764.1772253	31.85301309
764.3523243	48.15291958
764.5274249	49.89838773
764.7025271	36.99617784
764.8776309	46.84606145
765.0527363	34.18708383
765.2278432	47.34823344
765.4029517	48.23551205
765.5780619	22.56302824
765.7531735	48.4098255
765.9282868	45.65438383
766.1034017	42.17646408
766.2785181	40.54171234
766.4536361	53.45339252
766.6287557	37.21191179
766.8038769	35.45558645
766.9789997	34.36058831
767.154124	36.79433664
767.32925	44.68994556
767.5043775	33.99509916
767.6795066	67.15858047
767.8546373	43.48642566
768.0297695	44.56162881
768.2049034	47.06053701
768.3800388	46.74334554
768.5551758	37.92814879
768.7303144	34.06988703
768.9054546	51.32895762
769.0805963	44.4394808
769.2557396	48.44723162
769.4308846	33.31062743
769.6060311	42.57992657
769.7811791	42.42797651
769.9563288	50.89976644
770.1314801	24.91579005
770.3066329	35.6618107
770.4817873	25.11070179
770.6569433	34.38892235
770.8321009	31.39648512
771.00726	42.53538081
771.1824208	50.32504371
771.3575831	42.31659578
771.532747	49.18211099
771.7079125	41.33139017
771.8830796	31.91731503
772.0582482	60.88634098
772.2334185	39.29262253
772.4085903	36.26101685
772.5837637	44.47861174
772.7589387	53.25062463
772.9341152	45.67651328
773.1092934	39.45874914
773.2844731	42.25526306
773.4596544	48.1897817
773.6348373	35.06513732
773.8100218	38.93389914
773.9852079	44.12516969
774.1603955	25.98171055
774.3355847	31.60285565
774.5107755	48.05407914
774.6859679	50.49081752
774.8611619	39.67896383
775.0363575	36.45194995
775.2115546	36.7264622
775.3867533	35.51490247
775.5619536	39.918307
775.7371555	40.26313244
775.912359	47.8582334
776.087564	34.31182721
776.2627706	29.84990378
776.4379789	35.87682813
776.6131886	46.46513482
776.7884	35.9824067
776.963613	48.5356081
777.1388275	40.25572607
777.3140436	39.73769785
777.4892614	22.29563001
777.6644806	54.92874566
777.8397015	39.1137207
778.014924	45.77948062
778.190148	49.53482689
778.3653736	56.41429954
778.5406008	21.94050781
778.7158296	20.41882902
778.89106	55.8803058
779.0662919	42.4673379
779.2415255	39.64870319
779.4167606	35.07877221
779.5919973	48.75214919
779.7672355	29.48845956
779.9424754	46.75936056
780.1177168	41.22721009
780.2929599	43.13869932
780.4682045	50.63795196
780.6434507	16.47142618
780.8186984	50.71615187
780.9939478	44.8740953
781.1691987	29.81152185
781.3444512	39.90436109
781.5197053	46.98781717
781.694961	41.14889142
781.8702183	36.96255858
782.0454771	38.63965087
782.2207376	43.03103035
782.3959996	46.21653648
782.5712632	41.07958005
782.7465283	31.28732847
782.9217951	55.27213827
783.0970634	50.2594784
783.2723334	46.27950642
783.4476049	44.10317213
783.622878	43.912933
783.7981526	32.71315127
783.9734289	24.99257616
784.1487067	42.91283468
784.3239861	46.18090302
784.4992671	35.73462501
784.6745497	51.54647246
784.8498339	45.15921635
785.0251196	76.06476766
785.200407	45.92973859
785.3756959	40.97024326
785.5509864	60.84321677
785.7262784	27.53135883
785.9015721	24.40496589
786.0768673	60.79222358
786.2521642	42.24437221
786.4274626	43.85471986
786.6027626	43.21030257
786.7780641	40.82475578
786.9533673	60.91576459
787.128672	29.33135003
787.3039783	62.88852854
787.4792862	70.75324513
787.6545957	42.76447619
787.8299068	40.39004931
788.0052194	40.28888089
788.1805337	31.75922633
788.3558495	35.6375898
788.5311669	29.0080759
788.7064858	58.66431795
788.8818064	40.88382457
789.0571285	60.06597227
789.2324523	28.86924411
789.4077776	30.05293558
789.5831045	47.085901
789.7584329	45.49828554
789.933763	41.70367422
790.1090946	22.80852747
790.2844278	48.1221603
790.4597626	44.44787769
790.635099	59.68554041
790.810437	32.85583104
790.9857765	26.04434544
791.1611176	70.90187679
791.3364604	71.45865494
791.5118047	43.26847419
791.6871505	29.66006943
791.862498	63.76102781
792.037847	30.74350066
792.2131976	44.60402512
792.3885499	59.84052381
792.5639036	39.0934628
792.739259	55.61328695
792.914616	58.36623901
793.0899745	47.2631803
793.2653346	44.33409209
793.4406963	33.10692372
793.6160596	60.18281256
793.7914245	51.88033233
793.9667909	41.40722311
794.1421589	64.06913783
794.3175285	46.70572664
794.4928997	52.16768308
794.6682725	51.39776781
794.8436469	59.26432516
795.0190228	56.30949467
795.1944003	39.83048192
795.3697794	21.14334994
795.5451601	36.32682141
795.7205424	49.72903891
795.8959262	46.59106935
796.0713117	37.3582366
796.2466987	57.69426641
796.4220873	47.63564969
796.5974775	36.48323599
796.7728692	39.09532344
796.9482626	58.58899152
797.1236575	40.13449862
797.299054	60.14256223
797.4744521	23.09079389
797.6498518	78.50714641
797.825253	53.03719431
798.0006559	45.92422156
798.1760603	30.79962306
798.3514663	57.01255222
798.5268739	29.34984687
798.7022831	43.18525921
798.8776938	59.15474868
799.0531062	49.52367616
799.2285201	45.84703478
799.4039356	46.93073905
799.5793526	38.40314767
799.7547713	44.25596563
799.9301916	25.02142164
800.1056134	76.93413944
800.2810368	16.13697684
800.4564618	56.43970828
800.6318884	40.36043685
800.8073165	21.71667424
800.9827463	58.62642838
801.1581776	42.09704126
801.3336105	59.77968499
801.509045	35.84432153
801.684481	42.64224845
801.8599187	56.03684951
802.0353579	59.56331057
802.2107987	45.27477801
802.3862411	47.95922536
802.5616851	54.24741318
802.7371307	32.67035508
802.9125778	61.03416827
803.0880266	44.87648999
803.2634769	60.87111637
803.4389288	24.22937439
803.6143822	48.83961005
803.7898373	40.34938579
803.9652939	31.39016794
804.1407521	65.26936748
804.3162119	41.95995501
804.4916733	32.72111982
804.6671363	39.29442116
804.8426009	79.55142422
805.018067	63.78138571
805.1935347	30.13610535
805.369004	52.82093118
805.5444749	17.58873358
805.7199473	46.867309
805.8954214	49.2901582
806.070897	42.96352538
806.2463742	60.54210415
806.421853	48.62933163
806.5973334	37.79925123
806.7728153	65.41204241
806.9482989	31.16611023
807.123784	67.36262055
807.2992707	80.52874272
807.474759	57.76552836
807.6502489	41.25839594
807.8257403	84.24498044
808.0012333	29.08422266
808.176728	46.57652943
808.3522242	35.376019
808.5277219	35.55826259
808.7032213	73.24963927
808.8787222	46.64706027
809.0542248	35.83671552
809.2297289	59.63060196
809.4052346	59.82231051
809.5807418	65.61892114
809.7562507	35.25408816
809.9317611	81.69446994
810.1072732	37.15513539
810.2827868	58.38342248
810.4583019	60.39754056
810.6338187	71.22534975
810.8093371	64.1285478
810.984857	43.20706724
811.1603785	42.32321311
811.3359016	57.2174409
811.5114263	55.99395823
811.6869525	37.93494804
811.8624804	38.09776668
812.0380098	48.00218661
812.2135408	8.417136019
812.3890734	103.3193847
812.5646076	28.50900912
812.7401433	44.84940957
812.9156807	58.89046154
813.0912196	37.7360422
813.2667601	38.29441285
813.4423022	47.05763061
813.6178459	34.09212224
813.7933911	59.28657062
813.9689379	67.536289
814.1444864	15.4100957
814.3200364	41.16575147
814.4955879	59.10488808
814.6711411	28.27464887
814.8466958	38.23203272
815.0222522	50.52632366
815.1978101	51.84040677
815.3733696	86.56316673
815.5489306	60.02809505
815.7244933	41.9190683
815.9000575	75.25698822
816.0756233	62.21894862
816.2511907	67.03357737
816.4267597	49.10553023
816.6023303	53.80833029
816.7779025	37.39710399
816.9534762	52.23547694
817.1290515	43.49418166
817.3046284	82.47202105
817.4802069	41.4311277
817.6557869	65.16059389
817.8313686	43.1567928
818.0069518	54.6356956
818.1825366	51.22588986
818.358123	58.88901193
818.533711	22.24082876
818.7093005	77.40006896
818.8848917	57.98188442
819.0604844	51.11488959
819.2360787	40.30409904
819.4116746	57.97879998
819.587272	30.19323142
819.7628711	34.36138043
819.9384717	28.07507375
820.1140739	68.5389805
820.2896777	40.19756291
820.4652831	57.66460813
820.6408901	43.26738894
820.8164986	36.30190291
820.9921087	51.53077996
821.1677204	65.31463639
821.3433337	23.37984929
821.5189486	51.60785301
821.6945651	73.39566361
821.8701831	38.98383365
822.0458027	34.29044256
822.2214239	56.28975301
822.3970467	28.47529977
822.5726711	53.41190535
822.748297	62.41341816
822.9239245	51.9300511
823.0995537	47.95287709
823.2751844	55.76436673
823.4508166	90.06888816
823.6264505	74.41312465
823.8020859	40.40991446
823.977723	67.21114762
824.1533616	55.62894318
824.3290018	29.18935895
824.5046435	69.72892915
824.6802869	58.36213991
824.8559318	82.99394544
825.0315783	45.53299119
825.2072264	84.02955161
825.3828761	92.05277566
825.5585274	43.22237194
825.7341802	45.98896192
825.9098347	90.40271301
826.0854907	58.00457585
826.2611483	53.40569919
826.4368075	46.60307089
826.6124682	55.63862891
826.7881306	49.11790545
826.9637945	100.8493264
827.13946	58.36782363
827.3151271	43.41196904
827.4907958	49.2464638
827.666466	45.92375714
827.8421378	68.21815074
828.0178113	69.66181346
828.1934863	31.38040675
828.3691628	94.3304975
828.544841	48.63687041
828.7205208	61.68318265
828.8962021	70.56131046
829.071885	54.87739469
829.2475695	61.71496094
829.4232556	59.07509366
829.5989432	31.84811299
829.7746325	71.5150558
829.9503233	38.87604603
830.1260157	60.80340399
830.3017097	68.8667058
830.4774053	64.29587171
830.6531024	72.81925536
830.8288012	65.93625483
831.0045015	93.58275243
831.1802034	66.36089768
831.3559069	62.49800659
831.5316119	71.30217525
831.7073186	60.45345007
831.8830268	38.83266603
832.0587366	126.8500945
832.234448	55.68971387
832.410161	82.98779338
832.5858755	59.37745171
832.7615917	80.72001099
832.9373094	46.18283898
833.1130287	68.19475114
833.2887496	48.9320289
833.4644721	98.87148814
833.6401961	62.14265211
833.8159218	131.9701712
833.991649	34.72155397
834.1673778	78.04609622
834.3431082	65.88605511
834.5188401	74.74086234
834.6945737	99.78650414
834.8703088	92.66939569
835.0460455	84.14430557
835.2217838	53.83842897
835.3975237	79.57548252
835.5732652	101.1877547
835.7490082	37.47819644
835.9247528	89.13396195
836.100499	86.54191456
836.2762468	69.11561919
836.4519962	67.06044478
836.6277471	65.7102031
836.8034997	30.8464746
836.9792538	66.06222753
837.1550095	47.02609367
837.3307668	71.29408572
837.5065256	28.16392486
837.6822861	61.19449872
837.8580481	128.7221982
838.0338117	42.10682742
838.2095769	131.0023063
838.3853437	124.5757967
838.5611121	96.69436269
838.736882	130.7219557
838.9126535	46.43016447
839.0884266	79.17985535
839.2642013	68.16949264
839.4399776	54.90252052
839.6157554	77.5156345
839.7915349	106.0412667
839.9673159	73.3767886
840.1430985	75.23552089
840.3188827	67.04327184
840.4946684	96.89829326
840.6704558	49.99529768
840.8462447	106.6278511
841.0220352	98.54737304
841.1978273	46.96097948
841.373621	115.2822424
841.5494162	64.00683852
841.7252131	81.00592711
841.9010115	81.57119636
842.0768115	69.07083591
842.2526131	62.33833237
842.4284163	52.81047852
842.604221	56.14485262
842.7800274	75.16928002
842.9558353	65.70596419
843.1316448	75.62887663
843.3074559	82.56052515
843.4832685	57.50782458
843.6590828	53.84859192
843.8348986	51.78301527
844.010716	78.19790564
844.186535	73.32256798
844.3623556	80.4377657
844.5381777	87.6211514
844.7140015	66.47213509
844.8898268	79.95474344
845.0656537	73.49304764
845.2414822	91.11749949
845.4173123	64.87335484
845.5931439	51.85075739
845.7689771	78.77871476
845.944812	86.73623399
846.1206484	84.78013964
846.2964863	122.4031799
846.4723259	84.32783019
846.6481671	89.6542913
846.8240098	91.20179912
846.9998541	52.5448257
847.1757	36.1299548
847.3515475	93.68474087
847.5273965	59.16477393
847.7032472	71.60738149
847.8790994	105.136328
848.0549532	58.35656931
848.2308086	48.89245523
848.4066655	45.25346652
848.5825241	148.2021632
848.7583842	83.41944465
848.9342459	87.20891752
849.1101092	105.9851061
849.2859741	92.84752454
849.4618406	61.60806589
849.6377086	112.8486102
849.8135783	86.88741642
849.9894495	87.4199338
850.1653223	87.45237786
850.3411966	101.8995981
850.5170726	132.033727
850.6929501	66.40777956
850.8688293	103.6430489
851.04471	105.6072302
851.2205922	68.73750982
851.3964761	71.66040711
851.5723616	72.11765193
851.7482486	70.49763781
851.9241372	123.6689738
852.1000274	63.96983438
852.2759192	87.17516412
852.4518126	84.60966991
852.6277075	107.2851596
852.803604	83.52333743
852.9795021	119.7805189
853.1554018	98.96283395
853.3313031	101.6282345
853.507206	94.33153914
853.6831104	110.8388444
853.8590164	128.0027418
854.034924	94.95977635
854.2108332	68.99123378
854.386744	127.0907117
854.5626563	68.83402688
854.7385703	115.896457
854.9144858	138.5310086
855.0904029	71.7550247
855.2663216	121.8071247
855.4422418	98.47990922
855.6181637	61.63872383
855.7940871	96.9738695
855.9700121	85.4404935
856.1459387	93.91513701
856.3218669	47.05432386
856.4977966	98.62606718
856.673728	70.16201937
856.8496609	109.8003201
857.0255954	72.60350174
857.2015315	121.1747493
857.3774691	117.8053802
857.5534084	114.727638
857.7293492	113.6035132
857.9052916	131.1281074
858.0812356	116.9020408
858.2571812	95.76251187
858.4331284	60.06674763
858.6090771	107.8613711
858.7850275	100.2269316
858.9609794	119.3495071
859.1369329	99.75641889
859.3128879	90.64262394
859.4888446	110.4366111
859.6648028	75.23731706
859.8407626	112.5893936
860.0167241	122.1862854
860.192687	104.4511666
860.3686516	70.49080302
860.5446178	159.4117928
860.7205855	138.9986054
860.8965548	118.985813
861.0725257	101.6832657
861.2484982	65.29040441
861.4244722	36.15143118
861.6004479	130.6485313
861.7764251	66.70238723
861.9524039	108.0674416
862.1283843	150.924505
862.3043663	112.658168
862.4803498	55.21153194
862.656335	109.0348771
862.8323217	62.18398438
863.00831	118.7952371
863.1842999	129.1175858
863.3602914	164.2563792
863.5362844	161.6398963
863.712279	107.6440055
863.8882753	55.6462747
864.0642731	99.16506109
864.2402724	120.1971005
864.4162734	118.1717312
864.5922759	26.83756791
864.7682801	62.04964312
864.9442858	177.9463942
865.1202931	160.0299201
865.2963019	105.6171293
865.4723124	106.3726044
865.6483244	87.61849891
865.824338	110.2774425
866.0003533	107.2092336
866.17637	68.52151219
866.3523884	180.864362
866.5284084	122.9320798
866.7044299	125.1049667
866.880453	71.1969739
867.0564777	115.7164307
867.232504	158.4171229
867.4085318	113.9580229
867.5845613	150.8423731
867.7605923	167.5498718
867.9366249	158.4039235
868.1126591	144.4406749
868.2886949	84.50123197
868.4647322	139.1835862
868.6407712	123.8469824
868.8168117	106.1729671
868.9928538	121.3769325
869.1688975	150.8143706
869.3449427	107.1070937
869.5209896	113.3985941
869.697038	116.8232637
869.873088	98.71448576
870.0491396	154.1833918
870.2251928	31.84725398
870.4012476	109.7749926
870.5773039	69.54149241
870.7533618	89.91102716
870.9294214	115.6762849
871.1054824	167.4391027
871.2815451	107.031535
871.4576094	125.4766654
871.6336752	129.2930616
871.8097426	127.661317
871.9858116	222.127908
872.1618822	181.018496
872.3379544	100.1808376
872.5140281	149.4663761
872.6901035	117.3507446
872.8661804	121.3143525
873.0422589	125.0650161
873.2183389	165.1592742
873.3944206	167.0420921
873.5705039	127.9526757
873.7465887	181.6771675
873.9226751	136.558393
874.0987631	145.1781206
874.2748526	134.4034299
874.4509438	110.3048038
874.6270365	149.4309302
874.8031309	99.58703991
874.9792268	140.9723603
875.1553242	51.85947725
875.3314233	136.9404767
875.507524	71.90545808
875.6836262	167.3916734
875.85973	125.3313457
876.0358354	150.2985185
876.2119424	168.2285234
876.3880509	124.9627025
876.5641611	150.6122909
876.7402728	131.6487609
876.9163861	97.72296507
877.092501	188.4943279
877.2686175	113.4762162
877.4447355	139.6708968
877.6208552	182.720547
877.7969764	103.2540837
877.9730992	141.9320675
878.1492236	138.1494869
878.3253495	96.75794812
878.5014771	181.6735115
878.6776062	146.6901751
878.8537369	182.5329315
879.0298692	131.0177744
879.2060031	118.7516336
879.3821386	183.0425211
879.5582756	176.9645323
879.7344142	234.029583
879.9105544	131.6053353
880.0866962	95.77634944
880.2628396	179.6950606
880.4389845	178.8054473
880.6151311	147.7342325
880.7912792	117.9660262
880.9674289	153.7935364
881.1435802	189.4402259
881.3197331	218.6680026
881.4958875	131.6086261
881.6720435	185.9620641
881.8482011	213.6875695
882.0243603	182.2826127
882.2005211	168.3895135
882.3766835	166.2727
882.5528474	117.557621
882.7290129	162.8968256
882.90518	136.199977
883.0813487	243.6105221
883.257519	93.20988583
883.4336909	103.9127629
883.6098643	104.6674174
883.7860393	123.6265233
883.9622159	140.0777748
884.1383941	244.1172283
884.3145739	145.6004631
884.4907552	122.6907957
884.6669381	180.0003009
884.8431227	204.1457745
885.0193087	147.2229102
885.1954964	220.8186395
885.3716857	66.00191479
885.5478765	137.4675875
885.724069	159.0055149
885.900263	171.2411162
886.0764585	204.902559
886.2526557	86.59456552
886.4288545	100.620811
886.6050548	206.9243663
886.7812567	164.0289189
886.9574602	197.8540381
887.1336653	125.1236131
887.309872	185.1662844
887.4860802	174.1916939
887.66229	209.9302275
887.8385015	229.6255067
888.0147145	103.7804182
888.190929	259.2748304
888.3671452	169.4231328
888.5433629	154.2293044
888.7195823	203.1221686
888.8958032	153.3676572
889.0720256	252.7106581
889.2482497	138.856858
889.4244754	56.01478352
889.6007026	167.332845
889.7769314	133.4580272
889.9531618	182.2399968
890.1293938	161.0660037
890.3056274	109.9050119
890.4818625	173.5831968
890.6580992	170.4790976
890.8343376	199.9357838
891.0105775	223.2137358
891.1868189	165.5397158
891.363062	175.926047
891.5393066	163.747732
891.7155529	228.7237359
891.8918007	183.0307802
892.06805	91.31948781
892.244301	197.6250053
892.4205536	169.4585908
892.5968077	218.5220903
892.7730634	196.3925533
892.9493207	143.7140969
893.1255796	65.49377048
893.3018401	196.7758806
893.4781021	163.9648637
893.6543657	227.0037886
893.830631	303.5822336
894.0068977	111.0601883
894.1831661	184.5147693
894.3594361	190.5343524
894.5357076	165.5869952
894.7119807	224.7567976
894.8882555	260.8120756
895.0645317	84.37928197
895.2408096	191.1191909
895.4170891	217.344283
895.5933701	117.992334
895.7696527	169.2793764
895.9459369	209.2240885
896.1222227	285.9247922
896.2985101	159.9776395
896.474799	156.3744396
896.6510895	188.0706669
896.8273816	40.64917878
897.0036753	203.1100929
897.1799706	149.0566999
897.3562675	151.7038005
897.5325659	253.3309033
897.7088659	170.1465811
897.8851675	224.3105829
898.0614707	154.4782713
898.2377755	154.3985974
898.4140818	95.82754893
898.5903898	302.9480702
898.7666993	226.4888623
898.9430104	336.9776771
899.1193231	170.7733984
899.2956373	172.5667414
899.4719532	216.0403672
899.6482706	196.4348054
899.8245896	204.8901985
