360.1506696	87.2083742
360.3220786	60.96167387
360.4934893	67.01023601
360.6649015	39.18944451
360.8363152	27.31900955
361.0077306	7.746295315
361.1791475	52.34881506
361.3505661	60.55078129
361.5219862	72.24766942
361.6934079	46.21571689
361.8648311	5.792175439
362.036256	0
362.2076824	37.10719363
362.3791104	19.83187298
362.55054	0
362.7219712	86.6375313
362.893404	68.69349936
363.0648383	27.2944674
363.2362743	0
363.4077118	98.04566701
363.5791509	83.83953334
363.7505915	64.83449744
363.9220338	49.65696687
364.0934776	28.76812385
364.2649231	19.41807608
364.4363701	54.46287837
364.6078187	87.77512982
364.7792688	103.7665695
364.9507206	64.77802589
365.1221739	77.05540578
365.2936288	44.19459227
365.4650853	56.17809362
365.6365434	30.41039342
365.8080031	71.29106283
365.9794643	103.2563837
366.1509272	48.57595208
366.3223916	28.01316064
366.4938576	25.1869193
366.6653252	23.93944231
366.8367943	51.92302369
367.0082651	59.85392508
367.1797374	71.60231716
367.3512113	92.37540195
367.5226868	67.65694867
367.6941638	61.7363966
367.8656425	68.72551461
368.0371227	76.63601123
368.2086046	68.42186347
368.380088	49.52108057
368.5515729	0
368.7230595	0.402216249
368.8945477	86.15797417
369.0660374	230.8793759
369.2375287	90.09799548
369.4090216	180.7457402
369.5805161	262.7038888
369.7520121	53.88942501
369.9235098	29.63661526
370.095009	78.57182629
370.2665098	152.8282258
370.4380122	98.44118988
370.6095162	149.500872
370.7810217	104.4628837
370.9525288	30.60467858
371.1240376	86.8090434
371.2955479	112.7302055
371.4670597	96.37690877
371.6385732	0
371.8100883	68.19460763
371.9816049	78.99177075
372.1531231	0
372.3246429	0
372.4961643	58.56261207
372.6676872	48.68904157
372.8392118	2.557567682
373.0107379	116.1390068
373.1822656	89.42181392
373.3537949	59.23382567
373.5253257	86.97966296
373.6968582	73.68690672
373.8683922	54.7984137
374.0399279	134.0254532
374.2114651	132.1147246
374.3830038	83.16384427
374.5545442	96.35445271
374.7260861	89.31343372
374.8976297	82.74070319
375.0691748	95.18425386
375.2407215	88.78662166
375.4122698	98.57245692
375.5838196	109.6851896
375.7553711	37.40637143
375.9269241	32.45601178
376.0984787	135.5697303
376.2700349	48.01216436
376.4415926	46.94507387
376.613152	43.44937802
376.7847129	83.25730745
376.9562754	35.08684313
377.1278395	98.53751856
377.2994052	96.2351382
377.4709725	101.1448655
377.6425413	25.33137375
377.8141118	24.08691701
377.9856838	44.71930142
378.1572574	88.60874125
378.3288325	79.77859532
378.5004093	66.24758983
378.6719876	92.28870685
378.8435676	61.20677156
379.0151491	70.68407407
379.1867322	64.19646758
379.3583168	112.5938103
379.5299031	158.5704662
379.7014909	54.28790095
379.8730803	18.9907278
380.0446713	84.72709149
380.2162639	140.2884645
380.3878581	72.09059532
380.5594538	107.1705646
380.7310511	96.92918153
380.9026501	90.6136627
381.0742506	148.6731112
381.2458526	114.704062
381.4174563	142.2488875
381.5890615	229.688707
381.7606683	149.7799454
381.9322768	109.3867285
382.1038867	123.898121
382.2754983	70.48171137
382.4471115	59.57993027
382.6187262	33.97080175
382.7903425	3.428524233
382.9619604	2.878852479
383.1335799	63.14118438
383.305201	111.4807098
383.4768236	78.0019322
383.6484478	81.62604552
383.8200736	86.14978703
383.991701	128.3041481
384.16333	90.13397123
384.3349606	105.7693437
384.5065927	115.0612159
384.6782264	92.52320438
384.8498617	86.72750464
385.0214986	84.17350502
385.1931371	87.91850441
385.3647771	9.446633938
385.5364188	87.38603354
385.708062	115.8032261
385.8797068	93.60691493
386.0513532	183.194559
386.2230011	78.12948584
386.3946507	26.9553713
386.5663018	108.044005
386.7379545	26.05937318
386.9096088	30.43058245
387.0812647	152.5152376
387.2529221	72.18930492
387.4245812	0
387.5962418	21.70153798
387.767904	155.7072899
387.9395678	98.63715931
388.1112332	116.3552354
388.2829001	48.20743629
388.4545686	99.5497299
388.6262388	74.10778794
388.7979105	65.51371003
388.9695837	67.06825083
389.1412586	67.64418903
389.312935	70.38965337
389.4846131	73.70945828
389.6562927	24.87649948
389.8279739	88.36401333
389.9996566	25.07136017
390.171341	55.56270105
390.3430269	76.96978193
390.5147145	70.60528278
390.6864036	0
390.8580942	32.83654267
391.0297865	53.78808359
391.2014804	154.9535469
391.3731758	28.71763798
391.5448728	53.27886812
391.7165714	0
391.8882716	34.6232336
392.0599734	0
392.2316767	145.4984265
392.4033816	32.6008063
392.5750881	69.90067907
392.7467962	44.31030408
392.9185059	119.3876972
393.0902172	92.46283727
393.26193	0
393.4336444	33.71464229
393.6053604	70.96128161
393.777078	61.48983641
393.9487972	36.04286871
394.1205179	6.895143011
394.2922403	65.02627883
394.4639642	23.85680682
394.6356897	70.70448649
394.8074167	31.81238321
394.9791454	112.5777221
395.1508757	114.6259495
395.3226075	113.5150748
395.4943409	0
395.6660759	0.149687017
395.8378125	18.35193256
396.0095506	52.9541162
396.1812903	0
396.3530317	108.0014296
396.5247746	0
396.6965191	50.00855204
396.8682651	83.68870313
397.0400128	0
397.211762	79.95616324
397.3835128	83.18334089
397.5552652	54.19765275
397.7270192	62.03060107
397.8987748	73.13487878
398.0705319	137.5637694
398.2422906	53.82158423
398.4140509	34.07725564
398.5858128	38.75943822
398.7575763	82.21715023
398.9293414	28.02204843
399.101108	98.74366177
399.2728762	33.01655631
399.444646	9.896910125
399.6164174	73.49400629
399.7881904	55.23716102
399.9599649	131.377852
400.1317411	129.8318986
400.3035188	53.57252163
400.4752981	100.5686264
400.6470789	121.9950242
400.8188614	84.39290694
400.9906454	97.64811655
401.1624311	100.7583436
401.3342183	160.2088892
401.5060071	66.55948929
401.6777974	90.31208525
401.8495894	74.66598863
402.0213829	86.69359353
402.1931781	62.65739575
402.3649748	14.72010413
402.536773	47.24142579
402.7085729	75.79950802
402.8803744	87.89551833
403.0521774	47.0273655
403.223982	88.09526979
403.3957882	77.4596797
403.567596	84.56802134
403.7394053	75.17311606
403.9112163	63.36152744
404.0830288	88.58503021
404.2548429	48.60275459
404.4266586	0
404.5984759	35.24489294
404.7702947	98.42788781
404.9421152	28.21002842
405.1139372	7.318617213
405.2857608	90.30555057
405.457586	62.50887853
405.6294127	10.44839773
405.8012411	65.08688872
405.973071	55.73623374
406.1449025	50.85193601
406.3167356	148.1631747
406.4885703	35.58566157
406.6604066	72.7160551
406.8322444	24.19546659
407.0040838	121.6232723
407.1759249	132.1496249
407.3477674	34.86889123
407.5196116	45.82318754
407.6914574	128.1347715
407.8633047	62.29789381
408.0351536	74.47166977
408.2070041	64.10850939
408.3788562	37.78714858
408.5507099	69.64319214
408.7225651	91.02477336
408.894422	109.7397216
409.0662804	53.76535588
409.2381404	14.40339088
409.4100019	59.34919066
409.5818651	58.27068247
409.7537298	69.69945181
409.9255962	44.20836412
410.0974641	98.86005361
410.2693336	90.85107738
410.4412046	62.37017757
410.6130773	45.70648441
410.7849515	88.49714927
410.9568274	94.7731267
411.1287048	80.04327235
411.3005837	86.60481454
411.4724643	110.3092527
411.6443464	154.7543066
411.8162302	117.8778796
411.9881155	55.98404237
412.1600024	73.90473025
412.3318909	23.32307421
412.5037809	113.3953113
412.6756726	93.32875009
412.8475658	97.59943299
413.0194606	69.42642934
413.191357	23.21942903
413.363255	63.21038083
413.5351545	90.94394325
413.7070557	89.35851653
413.8789584	126.5274537
414.0508627	88.010497
414.2227686	55.37894754
414.394676	43.58137284
414.5665851	66.25648388
414.7384957	116.1008109
414.9104079	85.17788373
415.0823217	48.23212369
415.2542371	88.18675907
415.426154	100.3979794
415.5980726	98.78928402
415.7699927	70.22064948
415.9419144	70.21278994
416.1138377	124.5080224
416.2857626	94.88757906
416.457689	111.6218461
416.6296171	59.4679884
416.8015467	77.82141115
416.9734779	38.29604951
417.1454107	94.06783874
417.317345	97.25819384
417.489281	85.56512741
417.6612185	64.65630461
417.8331576	97.64787537
418.0050983	72.89600134
418.1770406	45.77111825
418.3489845	138.223238
418.5209299	98.33208281
418.6928769	101.1652549
418.8648255	96.42605471
419.0367757	72.67120208
419.2087275	153.2263879
419.3806808	137.0239956
419.5526358	104.7099292
419.7245923	130.7602597
419.8965504	83.33753717
420.0685101	136.6368539
420.2404713	115.4460883
420.4124342	104.7995057
420.5843986	94.6791301
420.7563646	101.7015077
420.9283322	90.052907
421.1003014	128.3192046
421.2722722	114.9727908
421.4442445	63.53736876
421.6162184	109.5885266
421.7881939	92.75985112
421.960171	142.2529611
422.1321497	194.8875619
422.3041299	174.2840196
422.4761118	146.0354693
422.6480952	167.1031439
422.8200802	156.1107089
422.9920668	141.0336903
423.1640549	167.1775532
423.3360447	158.5986265
423.508036	128.1203589
423.6800289	143.8767569
423.8520234	151.2063314
424.0240195	137.7821297
424.1960172	141.447981
424.3680164	184.0680181
424.5400172	117.0984842
424.7120196	182.3531689
424.8840236	168.7071229
425.0560292	145.3124019
425.2280363	184.1718274
425.4000451	169.6047681
425.5720554	148.8663961
425.7440673	128.7132136
425.9160808	180.1141864
426.0880958	176.9445882
426.2601125	207.6233167
426.4321307	147.951066
426.6041505	206.2020528
426.7761719	205.2362324
426.9481949	231.5580327
427.1202194	151.6360842
427.2922456	242.1418382
427.4642733	180.386081
427.6363026	240.2933337
427.8083335	224.3414218
427.980366	216.2314789
428.1524	215.0592724
428.3244357	238.4478822
428.4964729	234.7570027
428.6685117	232.6075205
428.8405521	218.2767769
429.012594	202.8877974
429.1846376	216.1374679
429.3566827	213.7932032
429.5287294	175.6074064
429.7007777	231.2747148
429.8728276	226.750989
430.044879	231.429264
430.2169321	306.1957028
430.3889867	271.4297
430.5610429	307.9044848
430.7331007	254.8671965
430.9051601	244.8917503
431.077221	250.0386512
431.2492835	277.1313494
431.4213477	289.6510815
431.5934134	293.3611884
431.7654806	358.6332605
431.9375495	286.4287605
432.10962	319.507884
432.281692	318.697865
432.4537656	365.9617808
432.6258408	317.7791
432.7979176	337.4172172
432.9699959	350.6941641
433.1420759	356.5973823
433.3141574	313.7911236
433.4862405	366.5622778
433.6583252	341.3302317
433.8304114	361.4862869
434.0024993	350.5268271
434.1745887	379.3744317
434.3466797	399.8251763
434.5187723	370.6589467
434.6908665	412.8402713
434.8629623	394.4919568
435.0350596	380.0128455
435.2071586	458.9694066
435.3792591	454.6926371
435.5513612	440.7991973
435.7234648	444.0127022
435.8955701	499.0907595
436.0676769	468.7945965
436.2397854	474.3081387
436.4118954	445.8062771
436.5840069	457.6756071
436.7561201	476.7992303
436.9282349	440.1013632
437.1003512	452.6806909
437.2724691	526.0634605
437.4445886	505.6649042
437.6167097	494.3133864
437.7888324	525.2027217
437.9609566	538.799322
438.1330824	555.8597136
438.3052098	501.8290397
438.4773388	552.0743759
438.6494694	585.25494
438.8216016	598.4384617
438.9937353	598.4204176
439.1658706	575.9100898
439.3380075	617.4017889
439.510146	579.1083276
439.6822861	623.4149289
439.8544277	636.7551763
440.026571	616.0444595
440.1987158	686.9478934
440.3708622	639.0688209
440.5430102	710.180812
440.7151597	712.3975168
440.8873109	736.4924149
441.0594636	650.2332633
441.2316179	725.3686494
441.4037738	689.7355607
441.5759313	790.9217413
441.7480903	808.1429959
441.920251	724.018184
442.0924132	808.4615667
442.264577	762.298088
442.4367424	783.4146882
442.6089093	804.8482865
442.7810779	803.0652567
442.953248	830.4345368
443.1254197	865.1684269
443.297593	977.7007681
443.4697679	951.2773682
443.6419444	873.6148538
443.8141224	996.7784734
443.9863021	949.1822076
444.1584833	1019.572874
444.3306661	1001.163759
444.5028504	1027.591871
444.6750364	1014.395443
444.8472239	1049.955355
445.019413	1163.612374
445.1916038	1051.26067
445.363796	1119.141396
445.5359899	1194.04447
445.7081854	1134.637701
445.8803824	1276.511948
446.052581	1331.929391
446.2247812	1215.362632
446.396983	1276.289605
446.5691863	1313.032317
446.7413913	1325.963041
446.9135978	1314.770694
447.0858059	1450.075239
447.2580156	1455.811634
447.4302269	1350.203247
447.6024397	1479.81325
447.7746542	1498.161233
447.9468702	1565.462198
448.1190878	1530.430958
448.291307	1606.774303
448.4635278	1598.67001
448.6357501	1664.88814
448.807974	1810.206981
448.9801996	1678.636109
449.1524266	1825.211107
449.3246553	1775.273847
449.4968856	1934.61029
449.6691174	1884.313297
449.8413509	1889.07562
450.0135859	1923.008123
450.1858225	2039.950038
450.3580606	1959.436426
450.5303004	1977.578693
450.7025417	2028.264025
450.8747846	2051.018418
451.0470291	2128.343322
451.2192752	2186.480732
451.3915229	2188.929191
451.5637722	2223.309363
451.736023	2110.567996
451.9082754	2220.903355
452.0805294	2248.574576
452.252785	2325.054977
452.4250421	2390.340979
452.5973009	2313.448151
452.7695612	2393.504173
452.9418231	2343.332435
453.1140866	2339.288559
453.2863517	2403.983213
453.4586183	2335.767339
453.6308866	2486.708106
453.8031564	2438.100916
453.9754278	2429.06152
454.1477008	2465.134505
454.3199753	2495.255839
454.4922515	2457.368782
454.6645292	2665.137276
454.8368085	2442.371992
455.0090894	2515.090305
455.1813719	2595.681225
455.353656	2431.770431
455.5259416	2535.754362
455.6982288	2427.378458
455.8705176	2579.650422
456.042808	2374.072116
456.2151	2523.579956
456.3873936	2496.816408
456.5596887	2377.387223
456.7319854	2437.469821
456.9042837	2453.639887
457.0765836	2373.817958
457.2488851	2423.260777
457.4211881	2285.752944
457.5934928	2318.869076
457.765799	2254.348279
457.9381068	2281.268869
458.1104161	2242.440036
458.2827271	2179.992797
458.4550396	2220.076849
458.6273538	2231.130847
458.7996695	2174.519699
458.9719868	2163.392752
459.1443056	2048.568761
459.3166261	2095.063998
459.4889481	2076.260448
459.6612718	2100.760976
459.833597	2092.229515
460.0059237	2060.711778
460.1782521	2027.071247
460.3505821	1925.961323
460.5229136	2077.618827
460.6952467	1941.02924
460.8675814	1901.548936
461.0399177	1806.000085
461.2122555	1832.646011
461.384595	1769.333396
461.556936	1857.384162
461.7292786	1810.964749
461.9016228	1722.857805
462.0739686	1709.828428
462.2463159	1760.388673
462.4186649	1731.614106
462.5910154	1770.93461
462.7633675	1607.272896
462.9357212	1665.556969
463.1080764	1661.883392
463.2804333	1700.02159
463.4527917	1570.159476
463.6251517	1553.569088
463.7975133	1590.32009
463.9698765	1575.535211
464.1422413	1554.125535
464.3146076	1519.987899
464.4869755	1529.041064
464.659345	1564.816366
464.8317161	1474.16833
465.0040888	1498.96107
465.176463	1507.613363
465.3488389	1445.595848
465.5212163	1487.323448
465.6935953	1447.937586
465.8659759	1420.450571
466.038358	1482.270672
466.2107418	1467.226662
466.3831271	1411.267863
466.555514	1425.725159
466.7279025	1442.050977
466.9002926	1408.373733
467.0726843	1386.616396
467.2450775	1409.534799
467.4174723	1410.479579
467.5898687	1409.292529
467.7622667	1385.143354
467.9346663	1335.172243
468.1070675	1375.733201
468.2794702	1386.307479
468.4518745	1355.682738
468.6242804	1381.55517
468.7966879	1331.654756
468.969097	1438.534854
469.1415076	1322.378404
469.3139198	1363.976363
469.4863336	1338.098518
469.658749	1298.790084
469.831166	1357.931731
470.0035846	1328.419903
470.1760047	1305.190171
470.3484264	1286.696657
470.5208497	1312.383045
470.6932746	1298.735564
470.8657011	1290.530943
471.0381292	1191.767989
471.2105588	1349.13894
471.38299	1325.552202
471.5554228	1244.667817
471.7278572	1204.964031
471.9002932	1296.896838
472.0727307	1267.764347
472.2451698	1254.906451
472.4176106	1215.184752
472.5900528	1189.564265
472.7624967	1205.171319
472.9349422	1200.976012
473.1073892	1184.359787
473.2798378	1191.087242
473.4522881	1166.089731
473.6247398	1165.744816
473.7971932	1159.327505
473.9696482	1083.802947
474.1421047	1098.090105
474.3145628	1110.613417
474.4870225	1033.669257
474.6594838	1090.048828
474.8319467	1084.618724
475.0044111	1100.155162
475.1768771	1077.563805
475.3493448	1045.658157
475.5218139	1057.545536
475.6942847	1005.913675
475.8667571	1025.13114
476.039231	1007.846771
476.2117065	1050.186634
476.3841836	1020.559069
476.5566623	1031.210162
476.7291426	997.1348579
476.9016245	984.478517
477.0741079	973.0436502
477.2465929	980.0293696
477.4190795	983.2038927
477.5915677	942.7726335
477.7640575	913.1476675
477.9365488	970.3900486
478.1090417	976.1006601
478.2815362	916.539506
478.4540323	913.4035909
478.62653	955.1650077
478.7990293	905.0599876
478.9715301	923.9821464
479.1440325	841.7403207
479.3165365	896.5133495
479.4890421	876.1955832
479.6615493	860.961045
479.834058	898.486201
480.0065684	883.6215875
480.1790803	896.3814194
480.3515938	840.307956
480.5241089	889.1043831
480.6966255	852.2170581
480.8691438	869.9604233
481.0416636	867.2227168
481.214185	871.547198
481.386708	882.1887242
481.5592326	847.548624
481.7317588	850.8231073
481.9042865	862.2833136
482.0768158	880.3534838
482.2493467	830.3126862
482.4218792	869.8296642
482.5944133	844.8146454
482.7669489	847.40547
482.9394862	832.700221
483.112025	830.345853
483.2845654	835.9300757
483.4571074	830.8728814
483.6296509	836.0296641
483.8021961	849.529537
483.9747428	842.4753176
484.1472911	842.7630694
484.319841	868.6597221
484.4923925	859.5412139
484.6649455	883.9368931
484.8375002	847.6509247
485.0100564	826.1829351
485.1826142	836.1724534
485.3551736	848.3310113
485.5277346	848.4833061
485.7002971	881.6161548
485.8728612	847.4296124
486.045427	861.9224616
486.2179943	829.8996251
486.3905631	839.8324776
486.5631336	846.384746
486.7357057	860.3466267
486.9082793	839.887434
487.0808545	825.0796928
487.2534313	877.21482
487.4260097	864.8059825
487.5985896	840.9157732
487.7711712	839.0664046
487.9437543	844.9255956
488.116339	882.1938363
488.2889253	899.0621447
488.4615131	831.0109218
488.6341026	884.6068772
488.8066936	847.937552
488.9792862	870.4373654
489.1518804	867.5610425
489.3244762	852.485542
489.4970736	853.1850919
489.6696725	857.9430681
489.8422731	851.8211939
490.0148752	841.7739348
490.1874789	819.3748341
490.3600841	842.6717458
490.532691	870.56048
490.7052994	853.2790933
490.8779094	867.1450524
491.050521	858.1885513
491.2231342	876.7295241
491.395749	923.6154922
491.5683654	873.3077315
491.7409833	872.6896113
491.9136028	844.476063
492.0862239	841.2532162
492.2588466	859.2840363
492.4314708	858.3954862
492.6040967	893.0707662
492.7767241	861.9172035
492.9493531	831.6324034
493.1219837	849.9422172
493.2946159	849.9401973
493.4672496	872.2862115
493.639885	864.5622636
493.8125219	859.1520396
493.9851604	821.5843257
494.1578005	880.6181947
494.3304422	894.1162126
494.5030854	851.3932372
494.6757302	837.6844675
494.8483767	842.2152875
495.0210247	892.682531
495.1936742	799.4251542
495.3663254	850.2750572
495.5389781	867.8198481
495.7116325	879.6811845
495.8842884	878.4815156
496.0569459	878.7591037
496.229605	877.0319756
496.4022656	828.8125795
496.5749278	918.0030632
496.7475917	849.6078652
496.9202571	876.3917472
497.0929241	850.6240334
497.2655926	842.1639909
497.4382628	855.9210965
497.6109345	850.6984826
497.7836078	835.0646523
497.9562827	844.5676978
498.1289592	880.0929284
498.3016373	866.4643169
498.4743169	847.9882152
498.6469981	851.4414067
498.8196809	881.4664835
498.9923653	857.6816496
499.1650513	863.3392331
499.3377389	867.4123817
499.510428	881.7007386
499.6831187	884.4182561
499.855811	892.4476756
500.0285049	907.5267496
500.2012004	876.4006434
500.3738974	880.7048227
500.5465961	877.8284053
500.7192963	912.3486233
500.8919981	890.6528135
501.0647014	880.7083062
501.2374064	860.1548161
501.410113	905.1453347
501.5828211	905.9388
501.7555308	897.5550231
501.9282421	882.4848956
502.100955	899.9407105
502.2736694	878.6296606
502.4463854	895.5111765
502.6191031	889.3114482
502.7918223	916.4333541
502.9645431	876.4236384
503.1372654	859.5788722
503.3099894	902.2183807
503.4827149	888.5253348
503.655442	861.3024628
503.8281707	911.0165729
504.000901	906.0190317
504.1736329	900.194566
504.3463663	884.6040798
504.5191013	899.4043694
504.6918379	914.2465403
504.8645761	928.750334
505.0373159	879.1327504
505.2100572	890.4121653
505.3828002	915.2540456
505.5555447	910.2512752
505.7282908	930.0019146
505.9010385	916.2657331
506.0737878	889.5877943
506.2465386	902.3403706
506.419291	897.0607386
506.5920451	913.031303
506.7648006	919.8876611
506.9375578	900.2578042
507.1103166	935.8777768
507.2830769	932.855516
507.4558389	910.233423
507.6286024	904.5491923
507.8013675	928.6215786
507.9741341	919.1228115
508.1469024	940.0692243
508.3196722	916.613246
508.4924436	899.0140713
508.6652166	948.8412804
508.8379912	891.3230401
509.0107674	931.8002568
509.1835451	885.9190974
509.3563245	906.627777
509.5291054	905.7327664
509.7018879	922.5125866
509.874672	924.6227944
510.0474576	890.4379486
510.2202449	895.2317684
510.3930337	921.2616778
510.5658241	920.7824385
510.7386161	935.4708643
510.9114097	887.5348216
511.0842048	909.7947811
511.2570015	905.8913167
511.4297999	929.8608788
511.6025998	923.8573735
511.7754013	920.0556354
511.9482043	872.2373588
512.121009	908.2198127
512.2938152	876.2802126
512.466623	907.7248617
512.6394324	902.4980452
512.8122434	891.1165922
512.9850559	918.5772783
513.1578701	884.5360373
513.3306858	860.8705595
513.5035031	903.8698032
513.676322	884.9118333
513.8491425	893.7741048
514.0219645	946.0913769
514.1947882	928.6131026
514.3676134	880.3825402
514.5404402	873.6992902
514.7132686	887.210243
514.8860985	882.8699193
515.0589301	916.2885411
515.2317632	881.6142503
515.4045979	908.6217037
515.5774342	883.3614821
515.7502721	874.4460765
515.9231116	906.8591978
516.0959526	899.9750569
516.2687952	905.2459429
516.4416394	878.317088
516.6144852	871.4271574
516.7873326	870.9832856
516.9601816	914.3474461
517.1330321	918.3272115
517.3058842	901.8728276
517.4787379	893.1788211
517.6515932	931.8820926
517.8244501	910.6466919
517.9973085	928.4579127
518.1701685	865.6407591
518.3430302	908.705112
518.5158933	899.4810405
518.6887581	911.6499821
518.8616245	871.3536395
519.0344924	904.1996945
519.2073619	871.361128
519.3802331	895.2609429
519.5531057	901.0764543
519.72598	910.2150349
519.8988559	870.232973
520.0717333	873.9984662
520.2446123	859.9852347
520.4174929	892.6418516
520.5903751	898.3222282
520.7632589	908.6012545
520.9361442	866.6915913
521.1090311	869.9859606
521.2819197	900.2999055
521.4548098	886.806806
521.6277014	860.4217505
521.8005947	899.8421194
521.9734895	908.6115924
522.146386	903.5611283
522.319284	888.3492893
522.4921836	890.9583894
522.6650847	866.5357084
522.8379875	905.606659
523.0108918	914.9664164
523.1837977	888.1056048
523.3567052	887.479221
523.5296143	862.4838599
523.702525	896.152341
523.8754372	868.9701442
524.0483511	898.1396897
524.2212665	874.9182497
524.3941835	898.1937592
524.567102	898.2514636
524.7400222	879.1807311
524.9129439	863.7169822
525.0858673	897.7852466
525.2587922	883.7791653
525.4317187	880.0287144
525.6046467	883.2683293
525.7775764	854.8410887
525.9505076	890.9362473
526.1234404	875.7542993
526.2963748	893.2893425
526.4693108	878.2932257
526.6422484	867.5306155
526.8151875	872.0905949
526.9881283	888.5993628
527.1610706	872.6489459
527.3340145	897.8136326
527.5069599	896.9182693
527.679907	904.5168755
527.8528556	899.3388045
528.0258059	858.2367204
528.1987577	904.33843
528.371711	880.9213422
528.544666	907.1570023
528.7176226	855.2582531
528.8905807	869.7739092
529.0635404	889.8945838
529.2365017	889.5113711
529.4094646	855.4767542
529.5824291	890.9427365
529.7553951	891.3769406
529.9283627	872.3995571
530.101332	870.0023666
530.2743027	897.9309826
530.4472751	867.4786253
530.6202491	881.0899231
530.7932246	886.1397401
530.9662017	867.9011793
531.1391805	852.8755588
531.3121607	892.9456608
531.4851426	865.9812422
531.6581261	891.3844657
531.8311111	888.7584321
532.0040977	864.5355483
532.1770859	864.1598214
532.3500757	863.4930656
532.5230671	881.6004814
532.69606	878.0019577
532.8690545	870.2934902
533.0420506	892.1648147
533.2150483	898.7970361
533.3880476	898.1572502
533.5610485	900.1380316
533.7340509	860.2466701
533.9070549	853.4655865
534.0800605	871.6043308
534.2530677	852.7314534
534.4260765	842.9277576
534.5990868	856.7207528
534.7720988	846.5560355
534.9451123	876.0433847
535.1181274	888.0598335
535.2911441	871.5383598
535.4641623	910.1223826
535.6371822	887.3242439
535.8102036	883.4535798
535.9832266	866.5875109
536.1562512	902.8906377
536.3292774	856.3174233
536.5023052	869.2616171
536.6753345	887.0107341
536.8483654	864.647864
537.0213979	867.2351254
537.194432	850.5870412
537.3674677	870.4016659
537.5405049	890.0548134
537.7135438	866.8189172
537.8865842	864.9276285
538.0596262	850.7037621
538.2326698	867.033132
538.4057149	874.9575384
538.5787617	863.6289946
538.75181	872.3194209
538.9248599	861.8186671
539.0979114	862.4939281
539.2709645	890.740247
539.4440191	871.7705829
539.6170754	853.0536512
539.7901332	850.1387004
539.9631926	864.873406
540.1362536	896.1196064
540.3093161	875.6340396
540.4823803	849.9030849
540.655446	885.6137102
540.8285133	842.9152058
541.0015822	880.5153742
541.1746527	866.0898779
541.3477248	867.9989746
541.5207984	878.6968401
541.6938737	850.2887457
541.8669505	866.2869661
542.0400289	853.8739189
542.2131088	860.622041
542.3861904	879.9178279
542.5592735	847.2295723
542.7323583	896.6811559
542.9054446	874.9709071
543.0785324	861.294841
543.2516219	869.8796648
543.424713	842.2869565
543.5978056	870.9399112
543.7708998	891.9763894
543.9439956	877.7605846
544.117093	887.1306631
544.290192	889.6819569
544.4632925	877.2960493
544.6363946	867.1918068
544.8094983	862.0041203
544.9826036	880.3488387
545.1557105	869.6266865
545.328819	872.114416
545.501929	866.3112982
545.6750406	848.2696849
545.8481538	859.8622892
546.0212686	861.5476007
546.194385	847.9010593
546.3675029	892.8584384
546.5406225	848.9610607
546.7137436	841.4109062
546.8868663	860.5807105
547.0599906	837.5803829
547.2331164	858.0930824
547.4062439	843.0272196
547.5793729	863.9840827
547.7525035	838.9060754
547.9256357	869.3209011
548.0987695	869.9983177
548.2719048	884.6240751
548.4450418	838.7117024
548.6181803	856.8084616
548.7913204	841.7535983
548.9644621	878.5204966
549.1376053	863.3688346
549.3107502	838.5462399
549.4838966	879.5100949
549.6570446	864.1594722
549.8301942	861.5940906
550.0033454	830.9962341
550.1764982	830.0202649
550.3496525	848.295517
550.5228084	848.7202291
550.6959659	872.8536982
550.869125	850.9444182
551.0422857	859.0426811
551.215448	839.8781548
551.3886118	833.8903905
551.5617772	845.9374713
551.7349442	845.9623401
551.9081128	843.6740727
552.081283	858.8276808
552.2544547	831.248351
552.4276281	822.4789043
552.600803	856.3684009
552.7739795	831.2989773
552.9471576	860.9719778
553.1203372	850.3518156
553.2935185	850.6888954
553.4667013	839.6697391
553.6398857	871.218494
553.8130717	830.9651823
553.9862593	885.2578905
554.1594484	858.597966
554.3326392	814.447729
554.5058315	827.7972894
554.6790254	836.740629
554.8522209	845.1294147
555.0254179	871.8998061
555.1986166	835.1784506
555.3718168	859.7344452
555.5450186	835.5627215
555.718222	818.5833781
555.891427	853.017525
556.0646336	850.4770766
556.2378417	818.3910029
556.4110514	833.9888072
556.5842627	842.4811372
556.7574756	839.4909352
556.9306901	853.8760075
557.1039062	825.9189843
557.2771238	847.7814752
557.450343	833.1779971
557.6235638	822.0980881
557.7967862	832.9820204
557.9700102	827.7195747
558.1432357	828.4270302
558.3164628	854.1145998
558.4896916	817.0511459
558.6629219	841.1088268
558.8361537	845.9208676
559.0093872	796.1273326
559.1826222	846.3020736
559.3558589	831.4947818
559.5290971	843.279484
559.7023369	833.123535
559.8755782	856.5120871
560.0488212	817.0810634
560.2220657	852.0481831
560.3953118	840.047534
560.5685595	845.7441939
560.7418088	801.2827767
560.9150597	846.9866299
561.0883121	800.283966
561.2615662	807.4534126
561.4348218	826.6900467
561.608079	879.4594875
561.7813378	807.8843897
561.9545981	831.7647584
562.1278601	837.2173636
562.3011236	806.0059306
562.4743887	820.3655218
562.6476554	821.4746216
562.8209237	801.872977
562.9941935	824.3500204
563.167465	821.9756126
563.340738	820.5548361
563.5140126	819.4213097
563.6872888	811.2651336
563.8605665	825.0827253
564.0338459	838.6863173
564.2071268	818.4883296
564.3804093	838.5217466
564.5536934	831.6644909
564.7269791	817.5647919
564.9002664	794.1512239
565.0735552	831.6616972
565.2468456	844.8086654
565.4201376	831.1544426
565.5934312	832.5782372
565.7667264	839.3158961
565.9400231	821.7452737
566.1133215	817.8344855
566.2866214	811.0827096
566.4599229	824.1086944
566.633226	798.4964231
566.8065306	814.0206484
566.9798369	808.2136772
567.1531447	821.2002337
567.3264541	830.3048481
567.4997651	793.0846744
567.6730777	805.4817235
567.8463919	827.9338375
568.0197076	817.680332
568.1930249	802.6592385
568.3663438	826.5954607
568.5396643	817.6437428
568.7129864	795.5562215
568.8863101	820.6633898
569.0596353	811.9057806
569.2329621	810.5022382
569.4062905	823.0289453
569.5796205	802.647808
569.7529521	803.3849594
569.9262852	794.3686963
570.0996199	820.0764296
570.2729563	798.8384975
570.4462941	793.0312544
570.6196336	811.1503378
570.7929747	767.52026
570.9663173	817.8623794
571.1396616	805.5133683
571.3130074	831.4627536
571.4863547	843.8377073
571.6597037	805.2196346
571.8330543	806.6986578
572.0064064	811.2117692
572.1797601	819.4032321
572.3531154	819.2418645
572.5264723	823.9643398
572.6998308	802.9976602
572.8731908	834.3574102
573.0465525	810.4254589
573.2199157	820.3957951
573.3932805	823.5472657
573.5666468	817.7128061
573.7400148	802.459456
573.9133843	811.794342
574.0867555	800.91038
574.2601282	781.0425638
574.4335025	777.4385729
574.6068783	795.8445805
574.7802558	793.0355865
574.9536348	789.2321955
575.1270154	816.4938346
575.3003976	822.0255694
575.4737814	816.1173761
575.6471668	800.4215884
575.8205537	803.3294012
575.9939423	784.7134859
576.1673324	836.3533654
576.3407241	790.6642806
576.5141173	807.0486693
576.6875122	803.1141744
576.8609086	812.7925731
577.0343067	788.5370382
577.2077063	818.4355467
577.3811075	794.2562266
577.5545102	785.2577596
577.7279146	819.5556337
577.9013205	802.1293349
578.074728	801.0640979
578.2481371	824.4451933
578.4215478	806.7866749
578.5949601	797.6126098
578.7683739	812.6316004
578.9417894	825.3687465
579.1152064	802.1576649
579.288625	782.2382658
579.4620451	784.6769818
579.6354669	773.2432549
579.8088902	794.6276415
579.9823152	808.060041
580.1557417	781.8076776
580.3291698	807.5126975
580.5025994	810.9582623
580.6760307	817.3158812
580.8494635	798.5177087
581.0228979	803.4179384
581.1963339	787.6193323
581.3697715	789.4810319
581.5432107	786.699574
581.7166514	797.8324369
581.8900937	775.6747323
582.0635377	804.4857215
582.2369832	790.7726565
582.4104302	777.1682528
582.5838789	797.3190562
582.7573291	815.8940294
582.9307809	784.5390541
583.1042344	805.8356809
583.2776893	791.4950882
583.4511459	792.9590473
583.6246041	804.9670116
583.7980638	796.7654948
583.9715251	789.7495991
584.144988	816.7035187
584.3184525	788.894956
584.4919186	812.9425892
584.6653862	802.6534968
584.8388554	804.8116811
585.0123262	792.940655
585.1857986	815.1315034
585.3592726	836.8309856
585.5327482	812.7559079
585.7062253	798.4086279
585.879704	780.8787947
586.0531843	812.0431295
586.2266662	802.8798077
586.4001497	795.1253895
586.5736347	803.9682741
586.7471214	782.5511475
586.9206096	804.1904769
587.0940994	804.9136788
587.2675908	807.7074682
587.4410837	798.9736245
587.6145783	799.5849574
587.7880744	797.7275051
587.9615721	805.4875706
588.1350714	801.4231703
588.3085723	773.3476693
588.4820748	792.5639797
588.6555788	764.8460045
588.8290844	773.3322387
589.0025916	793.9054475
589.1761004	784.6685797
589.3496108	785.2214507
589.5231227	779.5947756
589.6966363	791.3190551
589.8701514	810.2852893
590.0436681	795.4977189
590.2171864	802.4404241
590.3907062	788.3142547
590.5642277	799.4983357
590.7377507	779.2463708
590.9112753	779.9039291
591.0848015	774.7064431
591.2583293	782.4420956
591.4318586	785.1276572
591.6053896	768.967123
591.7789221	788.9891337
591.9524562	790.0372566
592.1259919	770.5803593
592.2995291	777.4919958
592.473068	796.8693517
592.6466084	797.8412207
592.8201504	762.2390121
592.993694	806.8098842
593.1672392	797.8047669
593.340786	784.6860791
593.5143343	786.6866204
593.6878843	788.3530952
593.8614358	757.4002182
594.0349889	774.5312206
594.2085435	771.893257
594.3820998	770.0746968
594.5556576	768.0297416
594.7292171	774.2018829
594.9027781	786.2900845
595.0763406	793.3282293
595.2499048	770.8816397
595.4234706	780.5053627
595.5970379	767.5150024
595.7706068	771.8751203
595.9441773	792.6595255
596.1177494	769.7366469
596.2913231	783.3732823
596.4648983	788.729981
596.6384751	783.2842231
596.8120535	761.9671462
596.9856335	755.9132015
597.1592151	759.5253239
597.3327983	772.2248453
597.506383	781.548142
597.6799693	770.1205711
597.8535572	754.6166542
598.0271467	770.6636567
598.2007378	780.4291647
598.3743304	762.1178125
598.5479247	759.2019381
598.7215205	768.3800871
598.8951179	749.3112881
599.0687168	779.7411654
599.2423174	746.5406181
599.4159196	761.3673883
599.5895233	777.1712413
599.7631286	759.1172835
599.9367355	785.9486063
600.110344	760.2862496
600.283954	757.0844315
600.4575657	744.6472638
600.6311789	742.2152608
600.8047937	756.5801346
600.9784101	772.041199
601.152028	749.0916892
601.3256476	749.5307396
601.4992687	738.2028478
601.6728914	758.0461261
601.8465157	728.4932139
602.0201416	747.1295707
602.1937691	763.0403669
602.3673981	743.9376668
602.5410287	741.436072
602.7146609	753.7086903
602.8882947	735.5360998
603.0619301	765.1550959
603.2355671	738.4773952
603.4092056	742.3706972
603.5828457	752.827923
603.7564874	746.6226948
603.9301307	757.1770492
604.1037756	733.4709375
604.277422	736.6273536
604.4510701	731.487616
604.6247197	736.8750064
604.7983709	719.1791642
604.9720237	739.629484
605.145678	729.0294638
605.319334	763.2890187
605.4929915	716.4145346
605.6666506	724.1020499
605.8403113	717.8923153
606.0139736	753.9931144
606.1876374	714.5659845
606.3613028	714.266024
606.5349699	736.5585424
606.7086385	741.5817213
606.8823087	715.7631252
607.0559804	720.9020105
607.2296538	701.5955849
607.4033287	704.5487449
607.5770052	698.2009512
607.7506833	712.3958208
607.924363	704.8917534
608.0980443	730.7628187
608.2717271	735.8711567
608.4454115	718.4851305
608.6190975	707.9732312
608.7927851	714.2748586
608.9664743	732.3200993
609.1401651	732.6097436
609.3138574	700.2656962
609.4875513	700.2989549
609.6612468	710.1355214
609.8349439	716.2557279
610.0086426	688.9593349
610.1823428	717.112295
610.3560446	688.1815706
610.5297481	689.0757429
610.7034531	708.8078004
610.8771596	718.6467952
611.0508678	701.7070213
611.2245775	708.9734935
611.3982889	697.6812331
611.5720018	686.0281674
611.7457163	696.5298256
611.9194323	678.6674793
612.09315	689.3327687
612.2668692	680.4555855
612.44059	679.437474
612.6143124	710.8709064
612.7880364	669.5931058
612.961762	686.1946114
613.1354891	705.0786973
613.3092179	685.3359188
613.4829482	672.4706344
613.6566801	720.7049105
613.8304136	682.3715047
614.0041486	691.6156339
614.1778853	687.0012352
614.3516235	719.295981
614.5253633	687.5455459
614.6991047	662.32053
614.8728477	667.2128615
615.0465922	653.4993607
615.2203383	670.9762812
615.3940861	677.3067659
615.5678354	671.6910218
615.7415863	666.972352
615.9153387	688.2970852
616.0890928	651.760831
616.2628484	676.9014983
616.4366056	681.1891329
616.6103644	658.8415806
616.7841248	659.071144
616.9578867	662.0780428
617.1316503	682.2612067
617.3054154	632.4392308
617.4791821	652.6502522
617.6529504	693.8924216
617.8267203	642.902372
618.0004917	660.4483259
618.1742648	664.3764208
618.3480394	630.8603206
618.5218156	642.4532509
618.6955934	624.0801272
618.8693727	641.8830018
619.0431537	642.5808862
619.2169362	649.9916492
619.3907203	646.297015
619.564506	628.5410124
619.7382933	629.8156833
619.9120822	642.204006
620.0858726	635.5478546
620.2596646	611.0408725
620.4334582	628.2136444
620.6072534	606.8879452
620.7810502	615.7169526
620.9548486	592.0891794
621.1286485	599.2003304
621.30245	597.6481706
621.4762531	628.9920327
621.6500578	593.2028155
621.8238641	621.7651059
621.9976719	631.2582565
622.1714813	617.2763298
622.3452923	580.5297284
622.5191049	611.8537019
622.6929191	612.7187128
622.8667349	591.0543569
623.0405522	607.6261116
623.2143711	602.4333125
623.3881917	593.553129
623.5620137	599.1788108
623.7358374	598.6206322
623.9096627	593.7449844
624.0834895	578.5289843
624.2573179	603.6307011
624.4311479	598.0030616
624.6049795	597.0525247
624.7788127	584.2374773
624.9526474	599.4465637
625.1264837	563.9769858
625.3003217	594.5539072
625.4741612	563.4017398
625.6480022	590.6283303
625.8218449	562.1587302
625.9956891	567.2729228
626.169535	551.7455178
626.3433824	567.6698329
626.5172313	566.8040066
626.6910819	600.6189846
626.8649341	571.7049695
627.0387878	592.8404677
627.2126431	563.9947603
627.3865	562.8241003
627.5603585	575.8579345
627.7342186	558.1917799
627.9080802	584.5328495
628.0819434	571.9783758
628.2558083	548.210058
628.4296747	555.1680763
628.6035426	551.3887489
628.7774122	563.6720947
628.9512833	542.0775511
629.1251561	545.2507659
629.2990304	539.5896839
629.4729062	551.1837132
629.6467837	547.8515226
629.8206628	547.6499388
629.9945434	523.569968
630.1684256	546.3953357
630.3423094	539.2547946
630.5161948	541.9612515
630.6900818	520.163912
630.8639703	516.5119941
631.0378604	529.9940662
631.2117522	515.5319445
631.3856455	540.0220651
631.5595403	505.8021342
631.7334368	539.1527916
631.9073348	544.0592213
632.0812344	527.8016578
632.2551357	499.5772933
632.4290384	523.5085048
632.6029428	508.4347748
632.7768488	508.9288445
632.9507563	524.0845685
633.1246654	522.6552667
633.2985761	529.1142996
633.4724884	517.0974069
633.6464023	499.1917907
633.8203177	499.9051687
633.9942347	502.3559228
634.1681533	487.0404322
634.3420735	514.8065951
634.5159953	494.3620148
634.6899187	497.9089998
634.8638436	498.1230173
635.0377701	495.6329357
635.2116982	506.3355028
635.3856279	495.7232078
635.5595592	488.4094856
635.7334921	470.8523463
635.9074265	467.983565
636.0813625	484.8387365
636.2553001	502.8592238
636.4292393	493.4012532
636.60318	497.7670478
636.7771224	481.4869925
636.9510663	479.7482404
637.1250118	458.8636641
637.2989589	459.6513781
637.4729076	467.1015447
637.6468579	457.6510299
637.8208097	455.3796253
637.9947631	451.5441088
638.1687181	460.7772041
638.3426747	475.927753
638.5166329	478.6558421
638.6905926	469.8445385
638.864554	437.8668425
639.0385169	468.9046548
639.2124814	462.1078448
639.3864475	442.02436
639.5604151	464.2346333
639.7343844	450.0552999
639.9083552	455.6583759
640.0823276	441.783164
640.2563016	427.0582177
640.4302772	426.9436474
640.6042543	441.4289043
640.7782331	432.9512823
640.9522134	433.6197798
641.1261953	428.1729114
641.3001788	423.0738986
641.4741639	438.7481655
641.6481505	407.7354135
641.8221387	428.1086509
641.9961286	409.0979206
642.17012	413.815376
642.3441129	404.7075869
642.5181075	435.3421578
642.6921037	428.6926589
642.8661014	423.0990414
643.0401007	420.500588
643.2141016	410.2160661
643.3881041	391.4781249
643.5621081	403.6047891
643.7361138	420.9082787
643.910121	398.5721983
644.0841298	399.9348196
644.2581402	420.0517824
644.4321521	421.4753783
644.6061657	410.5002543
644.7801808	382.7459308
644.9541975	400.6046371
645.1282158	360.6848874
645.3022357	390.96299
645.4762572	387.4713553
645.6502802	363.4439983
645.8243048	397.2767313
645.9983311	408.2891827
646.1723589	385.8366666
646.3463882	387.7745991
646.5204192	380.6947378
646.6944517	358.3331034
646.8684858	378.0556527
647.0425215	357.420717
647.2165588	367.676203
647.3905977	370.3496204
647.5646382	362.1645744
647.7386802	369.2941101
647.9127238	358.4708925
648.086769	340.6786887
648.2608158	363.8676396
648.4348641	347.3770823
648.6089141	347.6441092
648.7829656	343.1398725
648.9570187	344.2025422
649.1310734	356.9877053
649.3051297	345.6650744
649.4791875	356.4130143
649.653247	348.239396
649.827308	344.6599318
650.0013706	342.291991
650.1754348	320.358348
650.3495006	335.2023433
650.5235679	356.3588644
650.6976368	316.459221
650.8717074	339.1436246
651.0457795	326.053628
651.2198531	335.9333572
651.3939284	326.9517538
651.5680052	334.962672
651.7420837	321.4015687
651.9161637	353.3335317
652.0902453	345.5878229
652.2643284	319.4575565
652.4384132	318.9374259
652.6124995	326.8150496
652.7865875	318.7746106
652.960677	292.9168837
653.134768	301.9976654
653.3088607	315.1341955
653.482955	305.3528173
653.6570508	315.5152412
653.8311482	307.6782019
654.0052472	310.9468161
654.1793478	308.8514915
654.35345	304.6433865
654.5275537	301.4512319
654.701659	296.356986
654.8757659	301.5572914
655.0498744	301.7072555
655.2239845	300.8295592
655.3980962	306.9927691
655.5722094	292.3850467
655.7463242	304.1974114
655.9204406	297.0107293
656.0945586	285.7886827
656.2686782	297.3144179
656.4427993	287.8920724
656.616922	290.9435165
656.7910464	280.9508615
656.9651723	259.5675967
657.1392997	298.2593182
657.3134288	293.433994
657.4875594	286.7317823
657.6616917	267.6704159
657.8358255	288.7347118
658.0099609	260.6937975
658.1840978	275.1075307
658.3582364	270.5630057
658.5323765	288.9293112
658.7065183	274.1485017
658.8806616	283.498658
659.0548064	265.6674783
659.2289529	272.5047457
659.403101	275.4404884
659.5772506	267.7675032
659.7514018	272.3639501
659.9255546	257.6608885
660.099709	264.7131868
660.2738649	260.2786938
660.4480225	247.5399282
660.6221816	276.4195756
660.7963423	266.6323272
660.9705046	256.586217
661.1446685	245.319113
661.3188339	244.9008982
661.493001	238.6546744
661.6671696	253.4691377
661.8413398	246.4044051
662.0155116	249.1276403
662.1896849	251.9062903
662.3638599	251.4257551
662.5380364	236.2613715
662.7122145	233.9554273
662.8863942	238.7669774
663.0605755	237.6697912
663.2347584	248.841075
663.4089428	249.2870187
663.5831288	226.5438413
663.7573165	228.5123921
663.9315056	247.6240127
664.1056964	238.7314896
664.2798888	230.1471663
664.4540827	223.5218446
664.6282782	233.1297853
664.8024753	222.194029
664.976674	217.355448
665.1508743	231.0163237
665.3250761	218.2711476
665.4992796	228.4658566
665.6734846	217.9615375
665.8476912	214.8003635
666.0218993	215.8774403
666.1961091	223.9574495
666.3703204	203.0856105
666.5445334	216.8094081
666.7187479	216.0462143
666.892964	223.1195256
667.0671816	212.634874
667.2414009	209.4194338
667.4156217	210.7376683
667.5898442	211.8828712
667.7640682	205.8344022
667.9382937	214.2925912
668.1125209	199.7341826
668.2867497	203.245819
668.46098	216.3975766
668.6352119	212.3562571
668.8094454	199.8477637
668.9836805	201.1231808
669.1579171	198.3641941
669.3321554	198.8051393
669.5063952	198.4473763
669.6806366	196.3436886
669.8548796	189.4802345
670.0291242	197.6721208
670.2033703	194.5992085
670.3776181	195.1108801
670.5518674	193.7910818
670.7261183	186.2248288
670.9003708	181.5322668
671.0746248	187.1238873
671.2488805	174.2846122
671.4231377	203.1793015
671.5973965	177.1800392
671.7716569	172.6462393
671.9459189	180.5298305
672.1201824	187.9440767
672.2944476	187.8387671
672.4687143	180.6462031
672.6429826	188.5766587
672.8172525	178.6632919
672.991524	186.3730577
673.165797	159.4520102
673.3400717	173.8239654
673.5143479	184.1276913
673.6886257	159.6356011
673.8629051	178.3633034
674.037186	177.2807279
674.2114686	170.4948238
674.3857527	170.6950443
674.5600384	170.7839724
674.7343257	158.1454816
674.9086146	182.5825172
675.0829051	164.0704025
675.2571971	168.5872633
675.4314907	167.5605798
675.6057859	180.8302858
675.7800827	161.5725813
675.9543811	170.5327873
676.128681	163.7226943
676.3029826	159.7928768
676.4772857	155.6112277
676.6515904	157.672788
676.8258967	168.1741914
677.0002045	147.4785401
677.174514	154.2384304
677.348825	165.0875672
677.5231376	155.6568553
677.6974518	162.9714051
677.8717676	145.7222018
678.046085	146.8693307
678.2204039	141.5960394
678.3947244	153.7895426
678.5690465	144.2586482
678.7433702	152.202872
678.9176955	147.3832931
679.0920224	137.8768654
679.2663508	142.3024313
679.4406808	146.2868511
679.6150124	140.8295701
679.7893456	155.6441393
679.9636804	142.719515
680.1380167	146.5974447
680.3123546	128.7023832
680.4866941	141.9146734
680.6610352	131.2641231
680.8353779	144.0334587
681.0097222	147.1143022
681.184068	146.5848846
681.3584154	131.2443653
681.5327644	136.0341224
681.707115	145.7263473
681.8814672	131.0092632
682.055821	135.131172
682.2301763	138.5851193
682.4045332	128.4631431
682.5788917	130.1326864
682.7532518	138.1146693
682.9276135	132.6917204
683.1019767	136.0332756
683.2763415	136.4525234
683.4507079	125.5830149
683.6250759	133.1552257
683.7994455	121.939579
683.9738167	121.1423836
684.1481894	124.3851198
684.3225637	126.9389619
684.4969396	118.7216059
684.6713171	111.5652385
684.8456962	106.7177551
685.0200768	114.9321841
685.1944591	104.3083815
685.3688429	128.4283719
685.5432283	116.7487184
685.7176153	121.4481771
685.8920038	119.1235812
686.066394	121.034943
686.2407857	119.1816811
686.415179	129.3892951
686.5895739	129.607507
686.7639704	119.3568438
686.9383685	117.5879822
687.1127681	116.8335347
687.2871693	123.6846494
687.4615721	117.0878384
687.6359765	121.137606
687.8103825	105.7657275
687.98479	116.4353936
688.1591992	127.0110359
688.3336099	108.9116504
688.5080222	121.281565
688.6824361	113.0436015
688.8568515	108.4092401
689.0312686	109.4634094
689.2056872	116.4838066
689.3801074	103.847733
689.5545292	107.2667376
689.7289526	107.4599011
689.9033775	110.6598628
690.0778041	113.597886
690.2522322	103.4966571
690.4266619	101.402224
690.6010932	103.1956617
690.7755261	109.3311883
690.9499605	104.1230082
691.1243965	99.93739739
691.2988342	105.7982477
691.4732734	89.33491891
691.6477141	92.70641229
691.8221565	99.17710023
691.9966005	101.9402703
692.171046	100.1783343
692.3454931	95.17249939
692.5199418	78.99926428
692.6943921	84.56971846
692.8688439	85.35967913
693.0432974	67.01516651
693.2177524	65.35505261
693.392209	58.78573715
693.5666672	67.96534985
693.7411269	60.32563299
693.9155883	50.55615245
694.0900512	55.68326493
694.2645157	61.5117185
694.4389818	93.06798547
694.6134495	81.41648814
694.7879188	84.14500304
694.9623896	92.10365853
695.1368621	86.57881135
695.3113361	93.32635708
695.4858117	112.8424406
695.6602888	108.9250388
695.8347676	119.768247
696.0092479	106.8174386
696.1837299	131.0997328
696.3582134	113.1836009
696.5326984	114.1581042
696.7071851	117.9982982
696.8816734	115.1227794
697.0561632	101.3202009
697.2306546	108.0084479
697.4051476	101.9037578
697.5796422	124.1321047
697.7541384	109.8426969
697.9286361	104.0515598
698.1031354	95.08166485
698.2776363	90.94047468
698.4521388	73.31452283
698.6266429	90.18768143
698.8011486	93.90156834
698.9756558	85.04907221
699.1501646	77.56368591
699.324675	74.21492807
699.499187	78.77088995
699.6737006	72.38543585
699.8482157	65.64686494
700.0227325	69.4463736
700.1972508	74.65136198
700.3717707	85.02571162
700.5462922	78.60820969
700.7208152	81.16464021
700.8953399	74.75155849
701.0698661	83.55509315
701.2443939	70.47159478
701.4189233	82.06769162
701.5934543	71.11016491
701.7679868	74.36204398
701.942521	80.86729988
702.1170567	77.1808894
702.291594	75.85244762
702.4661329	71.36532961
702.6406733	74.61713815
702.8152154	76.00897147
702.989759	73.73048426
703.1643042	64.70155348
703.338851	69.01875786
703.5133994	85.97431738
703.6879494	61.64473943
703.8625009	68.84847244
704.037054	67.1302411
704.2116088	77.63734975
704.386165	67.94123394
704.5607229	66.23557864
704.7352824	70.49512581
704.9098434	62.92358224
705.084406	68.31973121
705.2589702	73.01591237
705.433536	63.10612928
705.6081034	69.18793702
705.7826723	62.01324578
705.9572429	63.68799926
706.131815	66.65745073
706.3063887	68.91842754
706.480964	69.75681898
706.6555408	64.10099495
706.8301193	63.59617429
707.0046993	65.255655
707.1792809	72.70730874
707.3538641	66.88131279
707.5284489	63.30976653
707.7030352	60.92867108
707.8776232	62.38516923
708.0522127	59.1256102
708.2268038	61.86524009
708.4013965	68.46902785
708.5759907	62.69903936
708.7505866	64.48561986
708.925184	58.8667903
709.099783	48.95927604
709.2743836	67.07709933
709.4489858	60.23278928
709.6235896	55.3829273
709.7981949	58.48945733
709.9728018	62.85035556
710.1474104	56.62789692
710.3220204	59.05295537
710.4966321	62.87325663
710.6712454	61.35796745
710.8458602	62.50266903
711.0204766	61.82731749
711.1950946	58.5169251
711.3697142	62.58577566
711.5443354	54.5945006
711.7189581	48.38025495
711.8935825	61.80668617
712.0682084	47.2800909
712.2428359	55.32706922
712.417465	46.91491724
712.5920956	46.35932155
712.7667279	46.9003795
712.9413617	62.61136305
713.1159971	61.60244375
713.2906341	57.40527486
713.4652727	39.75288385
713.6399128	52.06693898
713.8145545	51.3689429
713.9891979	56.58542596
714.1638428	64.48498828
714.3384893	65.7696418
714.5131373	58.4702041
714.687787	56.98576333
714.8624382	58.72545776
715.037091	52.47612847
715.2117454	42.94947971
715.3864014	44.3910235
715.5610589	57.58225342
715.7357181	43.65356328
715.9103788	53.81772594
716.0850411	56.04823802
716.259705	61.74568629
716.4343705	42.15902674
716.6090375	62.91364752
716.7837062	62.58378309
716.9583764	57.67026966
717.1330482	68.30168261
717.3077216	54.61803226
717.4823966	56.97607975
717.6570731	57.53838676
717.8317512	49.42387892
718.0064309	42.17127162
718.1811122	44.44241897
718.3557951	41.84407492
718.5304796	47.38150492
718.7051656	45.15269949
718.8798532	38.66928469
719.0545425	48.34744774
719.2292332	28.94208173
719.4039256	56.74401985
719.5786196	45.39169725
719.7533151	55.05447603
719.9280122	60.14476301
720.1027109	41.50469596
720.2774112	45.91606197
720.4521131	38.96218302
720.6268165	52.66684743
720.8015216	47.42706531
720.9762282	41.99561452
721.1509364	56.18154303
721.3256461	54.08052084
721.5003575	37.16215925
721.6750704	50.70747422
721.849785	45.01180159
722.0245011	50.29902358
722.1992188	47.27133878
722.373938	38.20425838
722.5486589	47.17936368
722.7233813	41.65247364
722.8981053	36.89634764
723.0728309	42.49284674
723.2475581	44.6588628
723.4222869	38.05194789
723.5970172	40.63357659
723.7717492	39.38836543
723.9464827	44.29538526
724.1212178	44.17820124
724.2959545	42.89536487
724.4706927	34.01952177
724.6454326	29.81413946
724.820174	52.79852352
724.994917	37.13828551
725.1696616	33.86364024
725.3444078	35.68744639
725.5191555	48.00487669
725.6939048	40.84399213
725.8686558	40.61150044
726.0434083	34.00554227
726.2181623	36.32428377
726.392918	31.00267858
726.5676753	40.80787569
726.7424341	37.10473326
726.9171945	37.35716078
727.0919565	36.94415046
727.2667201	43.7906697
727.4414852	30.42421888
727.616252	30.53436931
727.7910203	35.88341358
727.9657902	38.65579251
728.1405617	32.46425989
728.3153348	40.84262374
728.4901094	41.78435498
728.6648857	33.34695133
728.8396635	33.67289694
729.0144429	37.4866568
729.1892239	42.69703004
729.3640064	45.05893966
729.5387906	42.92331876
729.7135763	38.5159767
729.8883636	29.25097089
730.0631525	41.30252881
730.237943	28.21611589
730.412735	42.09255935
730.5875287	32.84353701
730.7623239	25.98023363
730.9371207	21.8277273
731.1119191	30.28908882
731.2867191	33.68140796
731.4615206	26.10839329
731.6363238	40.61146459
731.8111285	41.64620032
731.9859348	29.90909216
732.1607427	38.30228049
732.3355521	37.53884942
732.5103632	33.29599729
732.6851758	27.17129937
732.85999	38.13379758
733.0348058	27.82455168
733.2096232	34.47741891
733.3844421	32.35336513
733.5592627	40.06954993
733.7340848	30.70260315
733.9089085	37.26348206
734.0837338	31.92974841
734.2585607	30.88994232
734.4333891	35.33948338
734.6082192	25.55624926
734.7830508	39.64332435
734.957884	29.64582549
735.1327188	18.03935803
735.3075551	20.51231964
735.4823931	35.38934667
735.6572326	35.11559758
735.8320737	23.03311659
736.0069164	27.66311046
736.1817607	35.41491516
736.3566065	31.91171451
736.531454	27.60268672
736.706303	32.29413314
736.8811536	20.68560396
737.0560058	35.76702234
737.2308596	27.15055006
737.4057149	39.31322448
737.5805718	27.82129398
737.7554304	24.85881855
737.9302905	27.76400702
738.1051521	33.25759237
738.2800154	35.39051377
738.4548803	39.49065783
738.6297467	24.6214842
738.8046147	23.74044287
738.9794843	32.8521941
739.1543555	35.21115953
739.3292282	24.95403657
739.5041026	31.26104719
739.6789785	29.99749244
739.853856	23.44512708
740.0287351	27.71919695
740.2036158	26.53880452
740.378498	22.5498975
740.5533818	34.75196198
740.7282673	21.16940641
740.9031543	29.57937978
741.0780428	19.64120602
741.252933	42.93012624
741.4278247	35.80064315
741.6027181	39.98125032
741.777613	29.65896251
741.9525095	26.05416059
742.1274076	38.10877361
742.3023072	32.00270192
742.4772084	22.61349297
742.6521113	34.48083344
742.8270157	24.79090734
743.0019217	27.03129867
743.1768292	34.85092218
743.3517384	26.37644399
743.5266491	22.93608871
743.7015614	47.26169018
743.8764753	22.09183416
744.0513908	19.56980712
744.2263079	22.73883077
744.4012265	35.86988625
744.5761468	19.32467387
744.7510686	25.71099662
744.925992	29.18947074
745.1009169	33.91105848
745.2758435	38.38132843
745.4507716	33.23479322
745.6257013	26.30009199
745.8006327	30.13310749
745.9755655	18.76881995
746.1505	26.72180924
746.3254361	32.72357034
746.5003737	13.9597437
746.6753129	29.54157497
746.8502537	37.46680347
747.0251961	24.91650425
747.2001401	9.291487285
747.3750856	23.76880983
747.5500327	22.99604196
747.7249814	15.45628475
747.8999317	27.98442474
748.0748836	25.16036194
748.2498371	8.3068961
748.4247921	17.98620984
748.5997487	33.12613603
748.7747069	22.3776512
748.9496667	33.60567088
749.1246281	25.02438464
749.299591	23.25656645
749.4745556	23.20116085
749.6495217	23.09784716
749.8244894	31.87242472
749.9994587	25.70832284
750.1744295	51.1549482
750.349402	30.35251939
750.524376	29.77401439
750.6993516	31.78408731
750.8743288	15.04699779
751.0493076	23.99920431
751.2242879	32.50485797
751.3992699	35.46452115
751.5742534	32.47946578
751.7492385	31.19802441
751.9242252	21.15712658
752.0992134	21.31472496
752.2742033	34.42299047
752.4491947	31.9177605
752.6241877	16.63922326
752.7991823	28.61396211
752.9741785	37.72945842
753.1491763	13.55197234
753.3241756	30.43890877
753.4991766	23.96490178
753.6741791	44.21649579
753.8491832	29.56426056
754.0241888	28.40540855
754.1991961	25.51265059
754.3742049	16.71838227
754.5492153	15.98005877
754.7242274	32.70328007
754.8992409	26.76905597
755.0742561	14.91506128
755.2492729	12.80837035
755.4242912	20.49378628
755.5993111	31.28672912
755.7743326	30.17245866
755.9493557	19.90806712
756.1243803	23.91208518
756.2994066	15.97655554
756.4744344	20.70020204
756.6494638	19.78528482
756.8244948	24.95355189
756.9995274	31.38831258
757.1745615	26.34910985
757.3495973	24.11937418
757.5246346	15.28523678
757.6996735	24.05455414
757.874714	25.81579083
758.0497561	23.62765806
758.2247997	21.34663911
758.3998449	11.97982954
758.5748918	20.77777984
758.7499402	17.30963126
758.9249901	31.60823243
759.1000417	33.56342804
759.2750948	16.53652097
759.4501496	34.4374293
759.6252059	28.76462464
759.8002638	28.10689127
759.9753232	16.50175946
760.1503843	14.44696407
760.3254469	27.93384286
760.5005112	27.03581326
760.675577	28.13345511
760.8506443	21.43942869
761.0257133	34.75910613
761.2007839	22.70976886
761.375856	30.61823014
761.5509297	8.474027904
761.726005	18.82564237
761.9010819	25.52488329
762.0761603	18.04753852
762.2512404	31.24543053
762.426322	21.07798258
762.6014052	20.81454664
762.77649	5.920843332
762.9515764	39.49262257
763.1266643	0
763.3017539	24.3593889
763.476845	25.34444713
763.6519377	18.22701745
763.827032	25.9513835
764.0021278	21.39981808
764.1772253	22.29122777
764.3523243	16.11285068
764.5274249	18.20259313
764.7025271	11.51789827
764.8776309	40.9264481
765.0527363	25.96126696
765.2278432	26.71128592
765.4029517	26.26721524
765.5780619	13.55931217
765.7531735	33.31131395
765.9282868	25.69817108
766.1034017	18.41765669
766.2785181	14.01741311
766.4536361	19.51226108
766.6287557	29.0988167
766.8038769	20.04842856
766.9789997	17.04334641
767.154124	30.82799903
767.32925	6.467587164
767.5043775	17.32124303
767.6795066	23.47801577
767.8546373	28.19238929
768.0297695	32.85393415
768.2049034	22.22616921
768.3800388	18.93479704
768.5551758	11.68173178
768.7303144	35.03808841
768.9054546	34.96961109
769.0805963	21.95403132
769.2557396	20.08253477
769.4308846	0.832365195
769.6060311	32.15091529
769.7811791	17.45262767
769.9563288	17.37727579
770.1314801	33.95815268
770.3066329	16.07811989
770.4817873	21.7026353
770.6569433	38.93164087
770.8321009	6.621819423
771.00726	35.2853935
771.1824208	24.46616002
771.3575831	15.02752122
771.532747	11.45045788
771.7079125	23.71665272
771.8830796	23.13836876
772.0582482	24.49307459
772.2334185	24.67932955
772.4085903	9.900825462
772.5837637	20.26958551
772.7589387	43.26994535
772.9341152	14.88079272
773.1092934	14.11067074
773.2844731	8.461390375
773.4596544	31.94679395
773.6348373	8.890564241
773.8100218	20.7142097
773.9852079	17.38544917
774.1603955	7.630331791
774.3355847	25.81583514
774.5107755	17.13759055
774.6859679	17.06094071
774.8611619	31.97936311
775.0363575	27.3977334
775.2115546	25.63663038
775.3867533	25.15266087
775.5619536	11.70111568
775.7371555	12.57184346
775.912359	30.89117547
776.087564	12.33916969
776.2627706	12.1395609
776.4379789	18.72506704
776.6131886	15.20963913
776.7884	29.86554835
776.963613	22.36821134
777.1388275	23.85663361
777.3140436	5.2105241
777.4892614	28.72539387
777.6644806	32.84371976
777.8397015	22.88158541
778.014924	30.13143518
778.190148	24.49239208
778.3653736	26.77294281
778.5406008	23.73662592
778.7158296	31.99951588
778.89106	18.34786776
779.0662919	28.42386757
779.2415255	26.50386923
779.4167606	10.03295448
779.5919973	28.39923863
779.7672355	30.70245078
779.9424754	38.25134994
780.1177168	14.67113548
780.2929599	12.85963356
780.4682045	32.57729005
780.6434507	18.61236545
780.8186984	16.72588753
780.9939478	35.60375451
781.1691987	18.80090489
781.3444512	27.53652718
781.5197053	14.55765682
781.694961	26.8751486
781.8702183	30.4597487
782.0454771	12.56298412
782.2207376	35.56650655
782.3959996	32.66910893
782.5712632	40.52638271
782.7465283	20.78482367
782.9217951	39.06517608
783.0970634	23.53460462
783.2723334	36.57225513
783.4476049	13.8054885
783.622878	25.90840664
783.7981526	29.96275074
783.9734289	28.07035091
784.1487067	18.56915911
784.3239861	11.42864288
784.4992671	26.43106144
784.6745497	20.52216857
784.8498339	1.78368465
785.0251196	28.05877497
785.200407	32.98514658
785.3756959	15.97848306
785.5509864	28.77215247
785.7262784	32.25053514
785.9015721	21.03991336
786.0768673	43.29741423
786.2521642	21.66225693
786.4274626	37.67117894
786.6027626	25.20436504
786.7780641	31.61393567
786.9533673	12.45333129
787.128672	18.37411438
787.3039783	34.31326693
787.4792862	28.09180806
787.6545957	45.668298
787.8299068	38.20504345
788.0052194	28.48307864
788.1805337	30.22104738
788.3558495	17.70198604
788.5311669	21.45716648
788.7064858	25.40559647
788.8818064	31.3474501
789.0571285	31.91364403
789.2324523	17.51707048
789.4077776	32.28771343
789.5831045	13.89231726
789.7584329	45.10949551
789.933763	32.3834959
790.1090946	35.57972528
790.2844278	38.4620067
790.4597626	22.40727452
790.635099	20.95288268
790.810437	33.87841319
790.9857765	4.358974124
791.1611176	31.32338101
791.3364604	32.44783333
791.5118047	31.77624277
791.6871505	15.54652765
791.862498	18.46996448
792.037847	23.36575716
792.2131976	18.44578893
792.3885499	18.87323528
792.5639036	10.04783726
792.739259	15.47633733
792.914616	7.978877923
793.0899745	20.51754462
793.2653346	17.35262336
793.4406963	17.20419725
793.6160596	45.45942583
793.7914245	22.72618545
793.9667909	19.35146067
794.1421589	46.57938603
794.3175285	18.93146913
794.4928997	50.11569875
794.6682725	27.26314539
794.8436469	39.72232812
795.0190228	30.01916359
795.1944003	34.67413134
795.3697794	6.701010032
795.5451601	42.19264279
795.7205424	24.55923813
795.8959262	16.06830995
796.0713117	19.84377024
796.2466987	30.33527269
796.4220873	28.96821903
796.5974775	22.54493032
796.7728692	43.30295642
796.9482626	46.16718571
797.1236575	7.470193383
797.299054	31.77064649
797.4744521	5.26560423
797.6498518	22.56972694
797.825253	41.73402626
798.0006559	30.73064872
798.1760603	42.0077346
798.3514663	39.08909779
798.5268739	0
798.7022831	25.01899504
798.8776938	31.0161218
799.0531062	28.19459425
799.2285201	42.98738131
799.4039356	23.50867613
799.5793526	28.08202749
799.7547713	34.56356283
799.9301916	0.569757329
800.1056134	40.54597613
800.2810368	24.74504495
800.4564618	34.40517288
800.6318884	30.25227291
800.8073165	4.74809665
800.9827463	33.9205427
801.1581776	27.53177767
801.3336105	24.30524543
801.509045	39.53659074
801.684481	29.17820432
801.8599187	27.29554741
802.0353579	50.82809202
802.2107987	27.64555777
802.3862411	47.5435884
802.5616851	35.27670745
802.7371307	11.68958546
802.9125778	37.12714473
803.0880266	17.87781152
803.2634769	49.87825535
803.4389288	16.7406261
803.6143822	28.83304217
803.7898373	28.0563392
803.9652939	33.75136508
804.1407521	31.78886848
804.3162119	16.70051155
804.4916733	15.6911769
804.6671363	8.055473505
804.8426009	39.1644689
805.018067	38.93604458
805.1935347	14.06121074
805.369004	17.13270461
805.5444749	20.19187311
805.7199473	31.27571399
805.8954214	33.82823333
806.070897	4.454444586
806.2463742	31.59574832
806.421853	22.94650116
806.5973334	24.31206675
806.7728153	18.67081336
806.9482989	18.38170334
807.123784	23.65637702
807.2992707	42.85510269
807.474759	20.97479232
807.6502489	25.82025296
807.8257403	63.78514195
808.0012333	30.12751605
808.176728	34.0166408
808.3522242	16.2394292
808.5277219	34.20390416
808.7032213	36.96594696
808.8787222	34.17111946
809.0542248	5.9910406
809.2297289	15.53896264
809.4052346	37.09563027
809.5807418	31.58450649
809.7562507	16.38027195
809.9317611	34.67883306
810.1072732	26.67509821
810.2827868	38.97678267
810.4583019	30.4233916
810.6338187	49.67019548
810.8093371	59.63776716
810.984857	49.80445436
811.1603785	27.92115845
811.3359016	13.67586789
811.5114263	44.22746584
811.6869525	24.6089222
811.8624804	23.47200527
812.0380098	35.12266965
812.2135408	27.5166173
812.3890734	60.27983826
812.5646076	35.65283885
812.7401433	17.46746399
812.9156807	15.29870214
813.0912196	66.42402352
813.2667601	16.56225171
813.4423022	34.07224158
813.6178459	41.65936961
813.7933911	28.35402788
813.9689379	58.86115527
814.1444864	25.40639267
814.3200364	15.21851012
814.4955879	13.91265348
814.6711411	11.4211516
814.8466958	24.24709507
815.0222522	18.57120852
815.1978101	26.87263912
815.3733696	55.01600983
815.5489306	47.99997415
815.7244933	42.55363062
815.9000575	20.8917688
816.0756233	32.38282797
816.2511907	27.12864216
816.4267597	13.91315063
816.6023303	48.21176081
816.7779025	63.50102644
816.9534762	48.54771636
817.1290515	24.52953863
817.3046284	39.87970456
817.4802069	40.9898393
817.6557869	37.65711895
817.8313686	20.02895691
818.0069518	43.66699662
818.1825366	37.07538042
818.358123	30.54171432
818.533711	14.23373327
818.7093005	36.15854671
818.8848917	0
819.0604844	35.24336891
819.2360787	17.89393333
819.4116746	35.93006377
819.587272	29.77828698
819.7628711	55.07167797
819.9384717	41.22386868
820.1140739	3.480317389
820.2896777	19.40730811
820.4652831	12.26053719
820.6408901	46.97640919
820.8164986	20.3471862
820.9921087	37.77767588
821.1677204	30.45957477
821.3433337	45.28445275
821.5189486	28.9333255
821.6945651	39.63821138
821.8701831	42.25932094
822.0458027	39.88690656
822.2214239	40.57613418
822.3970467	70.55417389
822.5726711	39.44688545
822.748297	49.91583011
822.9239245	51.62648388
823.0995537	35.98511217
823.2751844	47.54084792
823.4508166	56.76302146
823.6264505	49.98264317
823.8020859	9.564975352
823.977723	24.97079179
824.1533616	21.36138555
824.3290018	33.25881408
824.5046435	24.53131391
824.6802869	34.74051413
824.8559318	35.19954402
825.0315783	29.92955941
825.2072264	40.44883961
825.3828761	38.38806477
825.5585274	45.39381232
825.7341802	46.04180558
825.9098347	41.02529179
826.0854907	50.08039529
826.2611483	6.865209404
826.4368075	49.76987816
826.6124682	52.05317012
826.7881306	38.91777983
826.9637945	62.13742861
827.13946	71.55772071
827.3151271	38.23806338
827.4907958	43.368329
827.666466	39.31135917
827.8421378	33.83745618
828.0178113	61.7440894
828.1934863	24.34152162
828.3691628	78.13362989
828.544841	19.07760508
828.7205208	27.13303924
828.8962021	69.91046105
829.071885	50.66655475
829.2475695	56.7139861
829.4232556	61.60793603
829.5989432	35.94771587
829.7746325	38.6195487
829.9503233	11.44196695
830.1260157	43.22136179
830.3017097	53.97601367
830.4774053	66.05700011
830.6531024	62.42798045
830.8288012	54.05045188
831.0045015	60.85994287
831.1802034	27.16511376
831.3559069	47.05560667
831.5316119	63.29754452
831.7073186	27.73094687
831.8830268	42.02251034
832.0587366	71.58589565
832.234448	75.52948143
832.410161	55.26334682
832.5858755	24.1108365
832.7615917	61.48793677
832.9373094	34.71056621
833.1130287	33.76419337
833.2887496	65.36569234
833.4644721	61.83050668
833.6401961	46.70833839
833.8159218	53.53066174
833.991649	44.24326974
834.1673778	58.11955838
834.3431082	70.9227251
834.5188401	61.84203126
834.6945737	45.08374102
834.8703088	82.17132888
835.0460455	91.47485254
835.2217838	81.14214544
835.3975237	86.50792167
835.5732652	90.39468391
835.7490082	12.86563474
835.9247528	56.40033336
836.100499	71.24322211
836.2762468	84.6254633
836.4519962	25.57255734
836.6277471	62.81412237
836.8034997	40.05483054
836.9792538	71.00319516
837.1550095	66.08490921
837.3307668	70.11657142
837.5065256	27.57711497
837.6822861	74.65666332
837.8580481	98.6845181
838.0338117	64.41152838
838.2095769	75.55004694
838.3853437	82.44478873
838.5611121	60.15723577
838.736882	73.4424719
838.9126535	62.74062069
839.0884266	58.89721018
839.2642013	80.98588284
839.4399776	57.16116228
839.6157554	97.03780681
839.7915349	47.11904119
839.9673159	58.34012379
840.1430985	113.8233514
840.3188827	58.38335146
840.4946684	118.0415628
840.6704558	82.63305129
840.8462447	107.6611882
841.0220352	98.1799363
841.1978273	55.96266737
841.373621	70.88413646
841.5494162	92.89900125
841.7252131	101.7363237
841.9010115	51.45689816
842.0768115	47.54060197
842.2526131	80.68179182
842.4284163	80.83501965
842.604221	86.79016278
842.7800274	89.18867636
842.9558353	84.70602426
843.1316448	62.34704721
843.3074559	70.29707054
843.4832685	78.13435429
843.6590828	91.07215073
843.8348986	84.7156979
844.010716	99.83028238
844.186535	48.54529369
844.3623556	59.92641378
844.5381777	37.59369291
844.7140015	80.51514393
844.8898268	80.52260526
845.0656537	90.59544851
845.2414822	95.69289236
845.4173123	80.6148281
845.5931439	104.3933325
845.7689771	110.9590218
845.944812	100.4468385
846.1206484	94.82536585
846.2964863	121.8214207
846.4723259	100.8099178
846.6481671	97.08497254
846.8240098	127.3902475
846.9998541	89.99113125
847.1757	28.40617042
847.3515475	64.28529108
847.5273965	95.71138317
847.7032472	151.8438339
847.8790994	83.35148464
848.0549532	85.54070943
848.2308086	78.10769907
848.4066655	112.403647
848.5825241	102.8563014
848.7583842	134.3423385
848.9342459	140.1899511
849.1101092	111.980543
849.2859741	95.77020743
849.4618406	97.88640497
849.6377086	138.85907
849.8135783	132.6905025
849.9894495	91.10679156
850.1653223	92.56445954
850.3411966	127.4904522
850.5170726	103.3183208
850.6929501	93.87370404
850.8688293	133.4308808
851.04471	158.1231721
851.2205922	91.74494123
851.3964761	146.3884318
851.5723616	102.5343305
851.7482486	135.8542653
851.9241372	103.9159343
852.1000274	166.0451601
852.2759192	167.0879695
852.4518126	132.0643704
852.6277075	118.351033
852.803604	119.5870059
852.9795021	128.6102086
853.1554018	175.1508822
853.3313031	161.9520312
853.507206	111.2726183
853.6831104	124.1233702
853.8590164	98.07689445
854.034924	116.5542678
854.2108332	114.5115539
854.386744	86.97745473
854.5626563	88.72332318
854.7385703	125.5429331
854.9144858	166.8334824
855.0904029	65.46318538
855.2663216	159.4345329
855.4422418	149.8221833
855.6181637	151.0416792
855.7940871	95.00137527
855.9700121	144.0750848
856.1459387	118.0219543
856.3218669	145.2306961
856.4977966	129.0266797
856.673728	88.83188865
856.8496609	130.4027261
857.0255954	125.6590557
857.2015315	114.6158203
857.3774691	114.1454694
857.5534084	157.0245919
857.7293492	113.1823731
857.9052916	88.89355935
858.0812356	143.4788411
858.2571812	143.439032
858.4331284	98.61906068
858.6090771	134.2003859
858.7850275	116.3862558
858.9609794	160.7292172
859.1369329	134.8692531
859.3128879	123.2087286
859.4888446	161.3474726
859.6648028	151.3072941
859.8407626	150.9685921
860.0167241	152.7259972
860.192687	158.1016117
860.3686516	162.921369
860.5446178	165.9613782
860.7205855	136.9234116
860.8965548	153.9037682
861.0725257	160.7760838
861.2484982	166.93723
861.4244722	108.6043682
861.6004479	159.9564004
861.7764251	165.2411578
861.9524039	89.6518826
862.1283843	129.8750373
862.3043663	142.5284216
862.4803498	98.14116335
862.656335	174.8189483
862.8323217	136.7829723
863.00831	161.1880847
863.1842999	157.7125182
863.3602914	169.3144109
863.5362844	205.5023698
863.712279	121.397184
863.8882753	139.7266798
864.0642731	115.5750399
864.2402724	137.5742415
864.4162734	163.3640457
864.5922759	80.95457981
864.7682801	163.0315844
864.9442858	148.1235599
865.1202931	165.0125522
865.2963019	80.19058889
865.4723124	147.5466721
865.6483244	143.9747104
865.824338	159.4899192
866.0003533	126.8986774
866.17637	104.6395614
866.3523884	148.658082
866.5284084	132.5218448
866.7044299	167.9823214
866.880453	136.3845291
867.0564777	146.6552565
867.232504	162.0180112
867.4085318	198.0421163
867.5845613	187.1506691
867.7605923	105.2088306
867.9366249	158.169657
868.1126591	154.4718493
868.2886949	138.030128
868.4647322	108.9159803
868.6407712	125.6719143
868.8168117	147.1847368
868.9928538	189.0352768
869.1688975	173.1275164
869.3449427	100.8420155
869.5209896	91.79976896
869.697038	170.0815418
869.873088	145.0469258
870.0491396	155.2659693
870.2251928	106.1769414
870.4012476	171.7221642
870.5773039	88.79196966
870.7533618	142.7416314
870.9294214	196.203508
871.1054824	148.6871334
871.2815451	135.8370947
871.4576094	170.5320547
871.6336752	172.9122934
871.8097426	140.4347942
871.9858116	172.610236
872.1618822	136.7932504
872.3379544	130.2082404
872.5140281	161.0009332
872.6901035	168.5905489
872.8661804	212.0553435
873.0422589	156.0907039
873.2183389	240.4886021
873.3944206	164.337002
873.5705039	117.4087114
873.7465887	171.9061631
873.9226751	210.9053752
874.0987631	212.0582889
874.2748526	127.3768062
874.4509438	171.6902606
874.6270365	143.4563571
874.8031309	85.82859932
874.9792268	216.2674569
875.1553242	124.0378025
875.3314233	201.28721
875.507524	188.7168252
875.6836262	183.8174446
875.85973	180.6255991
876.0358354	155.4983032
876.2119424	193.2208313
876.3880509	155.2092643
876.5641611	188.175156
876.7402728	137.5510307
876.9163861	87.13958905
877.092501	233.5842714
877.2686175	173.6842564
877.4447355	140.1385433
877.6208552	187.9793393
877.7969764	156.3750683
877.9730992	154.9599154
878.1492236	125.8520059
878.3253495	150.5888095
878.5014771	180.3885751
878.6776062	128.9930373
878.8537369	171.3529837
879.0298692	149.2049285
879.2060031	138.7594615
879.3821386	131.2919601
879.5582756	140.5486461
879.7344142	212.1810062
879.9105544	186.0531799
880.0866962	150.2655996
880.2628396	199.1843231
880.4389845	176.0261172
880.6151311	210.3838046
880.7912792	124.0364224
880.9674289	160.8433128
881.1435802	185.212636
881.3197331	170.9283389
881.4958875	110.9349487
881.6720435	194.8247534
881.8482011	135.8701559
882.0243603	205.9844087
882.2005211	167.4670569
882.3766835	232.3986822
882.5528474	103.9774572
882.7290129	178.0582643
882.90518	130.0319468
883.0813487	230.5822418
883.257519	109.6379938
883.4336909	167.3229486
883.6098643	106.8035835
883.7860393	177.13371
883.9622159	162.2859145
884.1383941	175.9695059
884.3145739	117.987683
884.4907552	123.3234823
884.6669381	185.6609963
884.8431227	155.2414307
885.0193087	178.295719
885.1954964	160.4177845
885.3716857	102.1405296
885.5478765	146.2388741
885.724069	166.877498
885.900263	228.1191337
886.0764585	137.5043793
886.2526557	125.9085002
886.4288545	101.0016174
886.6050548	155.2277113
886.7812567	171.9094762
886.9574602	145.6250139
887.1336653	113.6604016
887.309872	169.6090555
887.4860802	169.8090769
887.66229	175.345876
887.8385015	150.2524914
888.0147145	173.1518466
888.190929	153.8993292
888.3671452	181.7862175
888.5433629	140.9427877
888.7195823	160.0051808
888.8958032	176.2929611
889.0720256	259.1657015
889.2482497	136.5672071
889.4244754	168.2649181
889.6007026	149.8900552
889.7769314	104.1156308
889.9531618	143.1507543
890.1293938	202.4318806
890.3056274	185.2154593
890.4818625	142.7347701
890.6580992	250.4162803
890.8343376	161.0082087
891.0105775	139.5359723
891.1868189	50.79569098
891.363062	214.0578949
891.5393066	103.9579343
891.7155529	209.5578556
891.8918007	142.0197018
892.06805	153.5472078
892.244301	135.8836134
892.4205536	203.4148846
892.5968077	107.5394346
892.7730634	124.3309845
892.9493207	241.0399852
893.1255796	99.79546064
893.3018401	90.8931664
893.4781021	85.12851352
893.6543657	177.2920844
893.830631	238.1026294
894.0068977	174.5509649
894.1831661	126.848964
894.3594361	114.465492
894.5357076	159.6871563
894.7119807	201.4005875
894.8882555	197.9735241
895.0645317	99.81663197
895.2408096	50.11043797
895.4170891	198.8890107
895.5933701	166.3656081
895.7696527	214.728514
895.9459369	180.0513338
896.1222227	194.3439705
896.2985101	185.8036407
896.474799	188.3661698
896.6510895	177.328475
896.8273816	117.7196909
897.0036753	176.6579423
897.1799706	181.5373841
897.3562675	205.1786342
897.5325659	170.9953285
897.7088659	216.091065
897.8851675	225.1409915
898.0614707	137.944841
898.2377755	171.7945376
898.4140818	185.3687048
898.5903898	229.5708096
898.7666993	207.3075502
898.9430104	177.5519355
899.1193231	238.7478555
899.2956373	169.0178227
899.4719532	139.2926366
899.6482706	175.7207345
899.8245896	218.9516015
